wm_pick_ticket_sk,calendar_date,calendar_period,posting_period,site_id,site_sk,pickticket_control_no,wm_warehouse_cd,warehouse_sk,pickticket_no,order_no,pickticket_order_type,shipto_customer_no,shipto_customer_name,shipto_customer_name_2,shipto_customer_address_1,shipto_customer_address_2,shipto_customer_address_3,shipto_customer_city,shipto_customer_state,shipto_customer_zip,shipto_customer_country,soldto_customer_no,soldto_customer_name,soldto_customer_addr_1,soldto_customer_addr_2,soldto_customer_addr_3,soldto_customer_city,soldto_customer_state,soldto_customer_zip,soldto_customer_telephone_no,soldto_customer_country,ar_acct_no,appointment_dt,appointment_made_by_id,chain_store_no,carrier_type,planned_load_no,planned_shipment_no,outbound_shipment_status,outbound_shipment_status_desc,pickticket_generation_dt,pickticket_print_dt,ship_dt,ship_time,pickticket_plan_no,shortage_exists_ind,all_cartons_created_for_active_cd,all_cartons_created_for_cs_pk_cd,all_cartons_created_for_bulk_cd,all_cartons_created_for_reserve_cd,hdr_pickticket_status,hdr_pickticket_status_desc,prebilling_status_cd,invoicing_status_cd,invoicing_status_desc,delivery_status_cd,pack_and_hold_flg,customer_routing_ind,route_no,route_seq_no,pickticket_estimated_weight,pickticket_actual_weight,pickticket_org_estimated_weight,estimated_cartons_qty,actual_cartons_qty,pickticket_estimated_volume,pickticket_actual_volume,pickticket_org_estimated_volume,total_pallets_qty,total_bottles_qty,trailer_no,trailer_type,trailer_size,full_or_partial_pickticket_cd,day_of_week_cd,shift_no_cd,wave_desc,market_no,route_type,salesperson_no,salesperson_first_name,salesperson_last_name,pickticket_line_no,pick_wave_no,wave_processing_type,wave_processing_type_desc,wm_item_sk,wm_item_hist_sk,otc_warehouse_no,item_no,package_barcode,inventory_allocation_type,location_area,location_zone,location_aisle,location_bay,location_level,location_position,inventory_type_cd,pick_loc_assignment_type_cd,pick_loc_assignment_type_desc,pick_determination_type_cd,pick_determination_type_desc,original_order_bottles_qty,original_pickticket_bottles_qty,actual_pcikticket_bottles_qty,shortage_bottles_qty,cancel_bottles_qty,shipped_bottles_qty,bottles_packed_qty,bottles_per_case,bottles_per_pallet,bottles_per_layer,carton_type,product_status_cd,lot_no,laid_in_price_per_bottle_amt,dtl_pickticket_status,dtl_pickticket_status_desc,customer_po_no,sap_company_cd,wm_pick_ticket_created_dt,wm_pick_ticket_created_time,wm_pick_ticket_last_modified_dt,wm_pick_ticket_last_modified_time,wm_pick_ticket_user_id,load_dt,load_id,modified_dt,modified_user,src_desc,source_system,check_sum
100656107,20240219,202402,,7001,-7001,1000000388,AGK,-960,100000000X,100000000X,DH,10000148,NEO 77814476,,4757 W PARK BLVD SUITE #106,,,PLANO,TX,75093,840,,FUZI FINE WINE,4757 W PARK BLVD SUITE #106,,,PLANO,TX,75093,9729439463,840,1000014891,20231113,,,LTL,,,20,Fully Assigned To An Outbound Shipment,20231113,20240214,20240219,160553,240214P0000,N,0,0,0,2,90,Invoiced,,2,Pickticket Completely Invoiced.,,N,N,000,0,41688.,0.,39372.,0,18,2017209.2,0.,1905523.2,0,18.,,TL,53,F,5,03,ACTIVITY 3,8700,N N,30012966,Matthew,Carruthers,3,20240214002,9,All From Reserve,21688,4685067,960,MISCNEO,MISCNEO,DAY,,,,,,,F,***,,***,,4.,4.,4.,0.,0.,4.,4.,1.,1.,1.,CT1,XDK,3772768,7920.,90,Invoiced Complete,77814476,,20240214,72137,20240219,160553,EDOBBINS,2024-07-20 14:03:28,0,2024-07-20 14:03:28,INFAJOB,WMIPHPICK_15_Adhoc_3730955_20240719125822.txt,WMI,97c419514139d13f813fcdfa02df9a82
99925571,20240315,202403,,7001,-7001,1000000550,AGK,-960,100000000X,100000000X,DH,10000148,OKT 78419948,,4757 W PARK BLVD SUITE #106,,,PLANO,TX,75093,840,,FUZI FINE WINE,4757 W PARK BLVD SUITE #106,,,PLANO,TX,75093,9729439463,840,1000014891,20231113,,,LTL,,,20,Fully Assigned To An Outbound Shipment,20231113,20240313,20240315,143828,240313P0000,N,0,0,0,2,90,Invoiced,,2,Pickticket Completely Invoiced.,,N,N,000,0,44004.,0.,0.,0,19,2129298.8,0.,0.,0,21.,,TL,53,F,5,03,ACTIVITY 3,8700,N N,30012966,Matthew,Carruthers,1,20240313007,9,All From Reserve,277894,4703699,960,MISCOKT,MISCOKT,DAY,,,,,,,F,***,,***,,18.,18.,18.,0.,1.,17.,17.,1.,1.,1.,CT1,XDK,3807070,7920.,90,Invoiced Complete,78419948,,20240313,143317,20240315,143828,EDOBBINS,2024-07-20 14:03:28,0,2024-07-20 14:03:28,INFAJOB,WMIPHPICK_15_Adhoc_3730955_20240719125822.txt,WMI,9c91df5496e579659afd78a0a9e2c12c
105279469,20240305,202403,,7001,-7001,1000000468,AGK,-960,100000000X,100000000X,DH,10000148,LAK 78253457,,4757 W PARK BLVD SUITE #106,,,PLANO,TX,75093,840,,FUZI FINE WINE,4757 W PARK BLVD SUITE #106,,,PLANO,TX,75093,9729439463,840,1000014891,20231113,,,LTL,,,20,Fully Assigned To An Outbound Shipment,20231113,20240304,20240305,144318,240304P0000,N,0,0,0,2,90,Invoiced,,2,Pickticket Completely Invoiced.,,N,N,000,0,41688.,0.,0.,0,18,2017612.8,0.,0.,0,18.,,TL,53,F,5,03,ACTIVITY 3,8700,N N,30012966,Matthew,Carruthers,2,20240304006,9,All From Reserve,65558,4734609,960,MISCLAK,MISCLAK,DAY,,,,,,,F,***,,***,,12.,12.,12.,0.,0.,12.,12.,1.,1.,1.,CT1,XDK,3795130,7920.,90,Invoiced Complete,78253457,,20240304,130208,20240305,144318,EDOBBINS,2024-07-20 14:03:28,0,2024-07-20 14:03:28,INFAJOB,WMIPHPICK_15_Adhoc_3730955_20240719125822.txt,WMI,a3ffeb8c2775cb6b42cd0727b1d04e1a
102357383,20240323,202403,,7001,-7001,1000000060,AGK,-960,100000000X,100000000X,DH,10000148,NEO 76614580,,4757 W PARK BLVD SUITE #106,,,PLANO,TX,75093,840,,FUZI FINE WINE,4757 W PARK BLVD SUITE #106,,,PLANO,TX,75093,9729439463,840,1000014891,20231113,,,LTL,,,,Not Assigned To An Outbound Shipment,20231113,0,0,0,,,,,,,99,Cancelled,,3,Pickticket Cancelled.,,N,N,000,0,0.,0.,0.,0,0,0.,0.,0.,0,28.,,TL,53,F,5,03,ACTIVITY 3,8700,N N,30012966,Matthew,Carruthers,5,,,,21688,4685067,960,MISCNEO,MISCNEO,,,,,,,,F,,,,,1.,1.,1.,0.,1.,0.,0.,1.,1.,1.,,XDK,3742231,7920.,,,76614580,,20231214,95322,20240323,140030,EUBER,2024-07-20 14:03:28,0,2024-07-20 14:03:28,INFAJOB,WMIPHPICK_15_Adhoc_3730955_20240719125822.txt,WMI,24336f6f144c44e81be590b8244126f3
103333201,20240710,202407,,7001,-7001,81174460,AGK,-960,81174460,81174460,DB,3201COLU,SOUTHERN GLAZERS OF SC,,7600 RICHARD ST,,,COLUMBIA,SC,29209,840,,SOUTHERN GLAZERS OF SC,7600 RICHARD ST,,,COLUMBIA,SC,29209,,840,3201-COLU,0,,,LTL,,,20,Fully Assigned To An Outbound Shipment,20240703,20240708,20240710,134751,240708P0000,N,0,0,0,2,90,Invoiced,,2,Pickticket Completely Invoiced.,,N,N,,0,44004.,0.,0.,0,19,2122041.6,0.,0.,0,20.,,TL,53,F,5,03,ACTIVITY 3,,N N,,,,1,20240708009,9,All From Reserve,19447,4757900,960,MISCCOL,MISCCOL,DAY,,,,,,,F,***,,***,,22.,17.,17.,0.,1.,16.,16.,1.,1.,1.,CT1,XDK,3906844,7920.,90,Invoiced Complete,81174460,,20240703,123015,20240710,134751,EDOBBINS,2024-07-20 14:03:28,0,2024-07-20 14:03:28,INFAJOB,WMIPHPICK_15_Adhoc_3730955_20240719125822.txt,WMI,9ac37b25e9970a2cfce233b9732afff2
101126369,20240104,202401,,7001,-7001,1000000167,AGK,-960,100000000X,100000000X,DH,10000148,KSE 76952716,,4757 W PARK BLVD SUITE #106,,,PLANO,TX,75093,840,,FUZI FINE WINE,4757 W PARK BLVD SUITE #106,,,PLANO,TX,75093,9729439463,840,1000014891,20231113,,,LTL,,,20,Fully Assigned To An Outbound Shipment,20231113,20240103,20240104,144123,240103P0000,N,0,0,0,2,90,Invoiced,,2,Pickticket Completely Invoiced.,,N,N,000,0,53268.,0.,0.,0,23,2574428.4,0.,0.,0,23.,,TL,53,F,5,03,ACTIVITY 3,8700,N N,30012966,Matthew,Carruthers,6,20240103007,9,All From Reserve,63609,4777766,960,MISCKSE,MISCKSE,DAY,,,,,,,F,***,,***,,1.,1.,1.,0.,0.,1.,1.,1.,1.,1.,CT1,KSE,3755566,7920.,90,Invoiced Complete,76952716,,20240103,100518,20240104,144123,EDOBBINS,2024-07-20 14:03:28,0,2024-07-20 14:03:28,INFAJOB,WMIPHPICK_15_Adhoc_3730955_20240719125822.txt,WMI,06f7e7376cb0c1af8aea178812fdd968
101669060,20231222,202312,,7001,-7001,1000000108,AGK,-960,100000000X,100000000X,DH,10000148,COL 76614563,,4757 W PARK BLVD SUITE #106,,,PLANO,TX,75093,840,,FUZI FINE WINE,4757 W PARK BLVD SUITE #106,,,PLANO,TX,75093,9729439463,840,1000014891,20231113,,,LTL,,,20,Fully Assigned To An Outbound Shipment,20231113,20231222,20231222,160412,231222P0000,N,0,0,0,2,90,Invoiced,,2,Pickticket Completely Invoiced.,,N,N,000,0,50952.,50952.,0.,0,22,2465971.2,0.,0.,0,22.,,TL,53,F,5,03,ACTIVITY 3,8700,N N,30012966,Matthew,Carruthers,5,20231222008,9,All From Reserve,19447,4757900,960,MISCCOL,MISCCOL,DAY,,,,,,,F,***,,***,,2.,2.,2.,0.,0.,2.,2.,1.,1.,1.,CT1,COL,3722302,7920.,90,Invoiced Complete,76614563,,20231222,100449,20231222,160412,EUBER,2024-07-20 14:03:28,0,2024-07-20 14:03:28,INFAJOB,WMIPHPICK_15_Adhoc_3730955_20240719125822.txt,WMI,2675d24c88639ec77f28aa5057c5ce49
99150119,20240320,202403,,7001,-7001,1000000564,AGK,-960,100000000X,100000000X,DH,10000148,HIC 78548771,,4757 W PARK BLVD SUITE #106,,,PLANO,TX,75093,840,,FUZI FINE WINE,4757 W PARK BLVD SUITE #106,,,PLANO,TX,75093,9729439463,840,1000014891,20231113,,,LTL,,,20,Fully Assigned To An Outbound Shipment,20231113,20240315,20240320,133407,240315P0000,N,0,0,0,2,90,Invoiced,,2,Pickticket Completely Invoiced.,,N,N,000,0,50952.,0.,0.,0,22,2465971.2,0.,0.,0,22.,,TL,53,F,5,03,ACTIVITY 3,8700,N N,30012966,Matthew,Carruthers,2,20240315004,9,All From Reserve,63782,4715579,960,MISCHIC,MISCHIC,DAY,,,,,,,F,***,,***,,17.,17.,17.,0.,0.,17.,17.,1.,1.,1.,CT1,XDK,3825762,7920.,90,Invoiced Complete,78548771,,20240315,133212,20240320,133407,EDOBBINS,2024-07-20 14:03:28,0,2024-07-20 14:03:28,INFAJOB,WMIPHPICK_15_Adhoc_3730955_20240719125822.txt,WMI,e967adc401392dc5db0f8fa8f5c85b90
106257770,20240508,202405,,7001,-7001,79784762,AGK,-960,79784762,79784762,DB,6601LIHU,SOUTHERN GLAZERS OF HI -LIHU,,1556 HALEUKANA ST,,,"LIHUE, KAUAI",HI,96766,840,,SOUTHERN GLAZERS OF HI -LIHU,1556 HALEUKANA ST,,,"LIHUE, KAUAI",HI,96766,,840,6601-LIHU,0,,,LTL,,,20,Fully Assigned To An Outbound Shipment,20240506,20240507,20240508,133552,240507P0000,N,0,0,0,2,90,Invoiced,,2,Pickticket Completely Invoiced.,,N,N,,0,69480.,0.,0.,0,30,3353817.2,0.,0.,0,30.,,TL,53,F,5,03,ACTIVITY 3,,N N,,,,8,20240507001,9,All From Reserve,40612,4689091,960,MISCHIK,MISCHIK,DAY,,,,,,,F,***,,***,,22.,1.,1.,0.,0.,1.,1.,1.,1.,1.,CT1,XDK,3871645,7920.,90,Invoiced Complete,79784762,,20240506,145550,20240508,133552,EDOBBINS,2024-07-20 14:03:28,0,2024-07-20 14:03:28,INFAJOB,WMIPHPICK_15_Adhoc_3730955_20240719125822.txt,WMI,38154cfa3781c2b28413e9e8f1a55dfd
102537922,20240226,202402,,7001,-7001,1000000428,AGK,-960,100000000X,100000000X,DH,10000148,NVS 78117484,,4757 W PARK BLVD SUITE #106,,,PLANO,TX,75093,840,,FUZI FINE WINE,4757 W PARK BLVD SUITE #106,,,PLANO,TX,75093,9729439463,840,1000014891,20231113,,,LTL,,,20,Fully Assigned To An Outbound Shipment,20231113,20240226,20240226,144953,240226P0000,N,0,0,0,2,90,Invoiced,,2,Pickticket Completely Invoiced.,,N,N,000,0,46320.,0.,0.,0,20,2241792.,0.,0.,0,20.,,TL,53,F,5,03,ACTIVITY 3,8700,N N,30012966,Matthew,Carruthers,3,20240226001,9,All From Reserve,59444,4742867,960,MISCNVS,MISCNVS,DAY,,,,,,,F,***,,***,,5.,5.,5.,0.,0.,5.,5.,1.,1.,1.,CT1,XDK,3779970,7920.,90,Invoiced Complete,78117484,,20240226,71941,20240226,144953,EDOBBINS,2024-07-20 14:03:28,0,2024-07-20 14:03:28,INFAJOB,WMIPHPICK_15_Adhoc_3730955_20240719125822.txt,WMI,7064931a2c22e66ca61c295f69cc55a8
98890173,20240312,202403,,7001,-7001,1000000520,AGK,-960,100000000X,100000000X,DH,10000148,OHC/NYU 78316397,,4757 W PARK BLVD SUITE #106,,,PLANO,TX,75093,840,,FUZI FINE WINE,4757 W PARK BLVD SUITE #106,,,PLANO,TX,75093,9729439463,840,1000014891,20231113,,,LTL,,,20,Fully Assigned To An Outbound Shipment,20231113,20240311,20240312,135512,240311P0000,N,0,0,0,2,90,Invoiced,,2,Pickticket Completely Invoiced.,,N,N,000,0,53268.,0.,0.,0,23,2578060.8,0.,0.,0,23.,,TL,53,F,5,03,ACTIVITY 3,8700,N N,30012966,Matthew,Carruthers,5,20240311005,9,All From Reserve,83162,4684218,960,MISCNYU,MISCNYU,DAY,,,,,,,F,***,,***,,5.,5.,5.,0.,0.,5.,5.,1.,1.,1.,CT1,XDK,3788003,7920.,90,Invoiced Complete,78316397,,20240311,144210,20240312,135512,EDOBBINS,2024-07-20 14:03:28,0,2024-07-20 14:03:28,INFAJOB,WMIPHPICK_15_Adhoc_3730955_20240719125822.txt,WMI,0eb2c2155ddd01a3416c6caf59fd7583
103298680,20240205,202402,,7001,-7001,1000000324,AGK,-960,100000000X,100000000X,DH,10000148,ARL/TEN 77380399,,4757 W PARK BLVD SUITE #106,,,PLANO,TX,75093,840,,FUZI FINE WINE,4757 W PARK BLVD SUITE #106,,,PLANO,TX,75093,9729439463,840,1000014891,20231113,,,LTL,,,20,Fully Assigned To An Outbound Shipment,20231113,20240201,20240205,152318,240201P0000,N,0,0,0,2,90,Invoiced,,2,Pickticket Completely Invoiced.,,N,N,000,0,50952.,0.,0.,0,22,2465971.2,0.,0.,0,22.,,TL,53,F,5,03,ACTIVITY 3,8700,N N,30012966,Matthew,Carruthers,4,20240201012,9,All From Reserve,51781,4696109,960,MISCARL,MISCARL,DAY,,,,,,,F,***,,***,,1.,1.,1.,0.,0.,1.,1.,1.,1.,1.,CT1,XDK,3772131,7920.,90,Invoiced Complete,77380399,,20240201,135135,20240205,152318,EDOBBINS,2024-07-20 14:03:28,0,2024-07-20 14:03:28,INFAJOB,WMIPHPICK_15_Adhoc_3730955_20240719125822.txt,WMI,8c70be9aa383fe66e0ae3cd065a6c71f
100941582,20240611,202406,,7001,-7001,80481904,AGK,-960,80481904,80481904,DB,87021000,SOUTHERN GLAZER'S OF TX W 512532,,525 CANE ISLAND PARKWAY,,,KATY,TX,77494,840,,SOUTHERN GLAZER'S OF TX W 512532,525 CANE ISLAND PARKWAY,,,KATY,TX,77494,,840,8702-1000,0,,,LTL,,,20,Fully Assigned To An Outbound Shipment,20240605,20240606,20240611,152848,240606P0000,N,0,0,0,2,90,Invoiced,,2,Pickticket Completely Invoiced.,,N,N,,0,64848.,0.,0.,0,28,3130041.6,0.,0.,0,28.,,TL,53,F,5,03,ACTIVITY 3,,N N,,,,4,20240606002,9,All From Reserve,1844196,4724186,960,MISCTXH,MISCTXH,DAY,,,,,,,F,***,,***,,22.,2.,2.,0.,0.,2.,2.,1.,1.,1.,CT1,XDK,3892471,7920.,90,Invoiced Complete,80481904,,20240605,114321,20240611,152848,EDOBBINS,2024-07-20 14:03:28,0,2024-07-20 14:03:28,INFAJOB,WMIPHPICK_15_Adhoc_3730955_20240719125822.txt,WMI,e446adf49cf6e9f77462b4fa1b2ed9b9
102239808,20240314,202403,,7001,-7001,1000000528,AGK,-960,100000000X,100000000X,DH,10000148,WAP/ORE 78348612,,4757 W PARK BLVD SUITE #106,,,PLANO,TX,75093,840,,FUZI FINE WINE,4757 W PARK BLVD SUITE #106,,,PLANO,TX,75093,9729439463,840,1000014891,20231113,,,LTL,,,20,Fully Assigned To An Outbound Shipment,20231113,20240312,20240314,150039,240312P0000,N,0,0,0,2,90,Invoiced,,2,Pickticket Completely Invoiced.,,N,N,000,0,53268.,0.,0.,0,23,2578060.8,0.,0.,0,23.,,TL,53,F,5,03,ACTIVITY 3,8700,N N,30012966,Matthew,Carruthers,2,20240312007,9,All From Reserve,1532848,4724515,960,MISCWAP,MISCWAP,DAY,,,,,,,F,***,,***,,1.,1.,1.,0.,0.,1.,1.,1.,1.,1.,CT1,XDK,3817899,7920.,90,Invoiced Complete,78348612,,20240312,110901,20240314,150039,EDOBBINS,2024-07-20 14:03:28,0,2024-07-20 14:03:28,INFAJOB,WMIPHPICK_15_Adhoc_3730955_20240719125822.txt,WMI,2af51cc87b4d39b8fcde6a8d21e73011
110901524,20240731,202407,,7001,-7001,8TQ000002A,AGK,-960,8TQ000002A,8TQ000002A,DH,8TQ000GJ,SOUTHERN GLAZERS WINE AND SPIRIT-MN,,3350 4TH AVENUE EAST,,,SHAKOPEE,MN,55379,840,,SOUTHERN GLAZERS WINE AND SPIRIT-MN,P O  BOX 279250,,,MIRAMAR,FL,33027,,840,,0,,,LTL,,,20,Fully Assigned To An Outbound Shipment,20240726,20240726,20240731,124408,240726P0000,N,0,0,0,2,90,Invoiced,,2,Pickticket Completely Invoiced.,,N,N,,0,60.65,60.65,0.,0,3,23885.568,0.,0.,0,969.,,TL,53,F,5,01,ACTIVITY 1,,,,,,1,20240726014,9,All From Reserve,28075,4727650,960,8TQ00008,8TQ00008,DAY,,,,,,,F,***,,***,,960.,960.,960.,0.,0.,960.,960.,6.,480.,120.,CT1,8TQ,*,1.,90,Invoiced Complete,3957826,,20240726,154702,20240731,124408,ZNOEFL,2024-07-27 13:18:21,0,2024-08-01 13:18:04,INFAJOB,WMIPHPICK_15_AGK_3752909_20240727080041.txt,WMI,0cfc372d5bddcad590772a49fb0a39e3
128004586,20240731,202407,,7001,-7001,8TQ0000023,AGK,-960,8TQ0000023,8TQ0000023,DH,8TQ000GE,SOUTHERN GLAZER WINES AND SPIRIT-CO,,22800 EAST 19TH AVENUE,,,AURORA,CO,80019,840,,SOUTHERN GLAZER WINES AND SPIRIT-CO,COLORADO DIVISION,,,MIRAMAR,FL,33027,,840,,0,,,LTL,,,20,Fully Assigned To An Outbound Shipment,20240726,20240726,20240731,124123,240726P0000,N,0,0,0,2,90,Invoiced,,2,Pickticket Completely Invoiced.,,N,N,,0,435.,435.,0.,0,3,123782.4,0.,0.,0,1080.,,TL,53,F,5,01,ACTIVITY 1,,,,,,2,20240726013,9,All From Reserve,86312,4692978,960,8TQ0000A,8TQ0000A,DAY,,,,,,,F,***,,***,,120.,120.,120.,0.,0.,120.,120.,6.,480.,120.,CT1,8TQ,*,1.,90,Invoiced Complete,3957827,,20240726,134725,20240731,124123,ZNOEFL,2024-07-27 13:18:21,0,2024-08-01 13:18:04,INFAJOB,WMIPHPICK_15_AGK_3752909_20240727080041.txt,WMI,9e0d46c722573876636f5de133bfd190
103302080,20240813,202408,,7001,-7001,81958880,AGK,-960,81958880,81958880,DB,7601BULK,SOUTHERN GLAZER'S OF NM,,123 MONTANO RD NW,,,ALBUQUERQUE,NM,87107,840,,SOUTHERN GLAZER'S OF NM,123 MONTANO RD NW,,,ALBUQUERQUE,NM,87107,,840,7601-BULK,0,,,LTL,,,20,Fully Assigned To An Outbound Shipment,20240807,20240809,20240813,103658,240809P0000,N,0,0,0,2,90,Invoiced,,2,Pickticket Completely Invoiced.,,N,N,,0,62532.,0.,0.,0,27,3021580.8,0.,0.,0,27.,,TL,53,F,5,03,ACTIVITY 3,,N N,,,,6,20240809001,9,All From Reserve,279412,4668952,960,MISCALB,MISCALB,DAY,,,,,,,F,***,,***,,22.,1.,1.,0.,0.,1.,1.,1.,1.,1.,CT1,XDK,3934078,7920.,90,Invoiced Complete,81958880,,20240807,171537,20240813,103658,KRENO,2024-08-08 13:25:10,0,2024-08-14 13:20:46,INFAJOB,WMIPHPICK_15_AGK_3786520_20240808080044.txt,WMI,3756325822e6cde73bbd6f27ea4ad6c3
99597358,20240723,202407,,7001,-7001,80937666,AGK,-960,80937666,80937666,DB,85011000,SOUTHERN GLAZER'S OF OK,,315 S 85TH E AVE,,,TULSA,OK,74112,840,,SOUTHERN GLAZER'S OF OK,315 S 85TH E AVE,,,TULSA,OK,74112,,840,8501-1000,0,,,LTL,,,20,Fully Assigned To An Outbound Shipment,20240624,20240703,20240723,142411,240703P0000,N,0,0,0,2,90,Invoiced,,2,Pickticket Completely Invoiced.,,N,N,,0,62532.,62532.,0.,0,27,3015532.8,0.,0.,0,27.,,TL,53,F,5,03,ACTIVITY 3,,N N,,,,3,20240703011,9,All From Reserve,51781,4696109,960,MISCARL,MISCARL,DAY,,,,,,,F,***,,***,,22.,2.,2.,0.,0.,2.,2.,1.,1.,1.,CT1,XDK,3906478,7920.,90,Invoiced Complete,80937666,,20240624,161905,20240723,142411,KRENO,2024-07-20 14:03:28,0,2024-08-17 15:19:58,INFAJOB,WMIPHPICK_15_Adhoc_3730955_20240719125822.txt,WMI,18212da6b39ed697331a96b05dac8596
117354093,20240923,202409,,7001,-7001,82776585,AGK,-960,82776585,82776585,DB,3501BOLI,SOUTHERN GLAZER'S OF IL,,300 EAST CROSSROADS PARKWAY,,,BOLINGBROOK,IL,60440,840,,SOUTHERN GLAZER'S OF IL,300 EAST CROSSROADS PARKWAY,,,BOLINGBROOK,IL,60440,,840,3501-BOLI,0,,,LTL,,,20,Fully Assigned To An Outbound Shipment,20240913,20240916,20240923,100204,240916P0000,N,0,0,0,2,90,Invoiced,,2,Pickticket Completely Invoiced.,,N,N,,0,2316.,0.,0.,0,1,111686.4,0.,0.,0,1.,,TL,53,F,5,03,ACTIVITY 3,,N N,,,,2,20240916002,9,All From Reserve,12366744,4654623,960,MISCBOL,MISCBOL,DAY,,,,,,,F,***,,***,,22.,1.,1.,0.,0.,1.,1.,1.,1.,1.,CT1,XDK,3937645,7920.,90,Invoiced Complete,82776585,,20240913,131929,20240923,100204,KRENO,2024-09-12 22:18:56,0,2024-09-23 22:20:26,INFAJOB,WMIPHPICK_15_AGK_3886897_20240912160032.txt,WMI,7a8adb807f805ee194ee5b1e95a808ac
132803469,20240926,202409,,7001,-7001,82705049,AGK,-960,82705049,82705049,DB,2201LOUI,SOUTHERN GLAZER'S OF KY,,2801 CONSTANT COMMENT PLACE,,,LOUISVILLE,KY,40299,840,,SOUTHERN GLAZER'S OF KY,2801 CONSTANT COMMENT PLACE,,,LOUISVILLE,KY,40299,,840,2201-LOUI,0,,,LTL,,,20,Fully Assigned To An Outbound Shipment,20240923,20240924,20240926,103631,240924P0000,N,0,0,0,2,90,Invoiced,,2,Pickticket Completely Invoiced.,,N,N,,0,2316.,0.,0.,0,1,111686.4,0.,0.,0,1.,,TL,53,F,5,03,ACTIVITY 3,,N N,,,,3,20240924003,9,All From Reserve,10615876,4699314,960,MISCLOU,MISCLOU,DAY,,,,,,,F,***,,***,,22.,1.,1.,0.,0.,1.,1.,1.,1.,1.,CT1,XDK,3986815,7920.,90,Invoiced Complete,82705049,,20240923,145458,20240926,103631,ZMAERZ,2024-09-10 22:20:09,0,2024-09-26 22:20:44,INFAJOB,WMIPHPICK_15_AGK_3880475_20240910160031.txt,WMI,b6538fa36c5c594e17fc587ab1b055d5
142328453,20241014,202410,,7001,-7001,8TQ0000056,AGK,-960,8TQ0000056,8TQ0000056,DH,8TQ000FB,SOUTHERN GLAZERS W AND S - TEXAS,,15245 HERITAGE PARKWAY,,,FORT WORTH,TX,76177,840,,SOUTHERN GLAZERS W AND S - TEXAS,P.O. BOX 279250,,,MIRAMAR,FL,33027,,840,,0,,,LTL,,,20,Fully Assigned To An Outbound Shipment,20241003,20241003,20241014,93456,241003P0000,N,0,0,0,2,90,Invoiced,,2,Pickticket Completely Invoiced.,,N,N,8TQ0000056,1,16912.05,16912.05,0.,0,11,1055445.12,0.,0.,0,5472.,,TL,53,F,5,01,ACTIVITY 1,,,,,,1,20241003010,9,All From Reserve,108226,4718613,960,8TQ00009,8TQ00009,DAY,,,,,,,F,***,,***,,3840.,3840.,3840.,0.,0.,3840.,3840.,6.,480.,120.,CT1,8TQ,*,1.,90,Invoiced Complete,4009289,,20241003,134655,20241014,93456,ZNOEFL,2024-10-03 22:23:35,0,2024-10-14 22:18:56,INFAJOB,WMIPHPICK_15_AGK_3943353_20241003160036.txt,WMI,076a44e372bc9a71ffa5c8e1e58a3bcd
144971615,20241017,202410,,7002,-7002,SAB0000022,AGC,-961,SAB0000022,SAB0000022,DH,SAB000A4,SOUTHERN GLAZERS W AND S - TEXAS,,15245 HERITAGE PARKWAY,,,FORT WORTH,TX,76177,840,,SOUTHERN GLAZERS W AND S - TEXAS,P.O. BOX 279250,,,MIRAMAR,FL,33027,,840,,0,,,LTL,,,20,Fully Assigned To An Outbound Shipment,20241008,20241011,20241017,101929,241011P0000,N,0,0,0,2,90,Invoiced,,2,Pickticket Completely Invoiced.,,N,N,SAB0000022,1,32948.35904,32948.35904,5510.,0,5,329123.872,0.,238621.6,0,10176.,,TL,53,F,5,01,ACTIVITY 1,,,,,,2,20241011032,9,All from Reserve,428853,5436202,961,SAB0000F,SAB0000F,DAY,,,,,,,F,***,,***,,1680.,1680.,1680.,0.,0.,1680.,1680.,12.,1680.,240.,CT1,SAB,*,1.,90,Invoiced Complete,4018997,,20241008,154648,20241017,101929,ESOLORZANO,2024-10-09 01:25:25,0,2024-10-18 02:04:28,INFAJOB,WMIPHPICK_15_AGC_3957713_20241008190034.txt,WMI,093bd405060e66b93a6ffc91b8db2ae0
214330147,20241127,202411,,7002,-7002,HI7518812,AGC,-961,HI7518812,HI7518812,DB,332,SGWS KAUAI WHSE 5,SGWS KAUAI WHSE 5,1556 HALEUKANA ST,,,LIHUE,HI,96766,840,,SGWS KAUAI WHSE 5,1556 HALEUKANA ST,,,LIHUE,HI,96766,8082452999,840,HI0000332,20241122,,,LTL,,,,Not Assigned To An Outbound Shipment,20241120,0,20241127,0,,,,,,,99,Cancelled,,3,Pickticket Cancelled.,,Y,N,07518812,1,0.,0.,0.,0,0,0.,0.,0.,0,6690.,,TL,53,F,0,,,6600,N N,,,,24,,,,9365469,8716983,961,536437,536437,,,,,,,,F,,,,,72.,72.,72.,0.,72.,0.,0.,12.,0.,0.,,HIC,*,975.84,,,,6600,20241120,155638,20241127,161308,EUBER,2024-11-21 02:18:17,0,2024-12-02 02:16:15,INFAJOB,WMIPHPICK_15_AGC_4104973_20241120190035.txt,WMI,53d14d2e9b613ec1c15e4f5248571707
141068099,20241212,202412,,7001,-7001,SC7504399,AGK,-960,SC7504399,SC7504399,DB,9014,SGWS - SOUTH CAROLINA,SGWS - SOUTH CAROLINA,7600 RICHARD STREET,,,COLUMBIA,SC,29202,840,,SGWS - SOUTH CAROLINA,7600 RICHARD STREET,,,COLUMBIA,SC,29202,8036951630,840,SC0009014,20241209,,,LTL,,,20,Fully Assigned To An Outbound Shipment,20241204,20241210,20241212,132032,241210P0000,N,0,0,0,2,90,Invoiced,,2,Pickticket Completely Invoiced.,,N,N,07504399,1,30553.7,0.,0.,0,29,2668740.48,0.,0.,0,41364.,,TL,53,F,5,02,ACTIVITY 2,3200,N N,,,,2,20241210004,9,All From Reserve,10644671,8021615,960,948399,948399,DAY,,,,,,,F,***,,***,,13728.,13728.,13728.,0.,0.,13728.,13728.,48.,6864.,624.,CT1,COL,*,14586.,90,Invoiced Complete,4075101,3200,20241204,174704,20241212,132032,ZMAERZ,2024-12-04 23:20:02,0,2024-12-12 23:20:48,INFAJOB,WMIPHPICK_15_AGK_4149553_20241204160037.txt,WMI,2da9a64327c164a20508ebfb1be23136
157824982,20250102,202501,,7001,-7001,KY7505359,AGK,-960,KY7505359,KY7505359,DB,1,SGWS KY LOUISVILLE,SGWS KY LOUISVILLE,2801 CONSTANT COMMENT PLACE,,,LOUISVILLE,KY,40299,840,,SGWS KY LOUISVILLE,2801 CONSTANT COMMENT PLACE,,,LOUISVILLE,KY,40299,5022976000,840,KY0000001,20241213,,,LTL,,,20,Fully Assigned To An Outbound Shipment,20241209,20241230,20250102,105755,241230P0000,N,0,0,0,2,90,Invoiced,,2,Pickticket Completely Invoiced.,,N,N,07505359,1,6329.05,0.,0.,0,13,1359198.8,0.,0.,0,7308.,,TL,53,F,5,02,ACTIVITY 2,2200,N N,,,,3,20241230005,9,All From Reserve,75963,7394434,960,59572,59572,DAY,,,,,,,F,***,,***,,360.,360.,360.,0.,0.,360.,360.,6.,360.,120.,CT1,LOU,*,2468.4,90,Invoiced Complete,4078682,2200,20241209,183303,20250102,105755,ZMAERZ,2024-12-10 23:20:19,0,2025-01-02 23:25:26,INFAJOB,WMIPHPICK_15_AGK_4164654_20241210020019.txt,WMI,e2c6a2173d2bec8ff1fd072ad21f4aa7
164180575,20250102,202501,,7002,-7002,FAB000000R,AGC,-961,FAB000000R,FAB000000R,DH,FAB0000F,Arkansas Wine &  Spirits,,1900 E. 15th Street,,,Little Rock,AR,72202,840,,Arkansas Wine &  Spirits,1900 E. 15th Street,,,Little Rock,AR,72202,479-422-4588,840,,0,,,LTL,,,20,Fully Assigned To An Outbound Shipment,20241220,20241220,20250102,123246,241220P0000,N,0,0,0,2,90,Invoiced,,2,Pickticket Completely Invoiced.,,N,N,FAB000000R,1,56.,56.,0.,0,2,76.,0.,0.,0,672.,,TL,53,F,5,01,ACTIVITY 1,,,,,,1,20241220003,9,All from Reserve,133927,7791100,961,FAB00003,FAB00003,DAY,,,,,,,F,***,,***,,672.,672.,672.,0.,0.,672.,672.,12.,1.,1.,CT1,FAB,*,132.,90,Invoiced Complete,BB121024,,20241220,144409,20250102,123246,ESOLORZANO,2024-12-21 03:20:52,0,2025-01-03 03:03:14,INFAJOB,WMIPHPICK_15_AGC_4196893_20241220190037.txt,WMI,6e5a2fc705a674fed2552601e7ee3dd5
155690572,20250107,202501,,7001,-7001,CSG0000004,AGK,-960,CSG0000004,CSG0000004,DH,CSG00003,Southern Glazer's - IL,,300 East Crossroads Parkway,,,Bolingbrook,IL,60440,840,,Southern Glazer's - IL,300 East Crossroads Parkway,,,Bolingbrook,IL,60440,,840,,0,,,LTL,,,20,Fully Assigned To An Outbound Shipment,20241218,20250102,20250107,120825,250102P0000,N,0,0,0,2,90,Invoiced,,2,Pickticket Completely Invoiced.,,N,N,CSG0000004,1,9125.3,9125.3,0.,0,13,313434.938,0.,0.,0,1902.,,TL,53,F,5,01,ACTIVITY 1,,,,,,7,20250102015,9,All From Reserve,164963,9704726,960,CSG00007,CSG00007,DAY,,,,,,,F,***,,***,,60.,60.,60.,0.,0.,60.,60.,6.,624.,156.,CT1,CSG,*,80.,90,Invoiced Complete,4085213,,20250102,93625,20250107,120825,KRENO,2025-01-02 23:25:26,0,2025-01-07 23:23:24,INFAJOB,WMIPHPICK_15_AGK_4234342_20250102160037.txt,WMI,837fd9ac0a678675d37d6f97de3f73c6
152002947,20250115,202501,,7001,-7001,SC7504389,AGK,-960,SC7504389,SC7504389,DB,9014,SGWS - SOUTH CAROLINA,SGWS - SOUTH CAROLINA,7600 RICHARD STREET,,,COLUMBIA,SC,29202,840,,SGWS - SOUTH CAROLINA,7600 RICHARD STREET,,,COLUMBIA,SC,29202,8036951630,840,SC0009014,20241202,,,LTL,,,20,Fully Assigned To An Outbound Shipment,20241126,20241210,20250115,152816,241210P0000,N,0,0,0,2,90,Invoiced,,2,Pickticket Completely Invoiced.,,N,N,07504389,1,12952.8,519.2,0.,0,24,1199022.485,0.,0.,0,17094.,,TL,53,F,5,02,ACTIVITY 2,3200,N N,,,,5,20241210017,9,All From Reserve,91899,7932615,960,948385,948385,DAY,,,,,,,F,***,,***,,2592.,2592.,2592.,0.,0.,2592.,2592.,12.,1296.,216.,CT1,COL,*,13100.4,90,Invoiced Complete,4070161,3200,20241126,104055,20250115,152816,KRENO,2024-11-26 23:22:31,0,2025-01-15 23:20:47,INFAJOB,WMIPHPICK_15_AGK_4121317_20241126160036.txt,WMI,42ef897ddb15a530c77f20e71fe0cb46
142338401,20241104,202411,,7002,-7002,HI7518575,AGC,-961,HI7518575,HI7518575,DB,330,SGWS MAUI WHSE 3,SGWS MAUI WHSE 3,231 LALO PLACE,,,KAHULUI,HI,96732,840,,SGWS MAUI WHSE 3,231 LALO PLACE,,,KAHULUI,HI,96732,8088718406,840,HI0000330,20241025,,,LTL,,,20,Fully Assigned To An Outbound Shipment,20241016,20241101,20241104,175502,241101P0000,N,0,0,0,2,90,Invoiced,,2,Pickticket Completely Invoiced.,,N,N,07518575,1,7411.,7411.,0.,0,30,427256.514,0.,0.,0,3418.,,TL,53,F,5,02,ACTIVITY 2,6600,N N,,,,18,20241101003,9,All from Reserve,2142438,9053769,961,618602,618602,DAY,,,,,,,F,***,,***,,96.,96.,96.,0.,0.,96.,96.,12.,1.,1.,CT1,HIC,*,2454.64,90,Invoiced Complete,4031137,6600,20241016,144607,20241104,175502,LKOESTERS,2024-10-17 01:22:45,0,2025-01-17 04:01:31,INFAJOB,WMIPHPICK_15_AGC_3981008_20241016190034.txt,WMI,f33c317eba903117a3c5dcc9c3cb1ccd
166120283,20241108,202411,,7002,-7002,HI7518532,AGC,-961,HI7518532,HI7518532,DB,330,SGWS MAUI WHSE 3,SGWS MAUI WHSE 3,231 LALO PLACE,,,KAHULUI,HI,96732,840,,SGWS MAUI WHSE 3,231 LALO PLACE,,,KAHULUI,HI,96732,8088718406,840,HI0000330,20241012,,,LTL,,,20,Fully Assigned To An Outbound Shipment,20241008,20241016,20241108,165903,241016P0000,N,0,0,0,2,90,Invoiced,,2,Pickticket Completely Invoiced.,,N,N,07518532,1,10226.75,10226.75,0.,0,12,551572.698,0.,0.,0,4112.,,TL,53,F,5,02,ACTIVITY 2,6600,N N,,,,13,20241016028,9,All from Reserve,12632987,9832874,961,631823,631823,DAY,,,,,,,F,***,,***,,96.,96.,96.,0.,0.,96.,96.,12.,600.,120.,CT1,HIC,*,781.2,90,Invoiced Complete,4023224,6600,20241008,141943,20241108,165903,LKOESTERS,2024-10-09 01:25:25,0,2025-01-17 04:01:31,INFAJOB,WMIPHPICK_15_AGC_3957713_20241008190034.txt,WMI,85c39fab61b7bf5f3156aa072ff7be0f
144882609,20241115,202411,,7002,-7002,HI7518707,AGC,-961,HI7518707,HI7518707,DB,330,SGWS MAUI WHSE 3,SGWS MAUI WHSE 3,231 LALO PLACE,,,KAHULUI,HI,96732,840,,SGWS MAUI WHSE 3,231 LALO PLACE,,,KAHULUI,HI,96732,8088718406,840,HI0000330,20241108,,,LTL,,,20,Fully Assigned To An Outbound Shipment,20241106,20241111,20241115,130801,241111P0000,N,0,0,0,2,90,Invoiced,,2,Pickticket Completely Invoiced.,,N,N,07518707,1,30449.61,30449.61,0.,0,61,1851798.212,0.,0.,0,12276.,,TL,53,F,5,02,ACTIVITY 2,6600,N N,,,,51,20241111031,9,All from Reserve,12684187,9273569,961,994870,994870,DAY,,,,,,,F,***,,***,,192.,192.,192.,0.,0.,192.,192.,6.,384.,96.,CT1,HIC,*,1442.88,90,Invoiced Complete,4050854,6600,20241106,165322,20241115,130801,ESOLORZANO,2024-11-07 02:36:12,0,2025-01-17 04:01:31,INFAJOB,WMIPHPICK_15_AGC_4064351_20241106190037.txt,WMI,f05fe5d3373fc8402050bc711cdbf48a
141561149,20241118,202411,,7002,-7002,CO7508375,AGC,-961,CO7508375,CO7508375,DB,21786,SGWS COLORADO AURORA WHSE,SGWS COLORADO AURORA WHSE,22800 E 19TH AVE,,,AURORA,CO,80019,840,,SGWS COLORADO AURORA WHSE,22800 E 19TH AVE,,,AURORA,CO,80019,3032921711,840,CO0021786,20241104,,,LTL,,,20,Fully Assigned To An Outbound Shipment,20241030,20241111,20241118,102753,241111P0000,N,0,0,0,2,90,Invoiced,,2,Pickticket Completely Invoiced.,,N,N,07508375,1,825.,825.,0.,0,2,75075.264,0.,0.,0,528.,,TL,53,F,5,02,ACTIVITY 2,7800,N N,,,,1,20241111026,9,All from Reserve,101280,9788528,961,638086,638086,DAY,,,,,,,F,***,,***,,528.,528.,528.,0.,0.,528.,528.,12.,672.,168.,CT1,COA,*,10560.,90,Invoiced Complete,4043506,7800,20241030,143333,20241118,102753,EUBER,2024-10-31 01:36:43,0,2025-01-17 04:01:31,INFAJOB,WMIPHPICK_15_AGC_4043934_20241030190037.txt,WMI,82ebe2fdc0bb39dc3336615db4c777a0
129783168,20240918,202409,,7002,-7002,8024736789,AGC,-961,8024736789,8024736789,DH,9501,SGWS - Missouri Kansas City,,6201 Stilwell St,,,Kansas City,MO,64120-1273,840,,SGWS - Missouri Kansas City,6201 Stilwell St,,,Kansas City,MO,64120-1273,,840,9501,20240916,,,LTL,,,20,Fully Assigned To An Outbound Shipment,20240916,20240917,20240918,155755,240917P0000,N,0,0,0,2,90,Invoiced,,2,Pickticket Completely Invoiced.,,N,N,000,0,37547.15,37547.15,0.,0,23,1943299.708,0.,0.,0,14316.,,TL,53,P,5,02,ACTIVITY 2,9500,N N,,,,20,20240917007,9,All from Reserve,192375,9897566,961,593958,593958,DAY,,,,,,,F,***,,***,,10752.,10752.,10752.,0.,0.,10752.,10752.,12.,672.,168.,CT1,MOR,,47.02,90,Invoiced Complete,3998043,9500,20240911,123031,20240918,155755,JLUNA,2024-09-12 01:45:12,0,2025-01-17 04:01:31,INFAJOB,WMIPHPICK_15_AGC_3884351_20240911190032.txt,WMI,a657cacf635cceb31260fe4a1129ceab
172295862,20250129,202501,,7001,-7001,85479181,AGK,-960,85479181,85479181,DB,5601BULK,SOUTHERN GLAZER'S OF ND,,3350 4TH AVENUE EAST,,,SHAKOPEE,MN,55379,840,,SOUTHERN GLAZER'S OF ND,3350 4TH AVENUE EAST,,,SHAKOPEE,MN,55379,,840,5601-BULK,0,,,LTL,,,20,Fully Assigned To An Outbound Shipment,20250114,20250127,20250129,154048,250127P0000,N,0,0,0,2,90,Invoiced,,2,Pickticket Completely Invoiced.,,N,N,,0,34740.,0.,0.,0,15,1675296.,0.,0.,0,15.,,TL,53,F,5,03,ACTIVITY 3,,N N,,,,1,20250127009,9,All From Reserve,90516,4663337,960,MISCMIN,MISCMIN,DAY,,,,,,,F,***,,***,,22.,6.,6.,0.,0.,6.,6.,1.,1.,1.,CT1,XDK,4087177,7920.,90,Invoiced Complete,85479181,,20250114,82646,20250129,154048,ZMAERZ,2025-01-14 23:20:08,0,2025-01-29 23:21:00,INFAJOB,WMIPHPICK_15_AGK_4268238_20250114160036.txt,WMI,fa5bb2a86d045bee77c69984ee03d659
170754925,20250206,202502,,7001,-7001,85694660,AGK,-960,85694660,85694660,DB,93011000,SOUTHERN GLAZERS OF AR 06379,,11101 SMITTY LANE,,,NORTH LITTLE ROCK,AR,721175390,840,,SOUTHERN GLAZERS OF AR 06379,11101 SMITTY LANE,,,NORTH LITTLE ROCK,AR,721175390,,840,9301-1000,0,,,LTL,,,20,Fully Assigned To An Outbound Shipment,20250124,20250204,20250206,121325,250204P0000,N,0,0,0,2,90,Invoiced,,2,Pickticket Completely Invoiced.,,N,N,,0,62532.,0.,0.,0,27,3015532.8,0.,0.,0,27.,,TL,53,F,5,03,ACTIVITY 3,,N N,,,,6,20250204009,9,All From Reserve,19169,4662419,960,MISCTEN,MISCTEN,DAY,,,,,,,F,***,,***,,22.,1.,1.,0.,0.,1.,1.,1.,1.,1.,CT1,XDK,4095464,7920.,90,Invoiced Complete,85694660,,20250124,93743,20250206,121325,ZMAERZ,2025-01-22 23:20:03,0,2025-02-06 23:21:13,INFAJOB,WMIPHPICK_15_AGK_4291617_20250122160039.txt,WMI,a3e5241e41b589c4d1a4b45924bf5ea1
236531803,20250210,202502,,7001,-7001,85895480,AGK,-960,85895480,85895480,DB,5201BULK,SOUTHERN GLAZER'S OF AZ,,2375 S 45TH AVE,,,PHOENIX,AZ,85043,840,,SOUTHERN GLAZER'S OF AZ,2375 S 45TH AVE,,,PHOENIX,AZ,85043,,840,5201-BULK,0,,,LTL,,,20,Fully Assigned To An Outbound Shipment,20250131,20250206,20250210,141721,250206P0000,N,0,0,0,2,90,Invoiced,,2,Pickticket Completely Invoiced.,,N,N,,0,55584.,0.,0.,0,24,2680473.6,0.,0.,0,24.,,TL,53,F,5,03,ACTIVITY 3,,N N,,,,8,20250206006,9,All From Reserve,9867729,4723601,960,MISCPHX,MISCPHX,DAY,,,,,,,F,***,,***,,22.,1.,1.,0.,0.,1.,1.,1.,1.,1.,CT1,XDK,4103475,7920.,90,Invoiced Complete,85895480,,20250131,81911,20250210,141721,ZMAERZ,2025-01-30 23:20:28,0,2025-02-10 23:19:18,INFAJOB,WMIPHPICK_15_AGK_4315115_20250130160048.txt,WMI,509e97f71b1a700955f11c9260ea4555
179498975,20250220,202502,,7002,-7002,HI7519446,AGC,-961,HI7519446,HI7519446,DB,329,SGWS CAMPBELL WHSE 1,SGWS CAMPBELL WHSE 1,91 210 HANUA ST,,,KAPOLEI,HI,96707,840,,SGWS CAMPBELL WHSE 1,91 210 HANUA ST,,,KAPOLEI,HI,96707,8086823737,840,HI0000329,20250214,,,LTL,,,20,Fully Assigned To An Outbound Shipment,20250212,20250218,20250220,165700,250218P0000,N,0,0,0,2,90,Invoiced,,2,Pickticket Completely Invoiced.,,N,N,07519446,1,18333.2,18333.2,0.,0,24,1303864.579,0.,0.,0,6978.,,TL,53,F,5,02,ACTIVITY 2,6600,N N,,,,8,20250218016,9,All from Reserve,861171,9484171,961,637195,637195,DAY,,,,,,,F,***,,***,,396.,396.,396.,0.,0.,396.,396.,6.,528.,132.,CT1,HIC,*,3960.,90,Invoiced Complete,4129629,6600,20250212,184514,20250220,165700,VRINCON,2025-02-13 02:19:13,0,2025-02-21 02:21:17,INFAJOB,WMIPHPICK_15_AGC_4351312_20250212190039.txt,WMI,ccf51f8c5fd60a25c52afaa489873412
163910851,20250226,202502,,7002,-7002,CA7255247,AGC,-961,CA7255247,CA7255247,DB,99005,SANTA FE SPRINGS,SANTA FE SPRINGS,13500 FOSTER ROAD,,,SANTA FE SPRINGS,CA,90670,840,,SANTA FE SPRINGS,13500 FOSTER ROAD,,,SANTA FE SPRINGS,CA,90670,5629262000,840,CA0099005,20250217,,,LTL,,,20,Fully Assigned To An Outbound Shipment,20250214,20250221,20250226,172318,250221P0000,N,0,0,0,2,90,Invoiced,,2,Pickticket Completely Invoiced.,,N,N,07255247,1,3337.6,3337.6,0.,0,2,205056.,0.,0.,0,2400.,,TL,53,F,5,02,ACTIVITY 2,6200,N N,,,,2,20250221017,9,All from Reserve,101280,9788528,961,638086,638086,DAY,,,,,,,F,***,,***,,1056.,1056.,1056.,0.,1056.,0.,0.,12.,672.,168.,CT1,SFS,*,21162.24,90,Invoiced Complete,4132423,6200,20250214,180652,20250226,172255,EUBER,2025-02-15 02:19:09,0,2025-02-27 02:20:48,INFAJOB,WMIPHPICK_15_AGC_4357672_20250214190038.txt,WMI,6a94b1ad9316d77532c52abc76883fe6
160598808,20250303,202503,,7002,-7002,HI7519263,AGC,-961,HI7519263,HI7519263,DB,330,SGWS MAUI WHSE 3,SGWS MAUI WHSE 3,231 LALO PLACE,,,KAHULUI,HI,96732,840,,SGWS MAUI WHSE 3,231 LALO PLACE,,,KAHULUI,HI,96732,8088718406,840,HI0000330,20250123,,,LTL,,,20,Fully Assigned To An Outbound Shipment,20250123,20250131,20250303,91033,250131P0000,N,0,0,0,2,90,Invoiced,,2,Pickticket Completely Invoiced.,,N,N,07519263,1,16260.55,16260.55,0.,0,33,1071618.174,0.,0.,0,6040.,,TL,53,F,5,02,ACTIVITY 2,6600,N N,,,,13,20250131026,9,All from Reserve,2175085,9286012,961,550559,550559,DAY,,,,,,,F,***,,***,,336.,336.,336.,0.,0.,336.,336.,12.,672.,168.,CT1,HIC,*,1641.08,90,Invoiced Complete,4113007,6600,20250123,154721,20250303,91033,MCERTEZA,2025-01-24 04:35:16,0,2025-03-04 02:18:31,INFAJOB,WMIPHPICK_15_AGC_4295496_20250123190038.txt,WMI,32dc85c16fe6863b87e425f0f53a0209
167544008,20250313,202503,,7002,-7002,HFW000000K,AGC,-961,HFW000000K,HFW000000K,DH,HFW00002,SGWS Colorado,,22800 E 19th Ave,,,Aurora,CO,80019,840,,SGWS Colorado,22800 E 19th Ave,,,Aurora,CO,80019,999-999-9999,840,,0,,,LTL,,,20,Fully Assigned To An Outbound Shipment,20250225,20250225,20250313,183329,250225P0000,N,0,0,0,2,90,Invoiced,,2,Pickticket Completely Invoiced.,,N,N,HFW000000K,1,511.,511.,0.,0,13,511.,0.,0.,0,6132.,,TL,53,F,5,01,ACTIVITY 1,,,,,,5,20250225016,9,All from Reserve,182163,9569605,961,HFW00004,HFW00004,DAY,,,,,,,F,***,,***,,2124.,2124.,2124.,0.,0.,2124.,2124.,12.,1.,1.,CT1,HFW,*,150.,90,Invoiced Complete,4129678,,20250225,120135,20250313,183329,ESOLORZANO,2025-02-26 02:21:27,0,2025-03-14 01:21:53,INFAJOB,WMIPHPICK_15_AGC_4387671_20250225190038.txt,WMI,c0553f1e77055077e894243643245db3
180940589,20250313,202503,,7002,-7002,SAB000004H,AGC,-961,SAB000004H,SAB000004H,DH,SAB000BL,SOUTHERN GLAZERS WINE & SPIRIT-NORT,,1555 ATLANTIC STREET,,,UNION CITY,CA,94587,840,,SOUTHERN GLAZERS WINE & SPIRIT-NORT,P.O. BOX 279250,,,MIRAMAR,FL,33027,,840,,0,,,LTL,,,20,Fully Assigned To An Outbound Shipment,20250304,20250304,20250313,152640,250304P0000,N,0,0,0,2,90,Invoiced,,2,Pickticket Completely Invoiced.,,N,N,SAB000004H,1,29351.3,29351.3,0.,0,17,1146318.016,0.,0.,0,22872.,,TL,53,F,5,01,ACTIVITY 1,,,,,,4,20250304024,9,All from Reserve,921011,5465185,961,SAB00005,SAB00005,DAY,,,,,,,F,***,,***,,3456.,3456.,3456.,0.,0.,3456.,3456.,24.,864.,96.,CT1,SAB,*,1.,90,Invoiced Complete,4137848,,20250304,134711,20250313,152640,AGUERRERO,2025-03-05 02:21:05,0,2025-03-14 01:21:53,INFAJOB,WMIPHPICK_15_AGC_4408185_20250304190039.txt,WMI,0a202a8a570021dfa3badf051a2cce30
186369467,20250312,202503,,7001,-7001,FL7916335,AGK,-960,FL7916335,FL7916335,DB,50656,SGWS LAKELAND TRF,SGWS LAKELAND TRF,4440 OLD TAMPA HIGHWAY,,,LAKELAND,FL,33811,840,,SGWS/LAKELAND,4440 OLD TAMPA HIGHWAY,,,LAKELAND,FL,33811,8636861526,840,FL0050656,20250306,,,LTL,0002152713,0002152714,10,Partially Assigned To An Outbound Shipment,20250305,20250310,20250312,83114,250310P0000,N,0,0,0,2,90,Invoiced,,2,Pickticket Completely Invoiced.,,N,N,07916335,1,5104.5,0.,0.,0,22,233772.4,0.,0.,0,16776.,,TL,53,F,5,02,ACTIVITY 2,1500,N N,,,,8,20250310001,9,All From Reserve,32165,11960344,960,611037,611037,DAY,,,,,,,F,***,,***,,468.,468.,468.,0.,0.,468.,468.,3.,1.,1.,CT1,LAK,*,42300.96,90,Invoiced Complete,4147515,1500,20250305,153600,20250312,83114,MLIPSCOMB,2025-03-05 23:24:55,0,2025-03-19 22:46:27,INFAJOB,WMIPHPICK_15_AGK_4410746_20250305160044.txt,WMI,9e8e7793ce3b1057d4c76349c705e7b3
213685063,20250314,202503,,7002,-7002,HI7519682,AGC,-961,HI7519682,HI7519682,DB,330,SGWS MAUI WHSE 3,SGWS MAUI WHSE 3,231 LALO PLACE,,,KAHULUI,HI,96732,840,,SGWS MAUI WHSE 3,231 LALO PLACE,,,KAHULUI,HI,96732,8088718406,840,HI0000330,20250311,,,LTL,,,20,Fully Assigned To An Outbound Shipment,20250310,20250312,20250314,123356,250312P0000,N,0,0,0,2,90,Invoiced,,2,Pickticket Completely Invoiced.,,N,N,07519682,1,30585.8,30585.8,0.,0,59,1912374.063,0.,0.,0,11156.,,TL,53,F,5,02,ACTIVITY 2,6600,N N,,,,49,20250312033,9,All from Reserve,9557149,11929063,961,923432,923432,DAY,,,,,,,F,***,,***,,36.,36.,36.,0.,0.,36.,36.,12.,816.,204.,CT1,HIC,*,305.4,90,Invoiced Complete,4150725,6600,20250310,141822,20250314,123356,MCASTANE,2025-03-11 01:22:11,0,2025-03-20 01:22:08,INFAJOB,WMIPHPICK_15_AGC_4424873_20250310190038.txt,WMI,2cc4d7b129c958dc79bf32db42842a56
173338746,20250317,202503,,7002,-7002,CN7653954,AGC,-961,CN7653954,CN7653954,DB,22519,ATLANTIC,ATLANTIC,1555 ATLANTIC ST,,,UNION CITY,CA,94587,840,,ATLANTIC,1555 ATLANTIC ST,,,UNION CITY,CA,94587,5104775700,840,CN0022519,20250304,,,LTL,0002157264,0002157265,10,Partially Assigned To An Outbound Shipment,20250303,20250314,20250317,181506,250314P0000,N,0,0,0,2,90,Invoiced,,2,Pickticket Completely Invoiced.,,N,N,07653954,1,20980.65,0.,0.,0,15,768891.378,0.,0.,0,9792.,,TL,53,F,5,02,ACTIVITY 2,6400,N N,,,,4,20250314012,9,All from Reserve,1324209,11943557,961,535801,535801,DAY,,,,,,,F,***,,***,,2112.,2112.,2112.,0.,0.,2112.,2112.,6.,624.,156.,CT1,CAN,*,45119.36,90,Invoiced Complete,4145338,6400,20250303,154359,20250317,181506,MCERTEZA,2025-03-04 02:18:31,0,2025-03-20 01:22:08,INFAJOB,WMIPHPICK_15_AGC_4405035_20250303190044.txt,WMI,08a6fed22e0f200bcdf4a5ac95266563
168500896,20250320,202503,,7001,-7001,86940501,AGK,-960,86940501,86940501,DB,3501BOLI,SOUTHERN GLAZER'S OF IL,,300 EAST CROSSROADS PARKWAY,,,BOLINGBROOK,IL,60440,840,,SOUTHERN GLAZER'S OF IL,300 EAST CROSSROADS PARKWAY,,,BOLINGBROOK,IL,60440,,840,3501-BOLI,0,,,LTL,,,20,Fully Assigned To An Outbound Shipment,20250317,20250318,20250320,81152,250318P0000,N,0,0,0,2,90,Invoiced,,2,Pickticket Completely Invoiced.,,N,N,,0,41688.,0.,0.,0,18,2010355.2,0.,0.,0,18.,,TL,53,F,5,03,ACTIVITY 3,,N N,,,,2,20250318006,9,All From Reserve,12366744,4654623,960,MISCBOL,MISCBOL,DAY,,,,,,,F,***,,***,,22.,8.,8.,0.,0.,8.,8.,1.,1.,1.,CT1,XDK,4135461,7920.,90,Invoiced Complete,86940501,,20250317,164355,20250320,81152,MLIPSCOMB,2025-03-14 22:23:04,0,2025-03-20 22:22:02,INFAJOB,WMIPHPICK_15_AGK_4437010_20250314160039.txt,WMI,af2c9a87249ba910018fd92908fab98c
182516807,20250321,202503,,7002,-7002,FRC0000012,AGC,-961,FRC0000012,FRC0000012,DH,FRC0000R,Southern Glazer's of HI-KAPO,,91-210 Hanua Street,,,Kapolei,HI,96707,840,,Southern Glazer's of HI-KAPO,P.O. BOX 279250,,,MIRAMAR,FL,33027,999-999-9999,840,,0,,,LTL,,,20,Fully Assigned To An Outbound Shipment,20250225,20250225,20250321,110051,250225P0000,N,0,0,0,2,90,Invoiced,,2,Pickticket Completely Invoiced.,,N,N,FRC0000012,1,28.,28.,0.,0,2,28.,0.,0.,0,336.,,TL,53,F,5,01,ACTIVITY 1,,,,,,1,20250225022,9,All from Reserve,128889,11925199,961,FRC0000J,FRC0000J,DAY,,,,,,,F,***,,***,,336.,336.,336.,0.,0.,336.,336.,12.,1.,1.,CT1,FRC,*,124.,90,Invoiced Complete,4139902,,20250225,132240,20250321,110051,EUBER,2025-02-26 02:21:27,0,2025-03-22 01:21:48,INFAJOB,WMIPHPICK_15_AGC_4387671_20250225190038.txt,WMI,29a4078c9aeab7241898a07b6a865633
191395986,20250325,202503,,7002,-7002,VCK0000016,AGC,-961,VCK0000016,VCK0000016,DH,VCK0000G,A-Vin-Garde LLC,,3300 Lake Woodard Dr,,,Raleigh,NC,27604,840,,A-Vin-Garde LLC,3300 Lake Woodard Dr,,,Raleigh,NC,27604,919-302-3599,840,,0,,,LTL,,,20,Fully Assigned To An Outbound Shipment,20250317,20250320,20250325,182930,250320P0000,N,0,0,0,2,90,Invoiced,,2,Pickticket Completely Invoiced.,,N,N,VCK0000016,1,28.,28.,28.,0,2,28.,0.,28.,0,336.,,TL,53,F,5,01,ACTIVITY 1,,,,,,1,20250320020,9,All from Reserve,190513,11182169,961,VCK0000G,VCK0000G,DAY,,,,,,,F,***,,***,,168.,168.,168.,0.,0.,168.,168.,12.,1.,1.,CT1,VCK,*,18.,90,Invoiced Complete,AVG-1816,,20250317,111107,20250325,182930,MCASTANE,2025-03-18 01:26:20,0,2025-03-26 01:49:29,INFAJOB,WMIPHPICK_15_AGC_4444925_20250317190039.txt,WMI,0e9109441370694d6f9e9c2f65a52729
214143738,20250402,202504,,7002,-7002,CN7654553,AGC,-961,CN7654553,CN7654553,DB,22519,ATLANTIC,ATLANTIC,1555 ATLANTIC ST,,,UNION CITY,CA,94587,840,,ATLANTIC,1555 ATLANTIC ST,,,UNION CITY,CA,94587,5104775700,840,CN0022519,20250402,,,LTL,,,20,Fully Assigned To An Outbound Shipment,20250401,20250402,20250402,124803,250402P0000,N,0,0,0,2,90,Invoiced,,2,Pickticket Completely Invoiced.,,N,N,07654553,1,2019.,2019.,0.,0,1,119424.,0.,0.,0,438.,,TL,53,F,5,02,ACTIVITY 2,6400,N N,,,,2,20250402002,9,All from Reserve,11847068,11949352,961,992250,992250,DAY,,,,,,,F,***,,***,,78.,78.,78.,0.,78.,0.,0.,6.,384.,96.,CT1,CAN,*,1302.34,90,Invoiced Complete,4171560,6400,20250401,145640,20250402,124752,MCERTEZA,2025-04-02 01:23:18,0,2025-04-03 01:21:26,INFAJOB,WMIPHPICK_15_AGC_4488688_20250401190039.txt,WMI,828d7dc0b24645cfb0434a204c14719e
177610795,20250409,202504,,7002,-7002,VCK000001F,AGC,-961,VCK000001F,VCK000001F,DH,VCK0000C,SGWS of TX - Fort Worth,,15245 Heritage Parkway,,,Fort Worth,TX,76177,840,,SGWS of TX - Fort Worth,15245 Heritage Parkway,,,Fort Worth,TX,76177,972-277-2000,840,,0,,,LTL,,,20,Fully Assigned To An Outbound Shipment,20250407,20250407,20250409,163937,250407P0000,N,0,0,0,2,90,Invoiced,,2,Pickticket Completely Invoiced.,,N,N,VCK000001F,1,20.,20.,0.,0,2,20.,0.,0.,0,240.,,TL,53,F,5,01,ACTIVITY 1,,,,,,1,20250407005,9,All from Reserve,190513,11182169,961,VCK0000G,VCK0000G,DAY,,,,,,,F,***,,***,,120.,120.,120.,0.,0.,120.,120.,12.,1.,1.,CT1,VCK,*,18.,90,Invoiced Complete,4175280,,20250407,113611,20250409,163937,ESOLORZANO,2025-04-08 01:18:05,0,2025-04-10 01:19:27,INFAJOB,WMIPHPICK_15_AGC_4505438_20250407190039.txt,WMI,8e1f7da131a259f3b23e91b0f68f4728
179890815,20250418,202504,,7002,-7002,HI7519896,AGC,-961,HI7519896,HI7519896,DB,331,SGWS BIG ISLAND WHSE 4,SGWS BIG ISLAND WHSE 4,"61 3785 MALUOKALANI PLACE, #12",,,KAWAIHAE,HI,96743,840,,SGWS BIG ISLAND WHSE 4,"61 3785 MALUOKALANI PLACE, #12",,,KAWAIHAE,HI,96743,8088821841,840,HI0000331,20250407,,,LTL,,,20,Fully Assigned To An Outbound Shipment,20250404,20250408,20250418,134900,250408P0000,N,0,0,0,2,90,Invoiced,,2,Pickticket Completely Invoiced.,,N,N,07519896,1,25545.02,25545.02,0.,0,44,1441522.61,0.,0.,0,8016.,,TL,53,F,5,02,ACTIVITY 2,6600,N N,,,,36,20250408005,9,All from Reserve,11821788,12578115,961,951593,951593,DAY,,,,,,,F,***,,***,,480.,480.,480.,0.,0.,480.,480.,6.,1.,60.,CT1,HIC,*,13287.2,90,Invoiced Complete,4174549,6600,20250404,133703,20250418,134900,VRINCON,2025-04-05 01:21:52,0,2025-04-19 01:23:48,INFAJOB,WMIPHPICK_15_AGC_4498183_20250404190039.txt,WMI,a0f97d00935190f2c48bf887cf7043ae
113991748,20241001,202410,,7001,-7001,IN7502791,AGK,-960,IN7502791,IN7502791,DB,19544,SOUTHERN GLAZERS OF INDIANA,SOUTHERN GLAZERS OF INDIANA,3901 HANNA CIRLCE,,,INDIANAPOLIS,IN,46241,840,,SOUTHERN GLAZERS OF INDIANA,3901 HANNA CIRLCE,,,INDIANAPOLIS,IN,46241,,840,IN0019544,20240910,,,LTL,,,20,Fully Assigned To An Outbound Shipment,20240903,20241001,20241003,142941,241001P0000,N,0,0,0,2,90,Invoiced,,2,Pickticket Completely Invoiced.,,N,N,07502791,1,34087.25,5925.5,0.,0,17,1914764.46,0.,0.,0,23436.,,TL,53,F,5,02,ACTIVITY 2,2500,N N,,,,3,20241001003,9,All From Reserve,96788,9601617,960,25223,25223,DAY,,,,,,,F,***,,***,,240.,240.,240.,0.,240.,0.,0.,12.,600.,120.,CT1,INA,*,1772.2,90,Invoiced Complete,3992450,2500,20240903,181244,20241001,134312,KRENO,2024-09-04 10:19:19,0,2025-04-21 22:33:19,INFAJOB,WMIPHPICK_15_AGK_3862009_20240904040034.txt,WMI,91664494d1ac0f6246f1675239eb4ba9
140468824,20241015,202410,,7001,-7001,SC7504229,AGK,-960,SC7504229,SC7504229,DB,9014,SGWS - SOUTH CAROLINA,SGWS - SOUTH CAROLINA,7600 RICHARD STREET,,,COLUMBIA,SC,29202,840,,SGWS - SOUTH CAROLINA,7600 RICHARD STREET,,,COLUMBIA,SC,29202,8036951630,840,SC0009014,20241011,,,LTL,,,20,Fully Assigned To An Outbound Shipment,20241008,20241014,20241015,142709,241014P0000,N,0,0,0,2,90,Invoiced,,2,Pickticket Completely Invoiced.,,N,N,07504229,1,19081.2,0.,0.,0,21,1017998.242,0.,0.,0,13620.,,TL,53,F,5,02,ACTIVITY 2,3200,N N,,,,4,20241014009,9,All From Reserve,7348,10075418,960,552909,552909,DAY,,,,,,,F,***,,***,,1620.,1620.,1620.,0.,0.,1620.,1620.,6.,540.,90.,CT1,COL,*,6191.1,90,Invoiced Complete,4023669,3200,20241008,174934,20241015,142709,ZMAERZ,2024-10-08 22:20:08,0,2025-04-21 22:33:19,INFAJOB,WMIPHPICK_15_AGK_3957052_20241008160036.txt,WMI,341b51c41ed9010665e567670bbb6019
125847533,20241024,202410,,7001,-7001,KY7505210,AGK,-960,KY7505210,KY7505210,DB,1,309481Y LOUISVILLE,309481Y LOUISVILLE,2801 CONSTANT COMMENT PLACE,,,LOUISVILLE,KY,40299,840,,SGWS KY LOUISVILLE,2801 CONSTANT COMMENT PLACE,,,LOUISVILLE,KY,40299,5022976000,840,KY0000001,20241011,,,LTL,,,20,Fully Assigned To An Outbound Shipment,20241008,20241022,20241024,120245,241022P0000,N,0,0,0,2,90,Invoiced,,2,Pickticket Completely Invoiced.,,N,N,07505210,1,37010.8,0.,0.,0,23,2448314.624,0.,0.,0,7752.,,TL,53,F,5,02,ACTIVITY 2,2200,N N,,,,1,20241022012,9,All From Reserve,43198,11963314,960,13146,13146,DAY,,,,,,,F,***,,***,,3432.,3432.,3432.,0.,0.,3432.,3432.,6.,312.,78.,CT1,LOU,*,84124.04,90,Invoiced Complete,4023659,2200,20241008,174934,20241024,120245,ZMAERZ,2024-10-08 22:20:08,0,2025-04-21 22:33:19,INFAJOB,WMIPHPICK_15_AGK_3957052_20241008160036.txt,WMI,eaaaf84aa3599097e5b09dbdad9532d8
181921448,20241029,202410,,7001,-7001,8024364540,AGK,-960,8024364540,8024364540,DH,8701,SGWS - Texas Dallas,,2001 Diplomat Dr,,,Farmers Branch,TX,75234-8919,840,,SGWS - Texas Dallas,2001 Diplomat Dr,,,Farmers Branch,TX,75234-8919,,840,8701,20241014,,,LTL,,,20,Fully Assigned To An Outbound Shipment,20241014,20241028,20241029,151307,241028P0000,N,0,0,0,2,90,Invoiced,,2,Pickticket Completely Invoiced.,,N,N,000,0,22627.4,360.,0.,0,22,2387855.264,0.,0.,0,13736.,,TL,53,P,5,02,ACTIVITY 2,8700,N N,,,,70,20241028008,9,All From Reserve,52126,11913804,960,411653,411653,DAY,,,,,,,F,***,,***,,960.,960.,960.,0.,0.,960.,960.,6.,600.,120.,CT1,TXD,,11.216,90,Invoiced Complete,4025371,8700,20241010,113048,20241029,151307,KRENO,2024-10-10 22:19:40,0,2025-04-21 22:33:19,INFAJOB,WMIPHPICK_15_AGK_3963437_20241010160036.txt,WMI,421520f4c1121f835dae9c375112ef07
171642348,20241104,202411,,7001,-7001,IL7547868,AGK,-960,IL7547868,IL7547868,DB,36452,SGWS - ILLINOIS- TRANSFER,SGWS - ILLINOIS- TRANSFER,300 E CROSSROADS PKWY,,,BOLINGBROOK,IL,60440,840,,SGWS - ILLINOIS- TRANSFER,300 E CROSSROADS PKWY,,,BOLINGBROOK,IL,60440,,840,IL0036452,20241101,,,LTL,,,,Not Assigned To An Outbound Shipment,20241029,0,0,0,,,,,,,99,Cancelled,,3,Pickticket Cancelled.,,Y,N,07547868,1,0.,0.,0.,0,0,0.,0.,0.,0,9216.,,TL,53,F,0,,,3500,N N,,,,2,,,,10641150,11991388,960,238183,238183,,,,,,,,F,,,,,840.,840.,840.,0.,840.,0.,0.,12.,0.,0.,,BOL,*,13268.5,,,,3500,20241029,164644,20241104,120524,ZNOEFL,2024-10-29 22:19:44,0,2025-04-21 22:33:19,INFAJOB,WMIPHPICK_15_AGK_4040075_20241029160049.txt,WMI,3e0b23348a85fec0309d9a96b2aeb582
141324051,20241107,202411,,7001,-7001,8025104331,AGK,-960,8025104331,8025104331,DH,9301,SGWS - Arkansas North Little R,,11101 Smitty Lane,,,North Little Rock,AR,72117-5390,840,,SGWS - Arkansas North Little R,11101 Smitty Lane,,,North Little Rock,AR,72117-5390,,840,9301,20241104,,,LTL,,,,Not Assigned To An Outbound Shipment,20241104,0,0,0,,,,,,,99,Cancelled,,3,Pickticket Cancelled.,,Y,N,000,0,0.,0.,0.,0,0,0.,0.,0.,0,12339.,,TL,53,P,0,,,9300,N N,,,,40,,,,23233620,11887646,960,13503,13503,,,,,,,,F,,,,,1260.,1260.,1260.,0.,1260.,0.,0.,6.,0.,0.,,ARL,,0.,,,,9300,20241104,134553,20241107,140342,ZNOEFL,2024-11-04 23:18:31,0,2025-04-21 22:33:19,INFAJOB,WMIPHPICK_15_AGK_4057242_20241104160048.txt,WMI,200cc4ec8aa8bf21acdfc3a1e1614ebc
100640086,20240610,202406,,7001,-7001,IL7545403,AGK,-960,IL7545403,IL7545403,DB,36452,SGWS - ILLINOIS- TRANSFER,SGWS - ILLINOIS- TRANSFER,300 E CROSSROADS PKWY,,,BOLINGBROOK,IL,60440,840,,SGWS - ILLINOIS- TRANSFER,300 E CROSSROADS PKWY,,,BOLINGBROOK,IL,60440,,840,IL0036452,20240524,,,LTL,,,20,Fully Assigned To An Outbound Shipment,20240517,20240606,20240610,113348,240606P0000,N,0,0,0,2,90,Invoiced,,2,Pickticket Completely Invoiced.,,N,N,07545403,1,43785.,0.,0.,0,21,2286144.,0.,0.,0,14112.,,TL,53,F,5,02,ACTIVITY 2,3500,N N,,,,1,20240606009,9,All From Reserve,19021,12622822,960,24602,24602,DAY,,,,,,,F,***,,***,,14112.,14112.,14112.,0.,0.,14112.,14112.,12.,672.,168.,CT1,BOL,*,276042.48,90,Invoiced Complete,3902543,3500,20240517,183442,20240610,113348,KRENO,2024-07-20 14:03:28,0,2025-04-21 22:33:19,INFAJOB,WMIPHPICK_15_Adhoc_3730955_20240719125822.txt,WMI,635e4e2601758f6c35a83bc1c55de7b4
99534067,20240621,202406,,7001,-7001,SC7503940,AGK,-960,SC7503940,SC7503940,DB,9014,SGWS - SOUTH CAROLINA,SGWS - SOUTH CAROLINA,7600 RICHARD STREET,,,COLUMBIA,SC,29202,840,,SGWS - SOUTH CAROLINA,7600 RICHARD STREET,,,COLUMBIA,SC,29202,8036951630,840,SC0009014,20240621,,,LTL,,,20,Fully Assigned To An Outbound Shipment,20240621,20240621,20240621,112255,240621P0000,N,0,0,0,2,90,Invoiced,,2,Pickticket Completely Invoiced.,,N,N,07503940,1,21466.6,0.,0.,0,28,1127183.374,0.,0.,0,21666.,,TL,53,F,5,02,ACTIVITY 2,3200,N N,,,,12,20240621007,9,All From Reserve,69017,12011708,960,946337,946337,DAY,,,,,,,F,***,,***,,3300.,3300.,3300.,0.,0.,3300.,3300.,12.,660.,132.,CT1,COL,*,48488.,90,Invoiced Complete,3927956,3200,20240621,94530,20240621,112255,KRENO,2024-07-20 14:03:28,0,2025-04-21 22:33:19,INFAJOB,WMIPHPICK_15_Adhoc_3730955_20240719125822.txt,WMI,07021b60e581e1853b2d843525bdc88d
168866643,20241127,202411,,7001,-7001,8025233380,AGK,-960,8025233380,8025233380,DH,9201,SGWS - Louisiana New Orleans,,111 Riverbend Dr,,,Saint Rose,LA,70087-3318,840,,SGWS - Louisiana New Orleans,111 Riverbend Dr,,,Saint Rose,LA,70087-3318,,840,9201,20241125,,,LTL,,,,Not Assigned To An Outbound Shipment,20241125,0,0,0,,,,,,,99,Cancelled,,3,Pickticket Cancelled.,,Y,N,000,0,0.,0.,0.,0,0,0.,0.,0.,0,11136.,,TL,53,P,0,,,9200,N N,,,,40,,,,54016,11972432,960,464549,464549,,,,,,,,F,,,,,72.,72.,72.,0.,72.,0.,0.,6.,0.,0.,,LAL,,0.,,,,9200,20241121,104610,20241127,165637,HPEGG,2024-11-21 23:19:58,0,2025-04-21 22:33:19,INFAJOB,WMIPHPICK_15_AGK_4107519_20241121160038.txt,WMI,9c5202e73e53c5a343d5abb4b15ccc04
160832164,20250108,202501,,7001,-7001,MN7505026,AGK,-960,MN7505026,MN7505026,DB,90001,SGWS MINNESOTA,SGWS MINNESOTA,3350 4TH AVE E,,,SHAKOPEE,MN,55379,840,,SGWS MINNESOTA,3350 4TH AVE E,,,SHAKOPEE,MN,55379,9998675309,840,MN0090001,20241216,,,LTL,,,20,Fully Assigned To An Outbound Shipment,20241212,20241230,20250108,83004,241230P0000,N,0,0,0,2,90,Invoiced,,2,Pickticket Completely Invoiced.,,N,N,07505026,1,5600.8,0.,0.,0,7,478423.,0.,0.,0,4020.,,TL,53,F,5,02,ACTIVITY 2,5600,N N,,,,1,20241230003,9,All From Reserve,43178,12831277,960,47876,47876,DAY,,,,,,,F,***,,***,,660.,660.,660.,0.,0.,660.,660.,12.,660.,132.,CT1,MIN,*,10200.3,90,Invoiced Complete,4082066,5600,20241212,152343,20250108,83004,ZMAERZ,2024-12-12 23:20:48,0,2025-04-21 22:33:19,INFAJOB,WMIPHPICK_15_AGK_4172733_20241212160037.txt,WMI,cab04757e63d90e2f92827e3441ff7f3
161416429,20250113,202501,,7001,-7001,NY7661580,AGK,-960,NY7661580,NY7661580,DB,45582,SGWS/METRO NJ WAREHOUSING INC,SGWS/METRO NJ WAREHOUSING INC,801 W LINDEN AVE,,,LINDEN,NJ,07036,840,,SGWS/METRO NJ WAREHOUSING INC,801 W LINDEN AVE,,,LINDEN,NJ,07036,,840,NY0045582,20241216,,,LTL,,,20,Fully Assigned To An Outbound Shipment,20241212,20250109,20250113,91755,250109P0000,N,0,0,0,2,90,Invoiced,,2,Pickticket Completely Invoiced.,,N,N,07661580,1,10543.5,0.,0.,0,5,684921.6,0.,0.,0,2820.,,TL,53,F,5,02,ACTIVITY 2,4500,N N,,,,2,20250109013,9,All From Reserve,46245,11902361,960,24601,24601,DAY,,,,,,,F,***,,***,,1980.,1980.,1980.,0.,0.,1980.,1980.,12.,660.,132.,CT1,NYM,*,50123.7,90,Invoiced Complete,4082065,4500,20241212,152543,20250113,91755,ZMAERZ,2024-12-12 23:20:48,0,2025-04-21 22:33:19,INFAJOB,WMIPHPICK_15_AGK_4172733_20241212160037.txt,WMI,5f5989df1753c3c0bc2799ee0ed711fd
175519721,20250210,202502,,7001,-7001,8026345299,AGK,-960,8026345299,8026345299,DH,9301,SGWS - Arkansas North Little R,,11101 Smitty Lane,,,North Little Rock,AR,72117-5390,840,,SGWS - Arkansas North Little R,11101 Smitty Lane,,,North Little Rock,AR,72117-5390,,840,9301,20250207,,,LTL,,,,Not Assigned To An Outbound Shipment,20250207,0,0,0,,,,,,,99,Cancelled,,3,Pickticket Cancelled.,,Y,N,000,0,0.,0.,0.,0,0,0.,0.,0.,0,14808.,,TL,53,P,0,,,9300,N N,,,,20,,,,10596356,11970646,960,10952,10952,,,,,,,,F,,,,,4092.,4092.,4092.,0.,4092.,0.,0.,12.,0.,0.,,ARL,,0.,,,,9300,20250206,153052,20250210,162206,EUBER,2025-02-06 23:21:13,0,2025-04-21 22:33:19,INFAJOB,WMIPHPICK_15_AGK_4333927_20250206160039.txt,WMI,d21cd1c80132025d0ca35850665d100d
189679805,20250214,202502,,7001,-7001,FL7916105,AGK,-960,FL7916105,FL7916105,DB,50656,SGWS LAKELAND TRF,SGWS LAKELAND TRF,4440 OLD TAMPA HIGHWAY,,,LAKELAND,FL,33811,840,,SGWS/LAKELAND,4440 OLD TAMPA HIGHWAY,,,LAKELAND,FL,33811,8636861526,840,FL0050656,20250207,,,LTL,,,20,Fully Assigned To An Outbound Shipment,20250207,20250212,20250214,102213,250212P0000,N,0,0,0,2,90,Invoiced,,2,Pickticket Completely Invoiced.,,N,N,07916105,1,42714.,0.,0.,0,22,1971515.392,0.,0.,0,7560.,,TL,53,F,5,02,ACTIVITY 2,1500,N N,,,,1,20250212006,9,All From Reserve,43198,11963314,960,13146,13146,DAY,,,,,,,F,***,,***,,7560.,7560.,7560.,0.,0.,7560.,7560.,6.,312.,78.,CT1,LAK,*,195904.8,90,Invoiced Complete,4125478,1500,20250207,120730,20250214,102213,ZMAERZ,2025-02-07 23:23:27,0,2025-04-21 22:33:19,INFAJOB,WMIPHPICK_15_AGK_4337136_20250207160040.txt,WMI,5055081f5a1837491a1ce4e411ca9a27
178286458,20250218,202502,,7001,-7001,8023040267,AGK,-960,8023040267,8023040267,DH,9301,SGWS - Arkansas North Little R,,11101 Smitty Lane,,,North Little Rock,AR,72117-5390,840,,SGWS - Arkansas North Little R,11101 Smitty Lane,,,North Little Rock,AR,72117-5390,,840,9301,20250202,,,LTL,,,20,Fully Assigned To An Outbound Shipment,20250202,20250214,20250218,135545,250214P0000,N,0,0,0,2,90,Invoiced,,2,Pickticket Completely Invoiced.,,N,N,000,0,32738.,0.,0.,0,25,2309440.,0.,0.,0,14064.,,TL,53,P,5,02,ACTIVITY 2,9300,N N,,,,10,20250214012,9,All From Reserve,100226,11977751,960,100806,100806,DAY,,,,,,,F,***,,***,,600.,600.,600.,0.,0.,600.,600.,6.,1.,1.,CT1,ARL,,23.477,90,Invoiced Complete,4121071,9300,20250131,174613,20250218,135545,MLIPSCOMB,2025-01-31 23:25:38,0,2025-04-21 22:33:19,INFAJOB,WMIPHPICK_15_AGK_4318262_20250131160040.txt,WMI,0b95815f946f6164782c8bb9b0580f77
196354023,20250221,202502,,7001,-7001,FL7916071,AGK,-960,FL7916071,FL7916071,DB,50656,SGWS LAKELAND TRF,SGWS LAKELAND TRF,4440 OLD TAMPA HIGHWAY,,,LAKELAND,FL,33811,840,,SGWS/LAKELAND,4440 OLD TAMPA HIGHWAY,,,LAKELAND,FL,33811,8636861526,840,FL0050656,20250204,,,LTL,,,20,Fully Assigned To An Outbound Shipment,20250204,20250219,20250221,125818,250219P0000,N,0,0,0,2,90,Invoiced,,2,Pickticket Completely Invoiced.,,N,N,07916071,1,4578.,0.,0.,0,11,1272096.,0.,0.,0,18348.,,TL,53,F,5,02,ACTIVITY 2,1500,N N,,,,1,20250219014,9,All From Reserve,27633299,12145973,960,15403,15403,DAY,,,,,,,F,***,,***,,5940.,5940.,5940.,0.,0.,5940.,5940.,12.,660.,132.,CT1,LAK,*,84278.7,90,Invoiced Complete,4123052,1500,20250204,163916,20250221,125818,MLIPSCOMB,2025-02-04 23:21:29,0,2025-04-21 22:33:19,INFAJOB,WMIPHPICK_15_AGK_4328431_20250204160040.txt,WMI,bbafb41ad4f2a8fb9ddc58d496a2e4d7
179699951,20250305,202503,,7001,-7001,MN7505207,AGK,-960,MN7505207,MN7505207,DB,90001,SGWS MINNESOTA,SGWS MINNESOTA,3350 4TH AVE E,,,SHAKOPEE,MN,55379,840,,SGWS MINNESOTA,3350 4TH AVE E,,,SHAKOPEE,MN,55379,9998675309,840,MN0090001,20250220,,,LTL,,,20,Fully Assigned To An Outbound Shipment,20250219,20250303,20250305,113749,250303P0000,N,0,0,0,2,90,Invoiced,,2,Pickticket Completely Invoiced.,,N,N,07505207,1,33110.5,0.,0.,0,20,1033580.65,0.,0.,0,12372.,,TL,53,F,5,02,ACTIVITY 2,5600,N N,,,,2,20250303005,9,All From Reserve,28469,11963355,960,529073,529073,DAY,,,,,,,F,***,,***,,768.,768.,768.,0.,0.,768.,768.,6.,1.,1.,CT1,MIN,*,12569.6,90,Invoiced Complete,4135434,5600,20250219,140222,20250305,113749,ZMAERZ,2025-02-19 23:22:31,0,2025-04-21 22:33:19,INFAJOB,WMIPHPICK_15_AGK_4370549_20250219160040.txt,WMI,28f74049a60b5427176877c8acf15a67
123940630,20241101,202411,,7002,-7002,HI7518578,AGC,-961,HI7518578,HI7518578,DB,331,SGWS BIG ISLAND WHSE 4,SGWS BIG ISLAND WHSE 4,"61 3785 MALUOKALANI PLACE, #12",,,KAWAIHAE,HI,96743,840,,SGWS BIG ISLAND WHSE 4,"61 3785 MALUOKALANI PLACE, #12",,,KAWAIHAE,HI,96743,8088821841,840,HI0000331,20241025,,,LTL,,,,Not Assigned To An Outbound Shipment,20241016,0,20241101,0,,,,,,,99,Cancelled,,3,Pickticket Cancelled.,,Y,N,07518578,1,0.,0.,0.,0,0,0.,0.,0.,0,3068.,,TL,53,F,0,,,6600,N N,,,,19,,,,119041,10415062,961,636474,636474,,,,,,,,F,,,,,66.,66.,66.,0.,66.,0.,0.,6.,0.,0.,,HIC,*,3131.7,,,,6600,20241016,144807,20241101,181945,LKOESTERS,2024-10-17 01:22:45,0,2025-04-22 01:19:24,INFAJOB,WMIPHPICK_15_AGC_3981008_20241016190034.txt,WMI,7233518fd3de97108c10be7f84ed42b6
159885327,20241112,202411,,7002,-7002,HI7518713,AGC,-961,HI7518713,HI7518713,DB,331,SGWS BIG ISLAND WHSE 4,SGWS BIG ISLAND WHSE 4,"61 3785 MALUOKALANI PLACE, #12",,,KAWAIHAE,HI,96743,840,,SGWS BIG ISLAND WHSE 4,"61 3785 MALUOKALANI PLACE, #12",,,KAWAIHAE,HI,96743,8088821841,840,HI0000331,20241108,,,LTL,,,20,Fully Assigned To An Outbound Shipment,20241106,20241111,20241112,145244,241111P0000,N,0,0,0,2,90,Invoiced,,2,Pickticket Completely Invoiced.,,N,N,07518713,1,37495.65,37495.65,0.,0,67,2349370.246,0.,0.,0,11156.,,TL,53,F,5,02,ACTIVITY 2,6600,N N,,,,46,20241111005,9,All from Reserve,1638128,12230055,961,550862,550862,DAY,,,,,,,F,***,,***,,36.,36.,36.,0.,0.,36.,36.,6.,768.,96.,CT1,HIC,*,162.48,90,Invoiced Complete,4050858,6600,20241106,165923,20241112,145244,ESOLORZANO,2024-11-07 02:36:12,0,2025-04-22 01:19:24,INFAJOB,WMIPHPICK_15_AGC_4064351_20241106190037.txt,WMI,15bcdaf4982ce57593598925e5522483
168731603,20241127,202411,,7002,-7002,HI7518811,AGC,-961,HI7518811,HI7518811,DB,329,SGWS CAMPBELL WHSE 1,SGWS CAMPBELL WHSE 1,91 210 HANUA ST,,,KAPOLEI,HI,96707,840,,SGWS CAMPBELL WHSE 1,91 210 HANUA ST,,,KAPOLEI,HI,96707,8086823737,840,HI0000329,20241125,,,LTL,,,,Not Assigned To An Outbound Shipment,20241120,0,20241127,0,,,,,,,99,Cancelled,,3,Pickticket Cancelled.,,Y,N,07518811,1,0.,0.,0.,0,0,0.,0.,0.,0,14450.,,TL,53,F,0,,,6600,N N,,,,45,,,,2147236,12062991,961,986291,986291,,,,,,,,F,,,,,1008.,1008.,1008.,0.,1008.,0.,0.,12.,0.,0.,,HIC,*,10161.48,,,,6600,20241120,155438,20241127,164310,HPEGG,2024-11-21 02:18:17,0,2025-04-22 01:19:24,INFAJOB,WMIPHPICK_15_AGC_4104973_20241120190035.txt,WMI,fc9e5e384580c317ac177743bb93cd30
185702287,20250110,202501,,7002,-7002,HI7518978,AGC,-961,HI7518978,HI7518978,DB,331,SGWS BIG ISLAND WHSE 4,SGWS BIG ISLAND WHSE 4,"61 3785 MALUOKALANI PLACE, #12",,,KAWAIHAE,HI,96743,840,,SGWS BIG ISLAND WHSE 4,"61 3785 MALUOKALANI PLACE, #12",,,KAWAIHAE,HI,96743,8088821841,840,HI0000331,20241219,,,LTL,,,20,Fully Assigned To An Outbound Shipment,20241218,20250108,20250110,151225,250108P0000,N,0,0,0,2,90,Invoiced,,2,Pickticket Completely Invoiced.,,N,N,07518978,1,7109.5,7109.5,0.,0,14,407040.522,0.,0.,0,2328.,,TL,53,F,5,02,ACTIVITY 2,6600,N N,,,,14,20250108017,9,All from Reserve,2141165,12019374,961,986379,986379,DAY,,,,,,,F,***,,***,,156.,156.,156.,0.,0.,156.,156.,12.,624.,156.,CT1,HIC,*,2025.14,90,Invoiced Complete,4087466,6600,20241218,192448,20250110,151225,VRINCON,2024-12-19 03:10:02,0,2025-04-22 01:19:24,INFAJOB,WMIPHPICK_15_AGC_4190461_20241218190036.txt,WMI,8271939374b2c78847c323c21d1c6299
166799397,20250114,202501,,7002,-7002,HI7519005,AGC,-961,HI7519005,HI7519005,DB,329,SGWS CAMPBELL WHSE 1,SGWS CAMPBELL WHSE 1,91 210 HANUA ST,,,KAPOLEI,HI,96707,840,,SGWS CAMPBELL WHSE 1,91 210 HANUA ST,,,KAPOLEI,HI,96707,8086823737,840,HI0000329,20241224,,,LTL,,,20,Fully Assigned To An Outbound Shipment,20241223,20250107,20250114,115058,250107P0000,N,0,0,0,2,90,Invoiced,,2,Pickticket Completely Invoiced.,,N,N,07519005,1,44021.3,44021.3,0.,0,51,2581080.736,0.,0.,0,15768.,,TL,53,F,5,02,ACTIVITY 2,6600,N N,,,,35,20250107006,9,All from Reserve,3368671,12043073,961,309090,309090,DAY,,,,,,,F,***,,***,,528.,528.,528.,0.,0.,528.,528.,48.,3696.,528.,CT1,HIC,*,1671.45,90,Invoiced Complete,4091999,6600,20241223,201640,20250114,115058,ESOLORZANO,2024-12-24 02:19:16,0,2025-04-22 01:19:24,INFAJOB,WMIPHPICK_15_AGC_4204257_20241223190037.txt,WMI,a67f11c0a8fc5988b7098dc7bcaea5fa
150977729,20241223,202412,,7002,-7002,HI7518903,AGC,-961,HI7518903,HI7518903,DB,329,SGWS CAMPBELL WHSE 1,SGWS CAMPBELL WHSE 1,91 210 HANUA ST,,,KAPOLEI,HI,96707,840,,SGWS CAMPBELL WHSE 1,91 210 HANUA ST,,,KAPOLEI,HI,96707,8086823737,840,HI0000329,20241209,,,LTL,,,20,Fully Assigned To An Outbound Shipment,20241206,20241213,20241223,133215,241213P0000,N,0,0,0,2,90,Invoiced,,2,Pickticket Completely Invoiced.,,N,N,07518903,1,41478.52,41478.52,0.,0,64,2463982.846,0.,0.,0,12858.,,TL,53,F,5,02,ACTIVITY 2,6600,N N,,,,35,20241213010,9,All from Reserve,1964198,12796685,961,407346,407346,DAY,,,,,,,F,***,,***,,12.,12.,12.,0.,0.,12.,12.,6.,468.,78.,CT1,HIC,*,1171.34,90,Invoiced Complete,4077360,6600,20241206,152439,20241223,133215,ESOLORZANO,2024-12-07 02:19:15,0,2025-04-22 01:19:24,INFAJOB,WMIPHPICK_15_AGC_4156528_20241206190036.txt,WMI,3bec1ea77a359d3dd256bd2a32a7370f
205605341,20250122,202501,,7002,-7002,HI7519012,AGC,-961,HI7519012,HI7519012,DB,329,SGWS CAMPBELL WHSE 1,SGWS CAMPBELL WHSE 1,91 210 HANUA ST,,,KAPOLEI,HI,96707,840,,SGWS CAMPBELL WHSE 1,91 210 HANUA ST,,,KAPOLEI,HI,96707,8086823737,840,HI0000329,20241224,,,LTL,,,20,Fully Assigned To An Outbound Shipment,20241223,20250113,20250122,114019,250113P0000,N,0,0,0,2,90,Invoiced,,2,Pickticket Completely Invoiced.,,N,N,07519012,1,41163.3,41163.3,41163.3,0,33,2442488.402,0.,2381787.482,0,12696.,,TL,53,F,5,02,ACTIVITY 2,6600,N N,,,,11,20250113004,9,All from Reserve,2204200,12260995,961,993969,993969,DAY,,,,,,,F,***,,***,,8448.,8448.,8448.,0.,0.,8448.,8448.,12.,528.,132.,CT1,HIC,*,108303.36,90,Invoiced Complete,4092006,6600,20241223,202441,20250122,114019,ESOLORZANO,2024-12-24 02:19:16,0,2025-04-22 01:19:24,INFAJOB,WMIPHPICK_15_AGC_4204257_20241223190037.txt,WMI,181104538935dde8ee3897cc8f7feeac
157739931,20250122,202501,,7002,-7002,NV7995987,AGC,-961,NV7995987,NV7995987,DB,1,LAS VEGAS MAIN,LAS VEGAS MAIN,8400 SOUTH JONES,,,LAS VEGAS,NV,89139,840,,LAS VEGAS MAIN,8400 SOUTH JONES,,,LAS VEGAS,NV,89139,7028764500,840,NV0000001,20250114,,,LTL,,,20,Fully Assigned To An Outbound Shipment,20250113,20250121,20250122,191004,250121P0000,N,0,0,0,2,90,Invoiced,,2,Pickticket Completely Invoiced.,,N,N,07995987,1,3906.25,3906.25,0.,0,3,247747.32,0.,0.,0,1650.,,TL,53,F,5,02,ACTIVITY 2,7200,N N,,,,3,20250121007,9,All from Reserve,1282290,12037875,961,980582,980582,DAY,,,,,,,F,***,,***,,900.,900.,900.,0.,0.,900.,900.,12.,900.,180.,CT1,NVL,*,17447.25,90,Invoiced Complete,4105121,7200,20250113,135250,20250122,191004,VRINCON,2025-01-14 02:20:53,0,2025-04-22 01:19:24,INFAJOB,WMIPHPICK_15_AGC_4265675_20250113190036.txt,WMI,4efdfe926b27ad1f92a4c7538f0b3687
178208144,20250218,202502,,7002,-7002,HI7519445,AGC,-961,HI7519445,HI7519445,DB,330,SGWS MAUI WHSE 3,SGWS MAUI WHSE 3,231 LALO PLACE,,,KAHULUI,HI,96732,840,,SGWS MAUI WHSE 3,231 LALO PLACE,,,KAHULUI,HI,96732,8088718406,840,HI0000330,20250214,,,LTL,,,20,Fully Assigned To An Outbound Shipment,20250212,20250217,20250218,174424,250217P0000,N,0,0,0,2,90,Invoiced,,2,Pickticket Completely Invoiced.,,N,N,07519445,1,8179.4,8179.4,0.,0,17,631557.181,0.,0.,0,3081.,,TL,53,F,5,02,ACTIVITY 2,6600,N N,,,,1,20250217009,9,All from Reserve,1891553,11901383,961,28737,28737,DAY,,,,,,,F,***,,***,,36.,36.,36.,0.,0.,36.,36.,12.,816.,204.,CT1,HIC,*,312.51,90,Invoiced Complete,4129623,6600,20250212,184514,20250218,174424,ARENEGAONA,2025-02-13 02:19:13,0,2025-04-22 01:19:24,INFAJOB,WMIPHPICK_15_AGC_4351312_20250212190039.txt,WMI,b1108445ba3fcd6eb85acaa2329799a3
192444527,20250311,202503,,7002,-7002,HI7519631,AGC,-961,HI7519631,HI7519631,DB,329,SGWS CAMPBELL WHSE 1,SGWS CAMPBELL WHSE 1,91 210 HANUA ST,,,KAPOLEI,HI,96707,840,,SGWS CAMPBELL WHSE 1,91 210 HANUA ST,,,KAPOLEI,HI,96707,8086823737,840,HI0000329,20250305,,,LTL,,,20,Fully Assigned To An Outbound Shipment,20250304,20250308,20250311,152904,250308P0000,N,0,0,0,2,90,Invoiced,,2,Pickticket Completely Invoiced.,,N,N,07519631,1,38167.57,38167.57,0.,0,24,2315008.621,0.,0.,0,11910.,,TL,53,F,5,02,ACTIVITY 2,6600,N N,,,,6,20250308026,9,All from Reserve,1900843,12020509,961,28768,28768,DAY,,,,,,,F,***,,***,,5460.,5460.,5460.,0.,0.,5460.,5460.,12.,780.,156.,CT1,HIC,*,20370.35,90,Invoiced Complete,4146910,6600,20250304,165522,20250311,152904,MCASTANE,2025-03-05 02:21:05,0,2025-04-22 01:19:24,INFAJOB,WMIPHPICK_15_AGC_4408185_20250304190039.txt,WMI,8b9e8545455d5cf8d06dab91d4539368
202723274,20250317,202503,,7002,-7002,HI7519701,AGC,-961,HI7519701,HI7519701,DB,329,SGWS CAMPBELL WHSE 1,SGWS CAMPBELL WHSE 1,91 210 HANUA ST,,,KAPOLEI,HI,96707,840,,SGWS CAMPBELL WHSE 1,91 210 HANUA ST,,,KAPOLEI,HI,96707,8086823737,840,HI0000329,20250313,,,LTL,,,20,Fully Assigned To An Outbound Shipment,20250312,20250314,20250317,180245,250314P0000,N,0,0,0,2,90,Invoiced,,2,Pickticket Completely Invoiced.,,N,N,07519701,1,24519.5,24519.5,0.,0,22,1240101.052,0.,0.,0,8202.,,TL,53,F,5,02,ACTIVITY 2,6600,N N,,,,9,20250314016,9,All from Reserve,175132,12295260,961,647075,647075,DAY,,,,,,,F,***,,***,,324.,324.,324.,0.,0.,324.,324.,12.,672.,168.,CT1,HIC,*,5131.62,90,Invoiced Complete,4154140,6600,20250312,182013,20250317,180245,MCASTANE,2025-03-13 01:28:13,0,2025-04-22 01:19:24,INFAJOB,WMIPHPICK_15_AGC_4431271_20250312190038.txt,WMI,b4a72ea01bea73f9cf37f4fa69b694ac
192504852,20250404,202504,,7001,-7001,FL7916540,AGK,-960,FL7916540,FL7916540,DB,50656,SGWS LAKELAND TRF,SGWS LAKELAND TRF,4440 OLD TAMPA HIGHWAY,,,LAKELAND,FL,33811,840,,SGWS/LAKELAND,4440 OLD TAMPA HIGHWAY,,,LAKELAND,FL,33811,8636861526,840,FL0050656,20250327,,,LTL,,,20,Fully Assigned To An Outbound Shipment,20250326,20250402,20250404,110330,250402P0000,N,0,0,0,2,90,Invoiced,,2,Pickticket Completely Invoiced.,,N,N,07916540,1,26600.,0.,0.,0,21,1877316.,0.,0.,0,13440.,,TL,53,F,5,02,ACTIVITY 2,1500,N N,,,,2,20250402004,9,All From Reserve,75689,12927609,960,965145,965145,DAY,,,,,,,F,***,,***,,8400.,8400.,8400.,0.,0.,8400.,8400.,6.,600.,120.,CT1,LAK,*,144004.,90,Invoiced Complete,4166980,1500,20250326,140354,20250404,110330,KRENO,2025-03-26 22:22:19,0,2025-04-22 22:24:20,INFAJOB,WMIPHPICK_15_AGK_4470772_20250326160040.txt,WMI,43aea7c8d426cbf586a83e9f6d422641
185616348,20250224,202502,,7002,-7002,HI7519444,AGC,-961,HI7519444,HI7519444,DB,332,SGWS KAUAI WHSE 5,SGWS KAUAI WHSE 5,1556 HALEUKANA ST,,,LIHUE,HI,96766,840,,SGWS KAUAI WHSE 5,1556 HALEUKANA ST,,,LIHUE,HI,96766,8082452999,840,HI0000332,20250214,,,LTL,,,20,Fully Assigned To An Outbound Shipment,20250212,20250220,20250224,173112,250220P0000,N,0,0,0,2,90,Invoiced,,2,Pickticket Completely Invoiced.,,N,N,07519444,1,2876.35,2876.35,0.,0,15,240470.037,0.,0.,0,1602.,,TL,53,F,5,02,ACTIVITY 2,6600,N N,,,,8,20250220010,9,All from Reserve,2038765,12825830,961,615559,615559,DAY,,,,,,,F,***,,***,,6.,6.,6.,0.,0.,6.,6.,6.,672.,168.,CT1,HIC,*,355.43,90,Invoiced Complete,4129624,6600,20250212,184314,20250224,173112,MCERTEZA,2025-02-13 02:19:13,0,2025-04-23 02:11:15,INFAJOB,WMIPHPICK_15_AGC_4351312_20250212190039.txt,WMI,f15eb2d1dbe7e352f66197153f1266bd
202259918,20250424,202504,,7002,-7002,HI7519911,AGC,-961,HI7519911,HI7519911,DB,329,SGWS CAMPBELL WHSE 1,SGWS CAMPBELL WHSE 1,91 210 HANUA ST,,,KAPOLEI,HI,96707,840,,SGWS CAMPBELL WHSE 1,91 210 HANUA ST,,,KAPOLEI,HI,96707,8086823737,840,HI0000329,20250409,,,LTL,,,20,Fully Assigned To An Outbound Shipment,20250408,20250410,20250424,103738,250410P0000,N,0,0,0,2,90,Invoiced,,2,Pickticket Completely Invoiced.,,N,N,07519911,1,42362.25,42362.25,0.,0,48,2317168.154,0.,0.,0,17300.,,TL,53,F,5,02,ACTIVITY 2,6600,N N,,,,11,20250410003,9,All from Reserve,12456665,11912991,961,524892,524892,DAY,,,,,,,F,***,,***,,924.,924.,924.,0.,0.,924.,924.,12.,660.,132.,CT1,HIC,*,21456.82,90,Invoiced Complete,4176999,6600,20250408,150812,20250424,103738,VRINCON,2025-04-09 01:20:12,0,2025-04-25 01:21:23,INFAJOB,WMIPHPICK_15_AGC_4508526_20250408190040.txt,WMI,34579ebd0282389505ab6ccac6630dc4
178326970,20250413,202504,,7002,-7002,86606326,AGC,-961,86606326,86606326,DB,51011000,SOUTHERN GLAZER'S OF OH 3214991-000,,4800 POTH ROAD,,,COLUMBUS,OH,432131332,840,,SOUTHERN GLAZER'S OF OH 3214991-000,4800 POTH ROAD,,,COLUMBUS,OH,432131332,,840,5101-1000,0,,,LTL,,,20,Fully Assigned To An Outbound Shipment,20250303,20250306,20250413,194006,250306P0000,N,0,0,0,2,90,Invoiced,,2,Pickticket Completely Invoiced.,,N,N,,0,1183774.8,1183774.8,0.,0,25,57071551.2,0.,0.,0,556.,,TL,53,F,5,03,ACTIVITY 3,,N N,,,,15,20250306001,9,All from Reserve,9595229,13006627,961,MISCOHC,MISCOHC,DAY,,,,,,,F,***,,***,,22.,48.,48.,0.,0.,48.,48.,1.,1.,1.,CT1,XDK,4130707,7920.,90,Invoiced Complete,86606326,,20250303,100007,20250413,194006,EUBER,2025-03-01 02:20:35,0,2025-04-25 01:21:23,INFAJOB,WMIPHPICK_15_AGC_4397220_20250228190038.txt,WMI,3666c2d11651eaadd007f765791e57f1
202505522,20250412,202504,,7002,-7002,83987925,AGC,-961,83987925,83987925,DB,7201LASV,SOUTHERN GLAZER'S OF NV - LAS VEGAS,,8400 SOUTH JONES BLVD,,,LAS VEGAS,NV,89139,840,,SOUTHERN GLAZER'S OF NV - LAS VEGAS,8400 SOUTH JONES BLVD,,,LAS VEGAS,NV,89139,,840,7201-LASV,0,,,LTL,,,,Not Assigned To An Outbound Shipment,20241121,0,20250412,0,,,,,,,99,Cancelled,,3,Pickticket Cancelled.,,Y,N,,0,0.,0.,0.,0,0,0.,0.,0.,0,0.,,TL,53,F,0,,,,N N,,,,3,,,,428533,12991968,961,MISCNVL,MISCNVL,,,,,,,,F,,,,,22.,0.,0.,0.,0.,0.,0.,1.,0.,0.,CT1,XDK,3971965,0.,,,,,20241121,94906,20250412,90016,EUBER,2024-11-14 02:31:13,0,2025-04-25 01:21:23,INFAJOB,WMIPHPICK_15_AGC_4084638_20241113190036.txt,WMI,1730f2705606668c4374a859fce6615a
183314415,20250416,202504,,7002,-7002,87518042,AGC,-961,87518042,87518042,DB,5601BULK,SGWSGFCA - FAIRFIELDSD-,,3350 4TH AVENUE EAST,,,SHAKOPEE,MN,55379,840,,SGWSGFCA - FAIRFIELDSD-,3350 4TH AVENUE EAST,,,SHAKOPEE,MN,55379,,840,5601-BULK,0,,,LTL,,,20,Fully Assigned To An Outbound Shipment,20250410,20250411,20250416,180355,250411P0000,N,0,0,0,2,90,Invoiced,,2,Pickticket Completely Invoiced.,,N,N,,0,2893430.4,2893430.4,0.,0,35,139526489.6,0.,0.,0,1253.,,TL,53,F,5,03,ACTIVITY 3,,N N,,,,24,20250411020,9,All from Reserve,12772823,12985326,961,MISCMIN,MISCMIN,DAY,,,,,,,F,***,,***,,22.,1.,1.,0.,0.,1.,1.,1.,1.,1.,CT1,XDK,4167324,7920.,90,Invoiced Complete,87518042,,20250410,100506,20250416,180355,MCERTEZA,2025-04-09 01:20:12,0,2025-04-25 01:21:23,INFAJOB,WMIPHPICK_15_AGC_4508526_20250408190040.txt,WMI,5166b36273d906ef499fb9e907d29a67
229703573,20250417,202504,,7002,-7002,87560466,AGC,-961,87560466,87560466,DB,8201BULK,SGWSGFCA - FAIRFIELDOR-,,9805 SW BOECKMAN ROAD,,,WILSONVILLE,OR,97070,840,,SGWSGFCA - FAIRFIELDOR-,9805 SW BOECKMAN ROAD,,,WILSONVILLE,OR,97070,,840,8201-BULK,0,,,LTL,,,20,Fully Assigned To An Outbound Shipment,20250414,20250414,20250417,140238,250414P0000,N,0,0,0,2,90,Invoiced,,2,Pickticket Completely Invoiced.,,N,N,,0,2536674.6,0.,0.,0,25,122296171.6,0.,0.,0,1095.,,TL,53,F,5,03,ACTIVITY 3,,N N,,,,1,20250414036,9,All from Reserve,1292530,13056607,961,MISCORE,MISCORE,DAY,,,,,,,F,***,,***,,22.,6.,6.,0.,0.,6.,6.,1.,1.,1.,CT1,XDK,4154589,7920.,90,Invoiced Complete,87560466,,20250414,121616,20250417,140238,MCERTEZA,2025-04-10 01:19:27,0,2025-04-25 01:21:23,INFAJOB,WMIPHPICK_15_AGC_4511738_20250409190040.txt,WMI,3c30b8e8cdfd66eabde37a7d7ab5ccd9
99763876,20240710,202407,,7002,-7002,81171612,AGC,-961,81171612,81171612,DB,7201LASV,SOUTHERN GLAZER'S OF NV - LAS VEGAS,,8400 SOUTH JONES BLVD,,,LAS VEGAS,NV,89139,840,,SOUTHERN GLAZER'S OF NV - LAS VEGAS,8400 SOUTH JONES BLVD,,,LAS VEGAS,NV,89139,,840,7201-LASV,0,,,LTL,,,20,Fully Assigned To An Outbound Shipment,20240703,20240709,20240710,182917,240709P0000,N,0,0,0,2,90,Invoiced,,2,Pickticket Completely Invoiced.,,N,N,,0,92640.,6948.,0.,0,40,4483584.,0.,0.,0,40.,,TL,53,F,5,03,ACTIVITY 3,,N N,,,,22,20240709007,9,All from Reserve,428533,12991968,961,MISCNVL,MISCNVL,DAY,,,,,,,F,***,,***,,22.,1.,1.,0.,0.,1.,1.,1.,1.,1.,CT1,XDK,3924060,7920.,90,Invoiced Complete,81171612,,20240703,104706,20240710,182917,EUBER,2024-07-20 14:34:08,0,2025-04-25 01:21:23,INFAJOB,WMIPHPICK_15_Adhoc_3730955_20240719125822.txt,WMI,87e3e53bd1b5ad34c1c98c1c96645af1
100176143,20240701,202407,,7002,-7002,81058140,AGC,-961,81058140,81058140,DB,7601BULK,SOUTHERN GLAZERS OF NM,,123 MONTANO RD NW,,,ALBUQUERQUE,NM,87107,840,,SOUTHERN GLAZERS OF NM,123 MONTANO RD NW,,,ALBUQUERQUE,NM,87107,,840,7601-BULK,0,,,LTL,,,20,Fully Assigned To An Outbound Shipment,20240628,20240629,20240701,194705,240629P0000,N,0,0,0,2,90,Invoiced,,2,Pickticket Completely Invoiced.,,N,N,,0,76428.,6948.,0.,0,33,3698553.6,0.,0.,0,36.,,TL,53,F,5,03,ACTIVITY 3,,N N,,,,2,20240629007,9,All from Reserve,603572,12819236,961,MISCALB,MISCALB,DAY,,,,,,,F,***,,***,,22.,5.,5.,0.,0.,5.,5.,1.,1.,1.,CT1,XDK,3921150,7920.,90,Invoiced Complete,81058140,,20240628,140224,20240701,194705,AGUERRERO,2024-07-20 14:34:08,0,2025-04-25 01:21:23,INFAJOB,WMIPHPICK_15_Adhoc_3730955_20240719125822.txt,WMI,7b6a59ff6b6bbf25baa94f35474e7a5c
101908731,20240708,202407,,7002,-7002,81106164,AGC,-961,81106164,81106164,DB,85011000,SOUTHERN GLAZER'S OF OK,,315 S 85TH E AVE,,,TULSA,OK,74112,840,,SOUTHERN GLAZER'S OF OK,315 S 85TH E AVE,,,TULSA,OK,74112,,840,8501-1000,0,,,LTL,,,20,Fully Assigned To An Outbound Shipment,20240701,20240702,20240708,180240,240702P0000,N,0,0,0,2,90,Invoiced,,2,Pickticket Completely Invoiced.,,N,N,,0,60216.,2316.,0.,0,26,2914329.6,0.,0.,0,27.,,TL,53,F,5,03,ACTIVITY 3,,N N,,,,4,20240702010,9,All from Reserve,2402592,12898760,961,MISCOKT,MISCOKT,DAY,,,,,,,F,***,,***,,22.,3.,3.,0.,0.,3.,3.,1.,1.,1.,CT1,XDK,3929388,7920.,90,Invoiced Complete,81106164,,20240701,105901,20240708,180240,AGUERRERO,2024-07-20 14:34:08,0,2025-04-25 01:21:23,INFAJOB,WMIPHPICK_15_Adhoc_3730955_20240719125822.txt,WMI,e5eb7a4049c723948b10c0577672c8ea
103219330,20240626,202406,,7002,-7002,80936184,AGC,-961,80936184,80936184,DB,94011000,SOUTHERN GLAZERS OF KS - EDWARDSVI,,1100 BLAKE STREET,,,EDWARDSVILLE,KS,66111,840,,SOUTHERN GLAZERS OF KS - EDWARDSVI,1100 BLAKE STREET,,,EDWARDSVILLE,KS,66111,,840,9401-1000,0,,,LTL,,,20,Fully Assigned To An Outbound Shipment,20240625,20240625,20240626,211708,240625P0000,N,0,0,0,2,90,Invoiced,,2,Pickticket Completely Invoiced.,,N,N,,0,57900.,37056.,0.,0,25,2802240.,0.,0.,0,25.,,TL,53,F,5,03,ACTIVITY 3,,N N,,,,4,20240625018,9,All from Reserve,1865328,12938428,961,MISCKSE,MISCKSE,DAY,,,,,,,F,***,,***,,22.,1.,1.,0.,0.,1.,1.,1.,1.,1.,CT1,XDK,3910726,7920.,90,Invoiced Complete,80936184,,20240625,102517,20240626,211708,ARENEGAONA,2024-07-20 14:34:08,0,2025-04-25 01:21:23,INFAJOB,WMIPHPICK_15_Adhoc_3730955_20240719125822.txt,WMI,528f4d73bbe725975cbb95718e94bf4f
100268869,20240712,202407,,7002,-7002,81106289,AGC,-961,81106289,81106289,DB,77011000,SOUTHERN GLAZERS OF TN,,6290 SHELBY VIEW DR,,,MEMPHIS,TN,381347662,840,,SOUTHERN GLAZERS OF TN,6290 SHELBY VIEW DR,,,MEMPHIS,TN,381347662,,840,7701-1000,0,,,LTL,,,20,Fully Assigned To An Outbound Shipment,20240701,20240703,20240712,200916,240703P0000,N,0,0,0,2,90,Invoiced,,2,Pickticket Completely Invoiced.,,N,N,,0,69480.,9264.,0.,0,30,3362688.,0.,0.,0,30.,,TL,53,F,5,03,ACTIVITY 3,,N N,,,,16,20240703035,9,All from Reserve,6491550,12968114,961,MISCTEN,MISCTEN,DAY,,,,,,,F,***,,***,,22.,1.,1.,0.,0.,1.,1.,1.,1.,1.,CT1,XDK,3918871,7920.,90,Invoiced Complete,81106289,,20240701,111101,20240712,200916,DENCINA,2024-07-20 14:34:08,0,2025-04-25 01:21:23,INFAJOB,WMIPHPICK_15_Adhoc_3730955_20240719125822.txt,WMI,0658f2f898acc86dbec2f252484483de
100060084,20240619,202406,,7002,-7002,80841162,AGC,-961,80841162,80841162,DB,1401BULK,SOUTHERN GLAZERS OF FL,,4440 OLD TAMPA HIGHWAY,,,LAKELAND,FL,33811,840,,SOUTHERN GLAZERS OF FL,4440 OLD TAMPA HIGHWAY,,,LAKELAND,FL,33811,,840,1401-BULK,0,,,LTL,,,20,Fully Assigned To An Outbound Shipment,20240619,20240620,20240620,194009,240620P0000,N,0,0,0,2,90,Invoiced,,2,Pickticket Completely Invoiced.,,N,N,,0,34740.,34740.,0.,0,15,1681344.,0.,0.,0,15.,,TL,53,F,5,03,ACTIVITY 3,,N N,,,,13,,,,161017,13060051,961,MISCLAK,MISCLAK,,,,,,,,F,,,,,22.,0.,0.,0.,0.,0.,0.,1.,0.,0.,CT1,XDK,3909724,0.,,,,,20240619,94308,20240619,94308,WBURGOYN,2024-07-20 14:34:08,0,2025-04-25 01:21:23,INFAJOB,WMIPHPICK_15_Adhoc_3730955_20240719125822.txt,WMI,c08049afd85c217bda362e5dd35053db
100949963,20240629,202406,,7002,-7002,81030580,AGC,-961,81030580,81030580,DB,6601LIHU,SOUTHERN GLAZERS OF HI -LIHU,,1556 HALEUKANA ST,,,"LIHUE, KAUAI",HI,96766,840,,SOUTHERN GLAZERS OF HI -LIHU,1556 HALEUKANA ST,,,"LIHUE, KAUAI",HI,96766,,840,6601-LIHU,0,,,LTL,,,20,Fully Assigned To An Outbound Shipment,20240627,20240627,20240629,210320,240627P0000,N,0,0,0,2,90,Invoiced,,2,Pickticket Completely Invoiced.,,N,N,,0,81060.,16212.,0.,0,35,3923136.,0.,0.,0,35.,,TL,53,F,5,03,ACTIVITY 3,,N N,,,,1,20240627014,9,All from Reserve,604212,12978507,961,MISCHIK,MISCHIK,DAY,,,,,,,F,***,,***,,22.,5.,5.,0.,0.,5.,5.,1.,1.,1.,CT1,XDK,3892839,7920.,90,Invoiced Complete,81030580,,20240627,144338,20240629,210320,EUBER,2024-07-20 14:34:08,0,2025-04-25 01:21:23,INFAJOB,WMIPHPICK_15_Adhoc_3730955_20240719125822.txt,WMI,8d20cd344214a7df858cbb7bd8503a76
100945897,20240725,202407,,7002,-7002,81338361,AGC,-961,81338361,81338361,DB,7601BULK,SOUTHERN GLAZERS OF NM,,123 MONTANO RD NW,,,ALBUQUERQUE,NM,87107,840,,SOUTHERN GLAZERS OF NM,123 MONTANO RD NW,,,ALBUQUERQUE,NM,87107,,840,7601-BULK,0,,,LTL,,,20,Fully Assigned To An Outbound Shipment,20240718,20240719,20240725,104422,240719P0000,N,0,0,0,2,90,Invoiced,,2,Pickticket Completely Invoiced.,,N,N,,0,20844.,4632.,0.,0,9,1008806.4,0.,0.,0,25.,,TL,53,F,5,03,ACTIVITY 3,,N N,,,,2,20240719008,9,All from Reserve,603572,12819236,961,MISCALB,MISCALB,DAY,,,,,,,F,***,,***,,22.,1.,1.,0.,0.,1.,1.,1.,1.,1.,CT1,XDK,3833724,7920.,90,Invoiced Complete,81338361,,20240718,130732,20240725,104422,EUBER,2024-07-20 14:34:08,0,2025-04-25 01:21:23,INFAJOB,WMIPHPICK_15_Adhoc_3730955_20240719125822.txt,WMI,5585ec6f06f7c62f6f9f79eaf845404d
102488811,20240731,202407,,7002,-7002,81680679,AGC,-961,81680679,81680679,DB,3501BOLI,SOUTHERN GLAZER'S OF IL,,300 EAST CROSSROADS PARKWAY,,,BOLINGBROOK,IL,60440,840,,SOUTHERN GLAZER'S OF IL,300 EAST CROSSROADS PARKWAY,,,BOLINGBROOK,IL,60440,,840,3501-BOLI,0,,,LTL,,,20,Fully Assigned To An Outbound Shipment,20240726,20240730,20240731,115249,240730P0000,N,0,0,0,2,90,Invoiced,,2,Pickticket Completely Invoiced.,,N,N,,0,53268.,0.,0.,0,23,2578060.8,0.,0.,0,23.,,TL,53,F,5,03,ACTIVITY 3,,N N,,,,4,20240730002,9,All from Reserve,2401952,12888203,961,MISCBOL,MISCBOL,DAY,,,,,,,F,***,,***,,22.,2.,2.,0.,0.,2.,2.,1.,1.,1.,CT1,XDK,3944615,7920.,90,Invoiced Complete,81680679,,20240726,103204,20240731,115249,AGUERRERO,2024-07-26 16:14:26,0,2025-04-25 01:21:23,INFAJOB,WMIPHPICK_15_AGC_3750366_20240726110039.txt,WMI,c43876561be1aed315a47f86b3385735
103420120,20240806,202408,,7002,-7002,81852746,AGC,-961,81852746,81852746,DB,4501METR,SOUTHERN GLAZER'S OF NY - SYOSSET,,345 UNDERHILL BLVD,,,SYOSSET,NY,11791,840,,SOUTHERN GLAZER'S OF NY - SYOSSET,345 UNDERHILL BLVD,,,SYOSSET,NY,11791,,840,4501-METR,0,,,LTL,,,20,Fully Assigned To An Outbound Shipment,20240802,20240802,20240806,112205,240802P0000,N,0,0,0,2,90,Invoiced,,2,Pickticket Completely Invoiced.,,N,N,,0,60216.,55584.,0.,0,26,2914329.6,0.,0.,0,29.,,TL,53,F,5,03,ACTIVITY 3,,N N,,,,14,20240802026,9,All from Reserve,2179553,12855646,961,MISCNYM,MISCNYM,DAY,,,,,,,F,***,,***,,22.,1.,1.,0.,0.,1.,1.,1.,1.,1.,CT1,XDK,3898698,7920.,90,Invoiced Complete,81852746,,20240802,122201,20240806,112205,AGUERRERO,2024-08-03 16:12:59,0,2025-04-25 01:21:23,INFAJOB,WMIPHPICK_15_AGC_3773655_20240803110038.txt,WMI,8bb4a0df4783dcc6b8268073e130f12b
102127779,20240807,202408,,7002,-7002,81654256,AGC,-961,81654256,81654256,DB,7201LASV,SOUTHERN GLAZER'S OF NV - LAS VEGAS,,8400 SOUTH JONES BLVD,,,LAS VEGAS,NV,89139,840,,SOUTHERN GLAZER'S OF NV - LAS VEGAS,8400 SOUTH JONES BLVD,,,LAS VEGAS,NV,89139,,840,7201-LASV,0,,,LTL,,,20,Fully Assigned To An Outbound Shipment,20240730,20240802,20240807,185052,240802P0000,N,0,0,0,2,90,Invoiced,,2,Pickticket Completely Invoiced.,,N,N,,0,55584.,2316.,0.,0,24,2690150.4,0.,0.,0,24.,,TL,53,F,5,03,ACTIVITY 3,,N N,,,,3,20240802001,9,All from Reserve,428533,12991968,961,MISCNVL,MISCNVL,DAY,,,,,,,F,***,,***,,22.,1.,1.,0.,0.,1.,1.,1.,1.,1.,CT1,XDK,3942198,7920.,90,Invoiced Complete,81654256,,20240730,112510,20240807,185052,AGUERRERO,2024-07-25 17:13:50,0,2025-04-25 01:21:23,INFAJOB,WMIPHPICK_15_AGC_3747402_20240725115935.txt,WMI,172ca549c3e2c8a4ed2afbe5402fe936
103462342,20240807,202408,,7002,-7002,81818382,AGC,-961,81818382,81818382,DB,7801DENV,SOUTHERN GLAZER'S OF CO,,22800 EAST 19TH AVENUE,,,AURORA,CO,80019,840,,SOUTHERN GLAZER'S OF CO,22800 EAST 19TH AVENUE,,,AURORA,CO,80019,,840,7801-DENV,0,,,LTL,,,20,Fully Assigned To An Outbound Shipment,20240801,20240805,20240807,142237,240805P0000,N,0,0,0,2,90,Invoiced,,2,Pickticket Completely Invoiced.,,N,N,,0,55584.,0.,0.,0,24,2690150.4,0.,0.,0,26.,,TL,53,F,5,03,ACTIVITY 3,,N N,,,,12,20240805019,9,All from Reserve,603892,13173221,961,MISCCOA,MISCCOA,DAY,,,,,,,F,***,,***,,22.,1.,1.,0.,0.,1.,1.,1.,1.,1.,CT1,XDK,3943929,7920.,90,Invoiced Complete,81818382,,20240801,110710,20240807,142237,AGUERRERO,2024-08-01 16:17:20,0,2025-04-25 01:21:23,INFAJOB,WMIPHPICK_15_AGC_3767324_20240801110038.txt,WMI,daad42c189c639d8f2b1d98e3ab9908f
98811151,20240724,202407,,7002,-7002,81528271,AGC,-961,81528271,81528271,DB,5201BULK,SOUTHERN GLAZER'S OF AZ,,2375 S 45TH AVE,,,PHOENIX,AZ,85043,840,,SOUTHERN GLAZER'S OF AZ,2375 S 45TH AVE,,,PHOENIX,AZ,85043,,840,5201-BULK,0,,,LTL,,,20,Fully Assigned To An Outbound Shipment,20240719,20240722,20240724,133400,240722P0000,N,0,0,0,2,90,Invoiced,,2,Pickticket Completely Invoiced.,,N,N,,0,60216.,2316.,0.,0,26,2914329.6,0.,0.,0,29.,,TL,53,F,5,03,ACTIVITY 3,,N N,,,,14,20240722018,9,All from Reserve,2028527,12886643,961,MISCPHX,MISCPHX,DAY,,,,,,,F,***,,***,,22.,1.,1.,0.,0.,1.,1.,1.,1.,1.,CT1,XDK,3939723,7920.,90,Invoiced Complete,81528271,,20240719,114013,20240724,133400,ARENEGAONA,2024-07-20 14:34:08,0,2025-04-25 01:21:23,INFAJOB,WMIPHPICK_15_Adhoc_3730955_20240719125822.txt,WMI,a5e544bb5085e6fc3727e9645540267c
100823569,20240725,202407,,7002,-7002,81528185,AGC,-961,81528185,81528185,DB,5601BULK,SOUTHERN GLAZER'S OF MN,,3350 4TH AVENUE EAST,,,SHAKOPEE,MN,55379,840,,SOUTHERN GLAZER'S OF MN,3350 4TH AVENUE EAST,,,SHAKOPEE,MN,55379,,840,5601-BULK,0,,,LTL,,,20,Fully Assigned To An Outbound Shipment,20240719,20240722,20240725,164348,240722P0000,N,0,0,0,2,90,Invoiced,,2,Pickticket Completely Invoiced.,,N,N,,0,85692.,2316.,0.,0,37,4147315.2,0.,0.,0,37.,,TL,53,F,5,03,ACTIVITY 3,,N N,,,,5,20240722011,9,All from Reserve,12772823,12985326,961,MISCMIN,MISCMIN,DAY,,,,,,,F,***,,***,,22.,1.,1.,0.,0.,1.,1.,1.,1.,1.,CT1,XDK,3933554,7920.,90,Invoiced Complete,81528185,,20240719,114114,20240725,164348,EUBER,2024-07-20 14:34:08,0,2025-04-25 01:21:23,INFAJOB,WMIPHPICK_15_Adhoc_3730955_20240719125822.txt,WMI,29d6eb124172f9d61f6d3ecc482435bb
103500050,20240807,202408,,7002,-7002,81958494,AGC,-961,81958494,81958494,DB,87021000,SOUTHERN GLAZER'S OF TX W 512532,,525 CANE ISLAND PARKWAY,,,KATY,TX,77494,840,,SOUTHERN GLAZER'S OF TX W 512532,525 CANE ISLAND PARKWAY,,,KATY,TX,77494,,840,8702-1000,0,,,LTL,,,20,Fully Assigned To An Outbound Shipment,20240807,20240807,20240809,162935,240807P0000,N,0,0,0,2,90,Invoiced,,2,Pickticket Completely Invoiced.,,N,N,,0,57900.,0.,0.,0,25,2800627.2,0.,0.,0,25.,,TL,53,F,5,03,ACTIVITY 3,,N N,,,,8,,,,2180193,12920171,961,MISCTXH,MISCTXH,,,,,,,,F,,,,,22.,0.,0.,0.,0.,0.,0.,1.,0.,0.,CT1,XDK,3962504,0.,,,,,20240807,104948,20240807,104948,AGCWMI,2024-08-07 16:19:33,0,2025-04-25 01:21:23,INFAJOB,WMIPHPICK_15_AGC_3783976_20240807110040.txt,WMI,32f62a07faa0ca246ffa7c427d646013
107371431,20240816,202408,,7002,-7002,82085800,AGC,-961,82085800,82085800,DB,5401BULK,SOUTHERN GLAZER'S OF DE,,615 LAMBSON LANE,,,NEW CASTLE,DE,19720,840,,SOUTHERN GLAZER'S OF DE,615 LAMBSON LANE,,,NEW CASTLE,DE,19720,,840,5401-BULK,0,,,LTL,,,20,Fully Assigned To An Outbound Shipment,20240813,20240814,20240816,134212,240814P0000,N,0,0,0,2,90,Invoiced,,2,Pickticket Completely Invoiced.,,N,N,,0,62532.,6948.,0.,0,27,3026419.2,0.,0.,0,27.,,TL,53,F,5,03,ACTIVITY 3,,N N,,,,3,20240814015,9,All from Reserve,2111086,12888747,961,MISCDEL,MISCDEL,DAY,,,,,,,F,***,,***,,22.,2.,2.,0.,0.,2.,2.,1.,1.,1.,CT1,XDK,3949013,7920.,90,Invoiced Complete,82085800,,20240813,93150,20240816,134212,AGUERRERO,2024-08-13 16:14:50,0,2025-04-25 01:21:23,INFAJOB,WMIPHPICK_15_AGC_3798513_20240813110032.txt,WMI,75bb0fe493c76c95382a0f13a920ccd1
109509567,20240825,202408,,7002,-7002,82314606,AGC,-961,82314606,82314606,DB,1401BULK,SOUTHERN GLAZER'S OF FL,,4440 OLD TAMPA HIGHWAY,,,LAKELAND,FL,33811,840,,SOUTHERN GLAZER'S OF FL,4440 OLD TAMPA HIGHWAY,,,LAKELAND,FL,33811,,840,1401-BULK,0,,,LTL,,,20,Fully Assigned To An Outbound Shipment,20240822,20240822,20240825,84425,240822P0000,N,0,0,0,2,90,Invoiced,,2,Pickticket Completely Invoiced.,,N,N,,0,62532.,20844.,0.,0,27,3026419.2,0.,0.,0,28.,,TL,53,F,5,03,ACTIVITY 3,,N N,,,,4,20240822028,9,All from Reserve,161017,13060051,961,MISCLAK,MISCLAK,DAY,,,,,,,F,***,,***,,22.,1.,1.,0.,0.,1.,1.,1.,1.,1.,CT1,XDK,3955318,7920.,90,Invoiced Complete,82314606,,20240822,142848,20240825,84425,EUBER,2024-08-22 20:13:35,0,2025-04-25 01:21:23,INFAJOB,WMIPHPICK_15_AGC_3825394_20240822140033.txt,WMI,2f90c0f93682ea45dd3a063d200131dc
116496253,20240905,202409,,7002,-7002,82471145,AGC,-961,82471145,82471145,DB,83011000,SOUTHERN GLAZERS OF IA WA 0000085,,4377 112TH STREET,,,URBANDALE,IA,503222073,840,,SOUTHERN GLAZERS OF IA WA 0000085,4377 112TH STREET,,,URBANDALE,IA,503222073,,840,8301-1000,0,,,LTL,,,20,Fully Assigned To An Outbound Shipment,20240830,20240904,20240906,4359,240904P0000,N,0,0,0,2,90,Invoiced,,2,Pickticket Completely Invoiced.,,N,N,,0,85692.,85692.,0.,0,37,4147315.2,0.,0.,0,37.,,TL,53,F,5,03,ACTIVITY 3,,N N,,,,5,20240904016,9,All from Reserve,9594909,12906807,961,MISCIAU,MISCIAU,DAY,,,,,,,F,***,,***,,22.,2.,2.,0.,0.,2.,2.,1.,1.,1.,CT1,XDK,3972722,7920.,90,Invoiced Complete,82471145,,20240830,91258,20240906,4359,DENCINA,2024-08-29 20:16:42,0,2025-04-25 01:21:23,INFAJOB,WMIPHPICK_15_AGC_3845210_20240829140036.txt,WMI,4bd818680bac28aeccb366dce8f632cc
110535794,20240830,202408,,7002,-7002,82381414,AGC,-961,82381414,82381414,DB,3501BOLI,SOUTHERN GLAZER'S OF IL,,300 EAST CROSSROADS PARKWAY,,,BOLINGBROOK,IL,60440,840,,SOUTHERN GLAZER'S OF IL,300 EAST CROSSROADS PARKWAY,,,BOLINGBROOK,IL,60440,,840,3501-BOLI,0,,,LTL,,,20,Fully Assigned To An Outbound Shipment,20240828,20240829,20240830,170450,240829P0000,N,0,0,0,2,90,Invoiced,,2,Pickticket Completely Invoiced.,,N,N,,0,48636.,48636.,0.,0,21,2353881.6,0.,0.,0,21.,,TL,53,F,5,03,ACTIVITY 3,,N N,,,,1,20240829022,9,All from Reserve,2401952,12888203,961,MISCBOL,MISCBOL,DAY,,,,,,,F,***,,***,,22.,7.,7.,0.,0.,7.,7.,1.,1.,1.,CT1,XDK,3974135,7920.,90,Invoiced Complete,82381414,,20240828,115529,20240830,170450,AGUERRERO,2024-08-27 21:40:31,0,2025-04-25 01:21:23,INFAJOB,WMIPHPICK_15_AGC_3838885_20240827140032.txt,WMI,37164307c5a24ee69c4252fffd7b2aa0
123139915,20240830,202408,,7002,-7002,82438395,AGC,-961,82438395,82438395,DB,6601KAWA,SOUTHERN GLAZERS OF HI - KAWA,,61 3785 MALUOKALANI PL 12,,,KAWAIHAE,HI,96743,840,,SOUTHERN GLAZERS OF HI - KAWA,61 3785 MALUOKALANI PL 12,,,KAWAIHAE,HI,96743,,840,6601-KAWA,0,,,LTL,,,20,Fully Assigned To An Outbound Shipment,20240828,20240829,20240830,181642,240829P0000,N,0,0,0,2,90,Invoiced,,2,Pickticket Completely Invoiced.,,N,N,,0,76428.,48636.,0.,0,33,3698956.8,0.,0.,0,34.,,TL,53,F,5,03,ACTIVITY 3,,N N,,,,11,20240829012,9,All from Reserve,6491230,12907000,961,MISCHIB,MISCHIB,DAY,,,,,,,F,***,,***,,22.,2.,2.,0.,0.,2.,2.,1.,1.,1.,CT1,XDK,3965922,7920.,90,Invoiced Complete,82438395,,20240828,114328,20240830,181642,AGUERRERO,2024-08-28 20:15:30,0,2025-04-25 01:21:23,INFAJOB,WMIPHPICK_15_AGC_3842047_20240828140035.txt,WMI,7316dc7fe93cb4579d95c551b43b4804
113602903,20240904,202409,,7002,-7002,82402462,AGC,-961,82402462,82402462,DB,8001BULK,SOUTHERN GLAZER'S OF WA,,1025 VALLEY AVE NW,,,PUYALLUP,WA,98371,840,,SOUTHERN GLAZER'S OF WA,1025 VALLEY AVE NW,,,PUYALLUP,WA,98371,,840,8001-BULK,0,,,,,,20,Fully Assigned To An Outbound Shipment,20240828,20240903,20240904,212430,240903P0000,N,0,0,0,2,90,Invoiced,,2,Pickticket Completely Invoiced.,,N,N,,0,74112.,74112.,0.,0,32,3586867.2,0.,0.,0,33.,,TL,53,F,5,03,ACTIVITY 3,,N N,,,,9,20240903019,9,All from Reserve,2184675,13035126,961,MISCWAP,MISCWAP,DAY,,,,,,,F,***,,***,,22.,2.,2.,0.,0.,2.,2.,1.,1.,1.,CT1,XDK,3958838,7920.,90,Invoiced Complete,82402462,,20240828,172348,20240904,212430,AGUERRERO,2024-08-27 21:40:31,0,2025-04-25 01:21:23,INFAJOB,WMIPHPICK_15_AGC_3838885_20240827140032.txt,WMI,974367ec419970d2ff979112549722c0
115655871,20240906,202409,,7002,-7002,82381418,AGC,-961,82381418,82381418,DB,5601BULK,SOUTHERN GLAZER'S OF MN,,3350 4TH AVENUE EAST,,,SHAKOPEE,MN,55379,840,,SOUTHERN GLAZER'S OF MN,3350 4TH AVENUE EAST,,,SHAKOPEE,MN,55379,,840,5601-BULK,0,,,LTL,,,20,Fully Assigned To An Outbound Shipment,20240830,20240905,20240906,175151,240905P0000,N,0,0,0,2,90,Invoiced,,2,Pickticket Completely Invoiced.,,N,N,,0,60216.,0.,0.,0,26,2914329.6,0.,0.,0,26.,,TL,53,F,5,03,ACTIVITY 3,,N N,,,,5,20240905014,9,All from Reserve,12772823,12985326,961,MISCMIN,MISCMIN,DAY,,,,,,,F,***,,***,,22.,1.,1.,0.,0.,1.,1.,1.,1.,1.,CT1,XDK,3960978,7920.,90,Invoiced Complete,82381418,,20240830,170125,20240906,175151,AGUERRERO,2024-08-28 20:15:30,0,2025-04-25 01:21:23,INFAJOB,WMIPHPICK_15_AGC_3842047_20240828140035.txt,WMI,ee6d557bc159f0e4f21d320f4c1cd49d
110082338,20240909,202409,,7002,-7002,82307520,AGC,-961,82307520,82307520,DB,5601BULK,SOUTHERN GLAZER'S OF SD,,3350 4TH AVENUE EAST,,,SHAKOPEE,MN,55379,840,,SOUTHERN GLAZER'S OF SD,3350 4TH AVENUE EAST,,,SHAKOPEE,MN,55379,,840,5601-BULK,0,,,LTL,,,20,Fully Assigned To An Outbound Shipment,20240904,20240906,20240909,184526,240906P0000,N,0,0,0,2,90,Invoiced,,2,Pickticket Completely Invoiced.,,N,N,,0,94956.,2316.,0.,0,41,4595270.4,0.,0.,0,41.,,TL,53,F,5,03,ACTIVITY 3,,N N,,,,23,20240906013,9,All from Reserve,12772823,12985326,961,MISCMIN,MISCMIN,DAY,,,,,,,F,***,,***,,22.,1.,1.,0.,0.,1.,1.,1.,1.,1.,CT1,XDK,3961231,7920.,90,Invoiced Complete,82307520,,20240904,150152,20240909,184526,AGUERRERO,2024-08-22 20:13:35,0,2025-04-25 01:21:23,INFAJOB,WMIPHPICK_15_AGC_3825394_20240822140033.txt,WMI,8b9814ee28cce5fbb43ce21224603edc
153054177,20240930,202409,,7002,-7002,82582380,AGC,-961,82582380,82582380,DB,92011000,SOUTHERN GLAZERS OF LA - ST. ROSE 7,,111 RIVERBEND DR,,,SAINT ROSE,LA,700873318,840,,SOUTHERN GLAZERS OF LA - ST. ROSE 7,111 RIVERBEND DR,,,SAINT ROSE,LA,700873318,,840,9201-1000,0,,,LTL,,,20,Fully Assigned To An Outbound Shipment,20240905,20240906,20240930,172955,240906P0000,N,0,0,0,2,90,Invoiced,,2,Pickticket Completely Invoiced.,,N,N,,0,69480.,69480.,0.,0,30,3362688.,0.,0.,0,31.,,TL,53,F,5,03,ACTIVITY 3,,N N,,,,5,20240906038,9,All from Reserve,604532,12852462,961,MISCLAS,MISCLAS,DAY,,,,,,,F,***,,***,,22.,1.,1.,0.,0.,1.,1.,1.,1.,1.,CT1,XDK,3975345,7920.,90,Invoiced Complete,82582380,,20240905,140738,20240930,172955,EUBER,2024-09-05 20:15:02,0,2025-04-25 01:21:23,INFAJOB,WMIPHPICK_15_AGC_3866465_20240905140032.txt,WMI,abd1d6119bf31cdd33fbe0b34a89e12c
136083751,20240915,202409,,7002,-7002,82635900,AGC,-961,82635900,82635900,DB,7201LASV,SOUTHERN GLAZER'S OF NV - LAS VEGAS,,8400 SOUTH JONES BLVD,,,LAS VEGAS,NV,89139,840,,SOUTHERN GLAZER'S OF NV - LAS VEGAS,8400 SOUTH JONES BLVD,,,LAS VEGAS,NV,89139,,840,7201-LASV,0,,,LTL,0002140773,0002140633,10,Partially Assigned To An Outbound Shipment,20240906,20240906,20240915,155306,240906P0000,N,0,0,0,2,90,Invoiced,,2,Pickticket Completely Invoiced.,,N,N,,0,60216.,0.,0.,0,26,2914329.6,0.,0.,0,27.,,TL,53,F,5,03,ACTIVITY 3,,N N,,,,6,20240906026,9,All from Reserve,428533,12991968,961,MISCNVL,MISCNVL,DAY,,,,,,,F,***,,***,,22.,2.,2.,0.,0.,2.,2.,1.,1.,1.,CT1,XDK,3968354,7920.,90,Invoiced Complete,82635900,,20240906,173040,20240915,155306,EUBER,2024-09-06 20:14:14,0,2025-04-25 01:21:23,INFAJOB,WMIPHPICK_15_AGC_3869631_20240906140253.txt,WMI,85a515a402a56f99fc6552478d180c10
117092820,20240917,202409,,7002,-7002,82720970,AGC,-961,82720970,82720970,DB,87021000,SOUTHERN GLAZER'S OF TX W 512532,,525 CANE ISLAND PARKWAY,,,KATY,TX,77494,840,,SOUTHERN GLAZER'S OF TX W 512532,525 CANE ISLAND PARKWAY,,,KATY,TX,77494,,840,8702-1000,0,,,LTL,,,20,Fully Assigned To An Outbound Shipment,20240912,20240913,20240917,83208,240913P0000,N,0,0,0,2,90,Invoiced,,2,Pickticket Completely Invoiced.,,N,N,,0,55584.,53268.,0.,0,24,2690150.4,0.,0.,0,24.,,TL,53,F,5,03,ACTIVITY 3,,N N,,,,6,20240913010,9,All from Reserve,2180193,12920171,961,MISCTXH,MISCTXH,DAY,,,,,,,F,***,,***,,22.,1.,1.,0.,0.,1.,1.,1.,1.,1.,CT1,XDK,3983746,7920.,90,Invoiced Complete,82720970,,20240912,140725,20240917,83208,AGUERRERO,2024-09-12 01:45:12,0,2025-04-25 01:21:23,INFAJOB,WMIPHPICK_15_AGC_3884351_20240911190032.txt,WMI,84e268fcd1e7110cb1298d3a12b02f33
137761274,20240919,202409,,7002,-7002,82893254,AGC,-961,82893254,82893254,DB,6601KAPO,SOUTHERN GLAZER'S OF HI-KAPO,,91 210 HANUA STREET,,,KAPOLEI,HI,96707,840,,SOUTHERN GLAZER'S OF HI-KAPO,91 210 HANUA STREET,,,KAPOLEI,HI,96707,,840,6601-KAPO,0,,,LTL,,,20,Fully Assigned To An Outbound Shipment,20240918,20240918,20240919,222729,240918P0000,N,0,0,0,2,90,Invoiced,,2,Pickticket Completely Invoiced.,,N,N,,0,57900.,57900.,0.,0,25,2802240.,0.,0.,0,25.,,TL,53,F,5,03,ACTIVITY 3,,N N,,,,5,20240918008,9,All from Reserve,2402272,13113973,961,MISCHIC,MISCHIC,DAY,,,,,,,F,***,,***,,22.,1.,1.,0.,0.,1.,1.,1.,1.,1.,CT1,XDK,3978387,7920.,90,Invoiced Complete,82893254,,20240918,123105,20240919,222729,MCASTANE,2024-09-19 01:44:31,0,2025-04-25 01:21:23,INFAJOB,WMIPHPICK_15_AGC_3904037_20240918190032.txt,WMI,d6a7846bcc31bd50d681d3661fe10543
130908039,20240920,202409,,7002,-7002,82804286,AGC,-961,82804286,82804286,DB,4501METR,SOUTHERN GLAZER'S OF NY - SYOSSET,,345 UNDERHILL BLVD,,,SYOSSET,NY,11791,840,,SOUTHERN GLAZER'S OF NY - SYOSSET,345 UNDERHILL BLVD,,,SYOSSET,NY,11791,,840,4501-METR,0,,,LTL,,,20,Fully Assigned To An Outbound Shipment,20240913,20240918,20240920,131636,240918P0000,N,0,0,0,2,90,Invoiced,,2,Pickticket Completely Invoiced.,,N,N,,0,55584.,6948.,0.,0,24,2690150.4,0.,0.,0,24.,,TL,53,F,5,03,ACTIVITY 3,,N N,,,,1,20240918012,9,All from Reserve,2179553,12855646,961,MISCNYM,MISCNYM,DAY,,,,,,,F,***,,***,,22.,22.,22.,0.,0.,22.,22.,1.,1.,1.,CT1,XDK,3989678,7920.,90,Invoiced Complete,82804286,,20240913,104302,20240920,131636,AGUERRERO,2024-09-14 01:37:57,0,2025-04-25 01:21:23,INFAJOB,WMIPHPICK_15_AGC_3890769_20240913190031.txt,WMI,e86748ccd6d3c528b3ce804e9bb23f3c
120043273,20240923,202409,,7002,-7002,82885067,AGC,-961,82885067,82885067,DB,2201LOUI,SOUTHERN GLAZER'S OF KY,,2801 CONSTANT COMMENT PLACE,,,LOUISVILLE,KY,40299,840,,SOUTHERN GLAZER'S OF KY,2801 CONSTANT COMMENT PLACE,,,LOUISVILLE,KY,40299,,840,2201-LOUI,0,,,LTL,,,20,Fully Assigned To An Outbound Shipment,20240919,20240920,20240923,143626,240920P0000,N,0,0,0,2,90,Invoiced,,2,Pickticket Completely Invoiced.,,N,N,,0,62532.,0.,62532.,0,27,3026419.2,0.,3026419.2,0,27.,,TL,53,F,5,03,ACTIVITY 3,,N N,,,,2,20240920025,9,All from Reserve,6491550,12968114,961,MISCTEN,MISCTEN,DAY,,,,,,,F,***,,***,,22.,1.,1.,0.,0.,1.,1.,1.,1.,1.,CT1,XDK,3992493,7920.,90,Invoiced Complete,82885067,,20240919,111251,20240923,143626,AGUERRERO,2024-09-19 01:44:31,0,2025-04-25 01:21:23,INFAJOB,WMIPHPICK_15_AGC_3904037_20240918190032.txt,WMI,7fab261d4ca6f9f013b82cd00597f922
143133205,20240924,202409,,7002,-7002,82972389,AGC,-961,82972389,82972389,DB,5901BULK,SOUTHERN GLAZERS OF NE,,13855 CORNHUSKER ROAD,,,OMAHA,NE,681383906,840,,SOUTHERN GLAZERS OF NE,13855 CORNHUSKER ROAD,,,OMAHA,NE,681383906,,840,5901-BULK,0,,,LTL,,,20,Fully Assigned To An Outbound Shipment,20240920,20240923,20240924,165102,240923P0000,N,0,0,0,2,90,Invoiced,,2,Pickticket Completely Invoiced.,,N,N,,0,62532.,0.,0.,0,27,3026419.2,0.,0.,0,27.,,TL,53,F,5,03,ACTIVITY 3,,N N,,,,1,20240923015,9,All from Reserve,278135,12930629,961,MISCNEO,MISCNEO,DAY,,,,,,,F,***,,***,,22.,1.,1.,0.,0.,1.,1.,1.,1.,1.,CT1,XDK,3991403,7920.,90,Invoiced Complete,82972389,,20240920,92534,20240924,165102,AGUERRERO,2024-09-21 01:18:16,0,2025-04-25 01:21:23,INFAJOB,WMIPHPICK_15_AGC_3910055_20240920190033.txt,WMI,2624636fd5d709950a574775819fca0a
114733911,20240926,202409,,7002,-7002,82942575,AGC,-961,82942575,82942575,DB,7202SPAR,SOUTHERN GLAZER'S OF NV - SPARKS,,250 LILLARD,,,SPARKS,NV,89434,840,,SOUTHERN GLAZER'S OF NV - SPARKS,250 LILLARD,,,SPARKS,NV,89434,,840,7202-SPAR,0,,,LTL,,,20,Fully Assigned To An Outbound Shipment,20240924,20240925,20240926,173726,240925P0000,N,0,0,0,2,90,Invoiced,,2,Pickticket Completely Invoiced.,,N,N,,0,55584.,2316.,0.,0,24,2690150.4,0.,0.,0,24.,,TL,53,F,5,03,ACTIVITY 3,,N N,,,,2,20240925009,9,All from Reserve,2133484,13048097,961,MISCNVS,MISCNVS,DAY,,,,,,,F,***,,***,,22.,5.,5.,0.,0.,5.,5.,1.,1.,1.,CT1,XDK,3990912,7920.,90,Invoiced Complete,82942575,,20240924,135759,20240926,173726,AGUERRERO,2024-09-20 01:18:00,0,2025-04-25 01:21:23,INFAJOB,WMIPHPICK_15_AGC_3907242_20240919190033.txt,WMI,336dfe4e4502a3f6efc90e3bbed70610
121962387,20240930,202409,,7002,-7002,83041073,AGC,-961,83041073,83041073,DB,7202SPAR,SOUTHERN GLAZER'S OF NV - SPARKS,,250 LILLARD,,,SPARKS,NV,89434,840,,SOUTHERN GLAZER'S OF NV - SPARKS,250 LILLARD,,,SPARKS,NV,89434,,840,7202-SPAR,0,,,LTL,,,20,Fully Assigned To An Outbound Shipment,20240925,20240927,20240930,204028,240927P0000,N,0,0,0,2,90,Invoiced,,2,Pickticket Completely Invoiced.,,N,N,,0,62532.,62532.,0.,0,27,3026419.2,0.,0.,0,27.,,TL,53,F,5,03,ACTIVITY 3,,N N,,,,12,20240927010,9,All from Reserve,2133484,13048097,961,MISCNVS,MISCNVS,DAY,,,,,,,F,***,,***,,22.,1.,1.,0.,0.,1.,1.,1.,1.,1.,CT1,XDK,3976900,7920.,90,Invoiced Complete,83041073,,20240925,155326,20240930,204028,DENCINA,2024-09-25 01:21:38,0,2025-04-25 01:21:23,INFAJOB,WMIPHPICK_15_AGC_3917094_20240924190034.txt,WMI,9836d0ce24c81edb229667e4b51d0841
131525050,20241009,202410,,7002,-7002,83286983,AGC,-961,83286983,83286983,DB,4601SL01,SOUTHERN GLAZER'S OF NY - UPSTATE,,3063 COURT STREET,,,SYRACUSE,NY,13208,840,,SOUTHERN GLAZER'S OF NY - UPSTATE,3063 COURT STREET,,,SYRACUSE,NY,13208,,840,4601-SL01,0,,,LTL,,,20,Fully Assigned To An Outbound Shipment,20241007,20241008,20241009,155538,241008P0000,N,0,0,0,2,90,Invoiced,,2,Pickticket Completely Invoiced.,,N,N,,0,55584.,0.,0.,0,24,2690150.4,0.,0.,0,24.,,TL,53,F,5,03,ACTIVITY 3,,N N,,,,2,20241008006,9,All from Reserve,2207720,12980385,961,MISCNYU,MISCNYU,DAY,,,,,,,F,***,,***,,22.,9.,9.,0.,0.,9.,9.,1.,1.,1.,CT1,XDK,4008117,7920.,90,Invoiced Complete,83286983,,20241007,130521,20241009,155538,AGUERRERO,2024-10-05 01:31:50,0,2025-04-25 01:21:23,INFAJOB,WMIPHPICK_15_AGC_3947209_20241004190033.txt,WMI,429d7f52b9153f06dd9e94b97853de75
134007446,20241011,202410,,7002,-7002,83088901,AGC,-961,83088901,83088901,DB,6601KAPO,SOUTHERN GLAZER'S OF HI-KAPO,,91 210 HANUA STREET,,,KAPOLEI,HI,96707,840,,SOUTHERN GLAZER'S OF HI-KAPO,91 210 HANUA STREET,,,KAPOLEI,HI,96707,,840,6601-KAPO,0,,,LTL,,,20,Fully Assigned To An Outbound Shipment,20240926,20240926,20241011,134121,240926P0000,N,0,0,0,2,90,Invoiced,,2,Pickticket Completely Invoiced.,,N,N,,0,62532.,6948.,0.,0,27,3026419.2,0.,0.,0,27.,,TL,53,F,5,03,ACTIVITY 3,,N N,,,,6,20240926026,9,All from Reserve,2402272,13113973,961,MISCHIC,MISCHIC,DAY,,,,,,,F,***,,***,,22.,1.,1.,0.,0.,1.,1.,1.,1.,1.,CT1,XDK,3998490,7920.,90,Invoiced Complete,83088901,,20240926,111200,20241011,134121,AGUERRERO,2024-09-27 02:51:34,0,2025-04-25 01:21:23,INFAJOB,WMIPHPICK_15_AGC_3923497_20240926190037.txt,WMI,5a1ae6822c2f1427a3de40c5a26ac492
132775542,20241012,202410,,7002,-7002,83162737,AGC,-961,83162737,83162737,DB,7601BULK,SOUTHERN GLAZER'S OF NM,,123 MONTANO RD NW,,,ALBUQUERQUE,NM,87107,840,,SOUTHERN GLAZER'S OF NM,123 MONTANO RD NW,,,ALBUQUERQUE,NM,87107,,840,7601-BULK,0,,,LTL,,,20,Fully Assigned To An Outbound Shipment,20240930,20240930,20241012,100204,240930P0000,N,0,0,0,2,90,Invoiced,,2,Pickticket Completely Invoiced.,,N,N,,0,83376.,11580.,0.,0,36,4035225.6,0.,0.,0,36.,,TL,53,F,5,03,ACTIVITY 3,,N N,,,,23,20240930030,9,All from Reserve,603572,12819236,961,MISCALB,MISCALB,DAY,,,,,,,F,***,,***,,22.,1.,1.,0.,0.,1.,1.,1.,1.,1.,CT1,XDK,3965396,7920.,90,Invoiced Complete,83162737,,20240930,112208,20241012,100204,EUBER,2024-10-02 05:09:50,0,2025-04-25 01:21:23,INFAJOB,WMIPHPICK_15_AGC_3937625_20241001190114.txt,WMI,51e8acad37547ebdce6f109a3fc58e8c
135246582,20241012,202410,,7002,-7002,83162737,AGC,-961,83162737,83162737,DB,7601BULK,SOUTHERN GLAZER'S OF NM,,123 MONTANO RD NW,,,ALBUQUERQUE,NM,87107,840,,SOUTHERN GLAZER'S OF NM,123 MONTANO RD NW,,,ALBUQUERQUE,NM,87107,,840,7601-BULK,0,,,LTL,,,20,Fully Assigned To An Outbound Shipment,20240930,20240930,20241012,100204,240930P0000,N,0,0,0,2,90,Invoiced,,2,Pickticket Completely Invoiced.,,N,N,,0,83376.,11580.,0.,0,36,4035225.6,0.,0.,0,36.,,TL,53,F,5,03,ACTIVITY 3,,N N,,,,10,20240930030,9,All from Reserve,603572,12819236,961,MISCALB,MISCALB,DAY,,,,,,,F,***,,***,,22.,1.,1.,0.,0.,1.,1.,1.,1.,1.,CT1,XDK,3994261,7920.,90,Invoiced Complete,83162737,,20240930,112208,20241012,100204,EUBER,2024-10-13 01:16:22,0,2025-04-25 01:21:23,INFAJOB,WMIPHPICK_15_AGC_3937625_20241001190114.txt,WMI,c3ad7c7954ae94dae9889b04a36ee890
147721217,20241015,202410,,7002,-7002,83403455,AGC,-961,83403455,83403455,DB,95011000,SOUTHERN GLAZER'S OF MO - RAYMORE M,,1100 S DEAN AVE,,,RAYMORE,MO,64083,840,,SOUTHERN GLAZER'S OF MO - RAYMORE M,1100 S DEAN AVE,,,RAYMORE,MO,64083,,840,9501-1000,0,,,LTL,,,20,Fully Assigned To An Outbound Shipment,20241011,20241014,20241015,160804,241014P0000,N,0,0,0,2,90,Invoiced,,2,Pickticket Completely Invoiced.,,N,N,,0,48636.,48636.,0.,0,21,2353881.6,0.,0.,0,22.,,TL,53,F,5,03,ACTIVITY 3,,N N,,,,1,20241014007,9,All from Reserve,12686107,12910067,961,MISCMOR,MISCMOR,DAY,,,,,,,F,***,,***,,22.,1.,1.,0.,1.,0.,0.,1.,1.,1.,CT1,XDK,3986601,7920.,90,Invoiced Complete,83403455,,20241011,121431,20241015,160746,AGUERRERO,2024-10-11 01:27:52,0,2025-04-25 01:21:23,INFAJOB,WMIPHPICK_15_AGC_3964100_20241010190034.txt,WMI,545112436e33b50d4e7237c31a26abf2
121626154,20241015,202410,,7002,-7002,83516188,AGC,-961,83516188,83516188,DB,3201COLU,SOUTHERN GLAZER'S OF SC,,7600 RICHARD ST,,,COLUMBIA,SC,29209,840,,SOUTHERN GLAZER'S OF SC,7600 RICHARD ST,,,COLUMBIA,SC,29209,,840,3201-COLU,0,,,LTL,,,20,Fully Assigned To An Outbound Shipment,20241015,20241015,20241017,193011,241015P0000,N,0,0,0,2,90,Invoiced,,2,Pickticket Completely Invoiced.,,N,N,,0,53268.,4632.,0.,0,23,2578060.8,0.,0.,0,23.,,TL,53,F,5,03,ACTIVITY 3,,N N,,,,11,,,,12685467,12945008,961,MISCCOL,MISCCOL,,,,,,,,F,,,,,22.,0.,0.,0.,0.,0.,0.,1.,0.,0.,CT1,XDK,4023467,0.,,,,,20241015,95931,20241015,95931,AGCWMI,2024-10-16 02:04:00,0,2025-04-25 01:21:23,INFAJOB,WMIPHPICK_15_AGC_3977816_20241015190034.txt,WMI,8fc646c370fd2f05d84de011260c9269
139784922,20241023,202410,,7002,-7002,83591971,AGC,-961,83591971,83591971,DB,7201LASV,SOUTHERN GLAZER'S OF NV - LAS VEGAS,,8400 SOUTH JONES BLVD,,,LAS VEGAS,NV,89139,840,,SOUTHERN GLAZER'S OF NV - LAS VEGAS,8400 SOUTH JONES BLVD,,,LAS VEGAS,NV,89139,,840,7201-LASV,0,,,LTL,,,20,Fully Assigned To An Outbound Shipment,20241017,20241022,20241024,14347,241022P0000,N,0,0,0,2,90,Invoiced,,2,Pickticket Completely Invoiced.,,N,N,,0,90324.,90324.,0.,0,39,4371091.2,0.,0.,0,40.,,TL,53,F,5,03,ACTIVITY 3,,N N,,,,28,20241022017,9,All from Reserve,2133484,13048097,961,MISCNVS,MISCNVS,DAY,,,,,,,F,***,,***,,22.,1.,1.,0.,0.,1.,1.,1.,1.,1.,CT1,XDK,3997570,7920.,90,Invoiced Complete,83591971,,20241017,192510,20241024,14347,DENCINA,2024-10-18 02:04:28,0,2025-04-25 01:21:23,INFAJOB,WMIPHPICK_15_AGC_3984203_20241017190034.txt,WMI,2d4df675cc8e53331e182e7f5e4d5fa7
137403639,20241025,202410,,7002,-7002,83716880,AGC,-961,83716880,83716880,DB,2501BULK,SOUTHERN GLAZER'S OF IN,,3901 HANNA CIRCLE,,,INDIANAPOLIS,IN,46241,840,,SOUTHERN GLAZER'S OF IN,3901 HANNA CIRCLE,,,INDIANAPOLIS,IN,46241,,840,2501-BULK,0,,,LTL,,,20,Fully Assigned To An Outbound Shipment,20241023,20241024,20241025,165051,241024P0000,N,0,0,0,2,90,Invoiced,,2,Pickticket Completely Invoiced.,,N,N,,0,74112.,25476.,0.,0,32,3586867.2,0.,0.,0,33.,,TL,53,F,5,03,ACTIVITY 3,,N N,,,,6,20241024008,9,All from Reserve,2237158,12946561,961,MISCINA,MISCINA,DAY,,,,,,,F,***,,***,,22.,1.,1.,0.,0.,1.,1.,1.,1.,1.,CT1,XDK,4013399,7920.,90,Invoiced Complete,83716880,,20241023,161121,20241025,165051,AGUERRERO,2024-10-24 02:20:01,0,2025-04-25 01:21:23,INFAJOB,WMIPHPICK_15_AGC_4023955_20241023190036.txt,WMI,1ae276d4dc37362eb3211ee3536bbded
130311364,20241014,202410,,7002,-7002,83482443,AGC,-961,83482443,83482443,DB,1401BULK,SOUTHERN GLAZER'S OF FL,,4440 OLD TAMPA HIGHWAY,,,LAKELAND,FL,33811,840,,SOUTHERN GLAZER'S OF FL,4440 OLD TAMPA HIGHWAY,,,LAKELAND,FL,33811,,840,1401-BULK,0,,,LTL,,,20,Fully Assigned To An Outbound Shipment,20241014,20241015,20241026,150803,241015P0000,N,0,0,0,2,90,Invoiced,,2,Pickticket Completely Invoiced.,,N,N,,0,32424.,32424.,0.,0,14,1569254.4,0.,0.,0,14.,,TL,53,F,5,03,ACTIVITY 3,,N N,,,,1,,,,161017,13060051,961,MISCLAK,MISCLAK,,,,,,,,F,,,,,22.,0.,0.,0.,0.,0.,0.,1.,0.,0.,CT1,XDK,4014294,0.,,,,,20241014,120619,20241014,120619,AGCWMI,2024-10-15 01:58:37,0,2025-04-25 01:21:23,INFAJOB,WMIPHPICK_15_AGC_3974612_20241014190034.txt,WMI,00cfd05e1455258f89054fba370347c4
147803258,20241029,202410,,7002,-7002,83582418,AGC,-961,83582418,83582418,DB,5601BULK,SOUTHERN GLAZER'S OF MN,,3350 4TH AVENUE EAST,,,SHAKOPEE,MN,55379,840,,SOUTHERN GLAZER'S OF MN,3350 4TH AVENUE EAST,,,SHAKOPEE,MN,55379,,840,5601-BULK,0,,,LTL,,,20,Fully Assigned To An Outbound Shipment,20241017,20241025,20241029,84154,241025P0000,N,0,0,0,2,90,Invoiced,,2,Pickticket Completely Invoiced.,,N,N,,0,60216.,60216.,0.,0,26,2914329.6,0.,0.,0,26.,,TL,53,F,5,03,ACTIVITY 3,,N N,,,,3,20241025016,9,All from Reserve,12772823,12985326,961,MISCMIN,MISCMIN,DAY,,,,,,,F,***,,***,,22.,1.,1.,0.,0.,1.,1.,1.,1.,1.,CT1,XDK,4005135,7920.,90,Invoiced Complete,83582418,,20241017,102510,20241029,84154,VRINCON,2024-10-18 02:04:28,0,2025-04-25 01:21:23,INFAJOB,WMIPHPICK_15_AGC_3984203_20241017190034.txt,WMI,c14b097d2bfcd4a7c23497968aa532f4
106568603,20241030,202410,,7002,-7002,80738440,AGC,-961,80738440,80738440,DB,5201BULK,SOUTHERN GLAZERS OF AZ,,2375 S 45TH AVE,,,PHOENIX,AZ,85043,840,,SOUTHERN GLAZERS OF AZ,2375 S 45TH AVE,,,PHOENIX,AZ,85043,,840,5201-BULK,0,,,LTL,,,,Not Assigned To An Outbound Shipment,20240619,0,20241030,0,,,,,,,99,Cancelled,,3,Pickticket Cancelled.,,Y,N,,0,0.,0.,0.,0,0,0.,0.,0.,0,0.,,TL,53,F,0,,,,N N,,,,10,,,,2028527,12886643,961,MISCPHX,MISCPHX,,,,,,,,F,,,,,22.,0.,0.,0.,0.,0.,0.,1.,0.,0.,CT1,XDK,3907814,0.,,,,,20240619,174935,20241030,183807,LKOESTERS,2024-07-20 14:34:08,0,2025-04-25 01:21:23,INFAJOB,WMIPHPICK_15_Adhoc_3730955_20240719125822.txt,WMI,73337fd0188be299853b58d8831abe37
99865565,20241030,202410,,7002,-7002,80243048,AGC,-961,80243048,80243048,DB,8001BULK,SOUTHERN GLAZERS OF WA,,1025 VALLEY AVE NW,,,PUYALLUP,WA,98371,840,,SOUTHERN GLAZERS OF WA,1025 VALLEY AVE NW,,,PUYALLUP,WA,98371,,840,8001-BULK,0,,,LTL,,,,Not Assigned To An Outbound Shipment,20240606,0,20241030,0,,,,,,,99,Cancelled,,3,Pickticket Cancelled.,,Y,N,,0,0.,0.,0.,0,0,0.,0.,0.,0,0.,,TL,53,F,0,,,,N N,,,,2,,,,2184675,13035126,961,MISCWAP,MISCWAP,,,,,,,,F,,,,,22.,0.,0.,0.,0.,0.,0.,1.,0.,0.,CT1,XDK,3887546,0.,,,,,20240606,134912,20241030,185415,LKOESTERS,2024-07-20 14:34:08,0,2025-04-25 01:21:23,INFAJOB,WMIPHPICK_15_Adhoc_3730955_20240719125822.txt,WMI,a2fadb2d3575c17a1db7950b887d6a02
99528337,20241030,202410,,7002,-7002,80773120,AGC,-961,80773120,80773120,DB,3501BOLI,SOUTHERN GLAZERS OF IL,,300 EAST CROSSROADS PARKWAY,,,BOLINGBROOK,IL,60440,840,,SOUTHERN GLAZERS OF IL,300 EAST CROSSROADS PARKWAY,,,BOLINGBROOK,IL,60440,,840,3501-BOLI,0,,,LTL,,,,Not Assigned To An Outbound Shipment,20240624,0,20241030,0,,,,,,,99,Cancelled,,3,Pickticket Cancelled.,,Y,N,,0,0.,0.,0.,0,0,0.,0.,0.,0,0.,,TL,53,F,0,,,,N N,,,,6,,,,2401952,12888203,961,MISCBOL,MISCBOL,,,,,,,,F,,,,,22.,0.,0.,0.,0.,0.,0.,1.,0.,0.,CT1,XDK,3919307,0.,,,,,20240624,83553,20241030,183731,LKOESTERS,2024-07-20 14:34:08,0,2025-04-25 01:21:23,INFAJOB,WMIPHPICK_15_Adhoc_3730955_20240719125822.txt,WMI,7e1192c53bd12ad48b2ca03436964ba2
99776752,20241030,202410,,7002,-7002,80773342,AGC,-961,80773342,80773342,DB,2501BULK,SOUTHERN GLAZERS OF IN,,3901 HANNA CIRCLE,,,INDIANAPOLIS,IN,46241,840,,SOUTHERN GLAZERS OF IN,3901 HANNA CIRCLE,,,INDIANAPOLIS,IN,46241,,840,2501-BULK,0,,,LTL,,,,Not Assigned To An Outbound Shipment,20240625,0,20241030,0,,,,,,,99,Cancelled,,3,Pickticket Cancelled.,,Y,N,,0,0.,0.,0.,0,0,0.,0.,0.,0,0.,,TL,53,F,0,,,,N N,,,,7,,,,2237158,12946561,961,MISCINA,MISCINA,,,,,,,,F,,,,,22.,0.,0.,0.,0.,0.,0.,1.,0.,0.,CT1,XDK,3918169,0.,,,,,20240625,92513,20241030,183731,LKOESTERS,2024-07-20 14:34:08,0,2025-04-25 01:21:23,INFAJOB,WMIPHPICK_15_Adhoc_3730955_20240719125822.txt,WMI,0649562f9bfcca12cedb776a41be0c9b
99189303,20241030,202410,,7002,-7002,80429630,AGC,-961,80429630,80429630,DB,92011000,SOUTHERN GLAZERS OF LA - ST. ROSE 7,,111 RIVERBEND DR,,,SAINT ROSE,LA,700873318,840,,SOUTHERN GLAZERS OF LA - ST. ROSE 7,111 RIVERBEND DR,,,SAINT ROSE,LA,700873318,,840,9201-1000,0,,,LTL,,,,Not Assigned To An Outbound Shipment,20240610,0,20241030,0,,,,,,,99,Cancelled,,3,Pickticket Cancelled.,,Y,N,,0,0.,0.,0.,0,0,0.,0.,0.,0,0.,,TL,53,F,0,,,,N N,,,,10,,,,604532,12852462,961,MISCLAS,MISCLAS,,,,,,,,F,,,,,22.,0.,0.,0.,0.,0.,0.,1.,0.,0.,CT1,XDK,3889359,0.,,,,,20240610,104044,20241030,184224,LKOESTERS,2024-07-20 14:34:08,0,2025-04-25 01:21:23,INFAJOB,WMIPHPICK_15_Adhoc_3730955_20240719125822.txt,WMI,15e3f72494e23243a8c3e202cf6f1630
100133490,20241030,202410,,7002,-7002,80706074,AGC,-961,80706074,80706074,DB,87021000,SOUTHERN GLAZER'S OF TX W 512532,,525 CANE ISLAND PARKWAY,,,KATY,TX,77494,840,,SOUTHERN GLAZER'S OF TX W 512532,525 CANE ISLAND PARKWAY,,,KATY,TX,77494,,840,8702-1000,0,,,LTL,,,,Not Assigned To An Outbound Shipment,20240620,0,20241030,0,,,,,,,99,Cancelled,,3,Pickticket Cancelled.,,Y,N,,0,0.,0.,0.,0,0,0.,0.,0.,0,0.,,TL,53,F,0,,,,N N,,,,12,,,,2180193,12920171,961,MISCTXH,MISCTXH,,,,,,,,F,,,,,22.,0.,0.,0.,0.,0.,0.,1.,0.,0.,CT1,XDK,3913292,0.,,,,,20240620,225502,20241030,183807,LKOESTERS,2024-07-20 14:34:08,0,2025-04-25 01:21:23,INFAJOB,WMIPHPICK_15_Adhoc_3730955_20240719125822.txt,WMI,828daa5fb3893a23fdf9090859e48dba
98746936,20241030,202410,,7002,-7002,80602204,AGC,-961,80602204,80602204,DB,7601BULK,SOUTHERN GLAZERS OF NM,,123 MONTANO RD NW,,,ALBUQUERQUE,NM,87107,840,,SOUTHERN GLAZERS OF NM,123 MONTANO RD NW,,,ALBUQUERQUE,NM,87107,,840,7601-BULK,0,,,LTL,,,,Not Assigned To An Outbound Shipment,20240617,0,20241030,0,,,,,,,99,Cancelled,,3,Pickticket Cancelled.,,Y,N,,0,0.,0.,0.,0,0,0.,0.,0.,0,0.,,TL,53,F,0,,,,N N,,,,19,,,,603572,12819236,961,MISCALB,MISCALB,,,,,,,,F,,,,,22.,0.,0.,0.,0.,0.,0.,1.,0.,0.,CT1,XDK,3912888,0.,,,,,20240617,91126,20241030,183937,LKOESTERS,2024-07-20 14:34:08,0,2025-04-25 01:21:23,INFAJOB,WMIPHPICK_15_Adhoc_3730955_20240719125822.txt,WMI,9c0eb34afd2c7ce08f6e92329cc2e92a
102418358,20241030,202410,,7002,-7002,80500690,AGC,-961,80500690,80500690,DB,1401BULK,SOUTHERN GLAZERS OF FL,,4440 OLD TAMPA HIGHWAY,,,LAKELAND,FL,33811,840,,SOUTHERN GLAZERS OF FL,4440 OLD TAMPA HIGHWAY,,,LAKELAND,FL,33811,,840,1401-BULK,0,,,LTL,,,,Not Assigned To An Outbound Shipment,20240617,0,20241030,0,,,,,,,99,Cancelled,,3,Pickticket Cancelled.,,Y,N,,0,0.,0.,0.,0,0,0.,0.,0.,0,0.,,TL,53,F,0,,,,N N,,,,1,,,,161017,13060051,961,MISCLAK,MISCLAK,,,,,,,,F,,,,,22.,0.,0.,0.,0.,0.,0.,1.,0.,0.,CT1,XDK,3909400,0.,,,,,20240617,122336,20241030,184122,LKOESTERS,2024-07-20 14:34:08,0,2025-04-25 01:21:23,INFAJOB,WMIPHPICK_15_Adhoc_3730955_20240719125822.txt,WMI,41b2d994d9642c94008b3b3dc8282000
100151244,20241030,202410,,7002,-7002,80359278,AGC,-961,80359278,80359278,DB,7201LASV,SOUTHERN GLAZERS OF NV - LAS VEGAS,,8400 SOUTH JONES BLVD,,,LAS VEGAS,NV,89139,840,,SOUTHERN GLAZERS OF NV - LAS VEGAS,8400 SOUTH JONES BLVD,,,LAS VEGAS,NV,89139,,840,7201-LASV,0,,,LTL,,,,Not Assigned To An Outbound Shipment,20240606,0,20241030,0,,,,,,,99,Cancelled,,3,Pickticket Cancelled.,,Y,N,,0,0.,0.,0.,0,0,0.,0.,0.,0,0.,,TL,53,F,0,,,,N N,,,,4,,,,428533,12991968,961,MISCNVL,MISCNVL,,,,,,,,F,,,,,22.,0.,0.,0.,0.,0.,0.,1.,0.,0.,CT1,XDK,3896785,0.,,,,,20240606,152518,20241030,184326,LKOESTERS,2024-07-20 14:34:08,0,2025-04-25 01:21:23,INFAJOB,WMIPHPICK_15_Adhoc_3730955_20240719125822.txt,WMI,aecda22de85ca68c19480e143660ee20
100117670,20241030,202410,,7002,-7002,80602285,AGC,-961,80602285,80602285,DB,1401BULK,SOUTHERN GLAZERS OF FL,,4440 OLD TAMPA HIGHWAY,,,LAKELAND,FL,33811,840,,SOUTHERN GLAZERS OF FL,4440 OLD TAMPA HIGHWAY,,,LAKELAND,FL,33811,,840,1401-BULK,0,,,LTL,,,,Not Assigned To An Outbound Shipment,20240710,0,20241030,0,,,,,,,99,Cancelled,,3,Pickticket Cancelled.,,Y,N,,0,0.,0.,0.,0,0,0.,0.,0.,0,0.,,TL,53,F,0,,,,N N,,,,4,,,,161017,13060051,961,MISCLAK,MISCLAK,,,,,,,,F,,,,,22.,0.,0.,0.,0.,0.,0.,1.,0.,0.,CT1,XDK,3894979,0.,,,,,20240710,141252,20241030,183937,LKOESTERS,2024-07-20 14:34:08,0,2025-04-25 01:21:23,INFAJOB,WMIPHPICK_15_Adhoc_3730955_20240719125822.txt,WMI,525cab25d1b31e47ca99bcea09e44118
101181344,20241030,202410,,7002,-7002,80671278,AGC,-961,80671278,80671278,DB,7201LASV,SOUTHERN GLAZERS OF NV - LAS VEGAS,,8400 SOUTH JONES BLVD,,,LAS VEGAS,NV,89139,840,,SOUTHERN GLAZERS OF NV - LAS VEGAS,8400 SOUTH JONES BLVD,,,LAS VEGAS,NV,89139,,840,7201-LASV,0,,,LTL,,,,Not Assigned To An Outbound Shipment,20240619,0,20241030,0,,,,,,,99,Cancelled,,3,Pickticket Cancelled.,,Y,N,,0,0.,0.,0.,0,0,0.,0.,0.,0,0.,,TL,53,F,0,,,,N N,,,,5,,,,428533,12991968,961,MISCNVL,MISCNVL,,,,,,,,F,,,,,22.,0.,0.,0.,0.,0.,0.,1.,0.,0.,CT1,XDK,3912045,0.,,,,,20240619,133220,20241030,183905,LKOESTERS,2024-07-20 14:34:08,0,2025-04-25 01:21:23,INFAJOB,WMIPHPICK_15_Adhoc_3730955_20240719125822.txt,WMI,19ddb6c65def8a97b3dfd7b19988ccf2
105162241,20241030,202410,,7002,-7002,82086321,AGC,-961,82086321,82086321,DB,51011000,SOUTHERN GLAZER'S OF OH 3214991-000,,4800 POTH ROAD,,,COLUMBUS,OH,432131332,840,,SOUTHERN GLAZER'S OF OH 3214991-000,4800 POTH ROAD,,,COLUMBUS,OH,432131332,,840,5101-1000,0,,,LTL,,,,Not Assigned To An Outbound Shipment,20240821,0,20241030,0,,N,,,,,99,Cancelled,,3,Pickticket Cancelled.,,N,N,,0,0.,0.,0.,0,0,0.,0.,0.,0,20.,,TL,53,F,5,03,ACTIVITY 3,,N N,,,,4,,,,9595229,13006627,961,MISCOHC,MISCOHC,,,,,,,,F,,,,,22.,2.,2.,0.,2.,0.,0.,1.,0.,0.,CT1,XDK,3949694,0.,,,82086321,,20240821,143258,20241030,183626,LKOESTERS,2024-08-13 16:14:50,0,2025-04-25 01:21:23,INFAJOB,WMIPHPICK_15_AGC_3798513_20240813110032.txt,WMI,c78782a8a757831237838cd0a2d68bb2
149058140,20241106,202411,,7002,-7002,83912568,AGC,-961,83912568,83912568,DB,7201LASV,SOUTHERN GLAZER'S OF NV - LAS VEGAS,,8400 SOUTH JONES BLVD,,,LAS VEGAS,NV,89139,840,,SOUTHERN GLAZER'S OF NV - LAS VEGAS,8400 SOUTH JONES BLVD,,,LAS VEGAS,NV,89139,,840,7201-LASV,0,,,LTL,,,20,Fully Assigned To An Outbound Shipment,20241031,20241104,20241106,124615,241104P0000,N,0,0,0,2,90,Invoiced,,2,Pickticket Completely Invoiced.,,N,N,,0,62532.,62532.,0.,0,27,3026419.2,0.,0.,0,29.,,TL,53,F,5,03,ACTIVITY 3,,N N,,,,13,20241104023,9,All from Reserve,428533,12991968,961,MISCNVL,MISCNVL,DAY,,,,,,,F,***,,***,,22.,1.,1.,0.,0.,1.,1.,1.,1.,1.,CT1,XDK,4023299,7920.,90,Invoiced Complete,83912568,,20241031,143320,20241106,124615,VRINCON,2024-11-05 02:16:52,0,2025-04-25 01:21:23,INFAJOB,WMIPHPICK_15_AGC_4057907_20241104190037.txt,WMI,91dd27d0a696a73f0c63f9e79db5f1ef
152929299,20241107,202411,,7002,-7002,83972324,AGC,-961,83972324,83972324,DB,1401BULK,SOUTHERN GLAZER'S OF FL,,4440 OLD TAMPA HIGHWAY,,,LAKELAND,FL,33811,840,,SOUTHERN GLAZER'S OF FL,4440 OLD TAMPA HIGHWAY,,,LAKELAND,FL,33811,,840,1401-BULK,0,,,LTL,,,20,Fully Assigned To An Outbound Shipment,20241105,20241105,20241107,174632,241105P0000,N,0,0,0,2,90,Invoiced,,2,Pickticket Completely Invoiced.,,N,N,,0,46320.,46320.,0.,0,20,2241792.,0.,0.,0,20.,,TL,53,F,5,03,ACTIVITY 3,,N N,,,,3,20241105031,9,All from Reserve,161017,13060051,961,MISCLAK,MISCLAK,DAY,,,,,,,F,***,,***,,22.,3.,3.,0.,0.,3.,3.,1.,1.,1.,CT1,XDK,4031204,7920.,90,Invoiced Complete,83972324,,20241105,114943,20241107,174632,AGUERRERO,2024-11-05 02:16:52,0,2025-04-25 01:21:23,INFAJOB,WMIPHPICK_15_AGC_4057907_20241104190037.txt,WMI,d05233311dbb8c8f990208e490a86670
149999335,20241113,202411,,7002,-7002,84049441,AGC,-961,84049441,84049441,DB,6201STFE,SOUTHERN GLAZER'S OF CA-SOUTH,,13500 FOSTER ROAD,,,SANTA FE SPRINGS,CA,90670,840,,SOUTHERN GLAZER'S OF CA-SOUTH,13500 FOSTER ROAD,,,SANTA FE SPRINGS,CA,90670,,840,6201-STFE,0,,,LTL,,,20,Fully Assigned To An Outbound Shipment,20241106,20241111,20241113,195719,241111P0000,N,0,0,0,2,90,Invoiced,,2,Pickticket Completely Invoiced.,,N,N,,0,50955.6,50955.6,0.,0,19,2465971.2,0.,0.,0,22.,,TL,53,F,5,03,ACTIVITY 3,,N N,,,,3,20241111018,9,All from Reserve,2217319,12875273,961,MISCSFS,MISCSFS,DAY,,,,,,,F,***,,***,,22.,4.,4.,0.,0.,4.,4.,1.,1.,1.,CT1,XDK,4037596,7920.,90,Invoiced Complete,84049441,,20241106,175526,20241113,195719,AGUERRERO,2024-11-07 02:36:12,0,2025-04-25 01:21:23,INFAJOB,WMIPHPICK_15_AGC_4064351_20241106190037.txt,WMI,a17e0040bbf8b938290ee6a5e47b82e7
124217289,20241114,202411,,7002,-7002,83716900,AGC,-961,83716900,83716900,DB,4501METR,SOUTHERN GLAZERS OF NY - SYOSSET,,345 UNDERHILL BLVD,,,SYOSSET,NY,11791,840,,SOUTHERN GLAZERS OF NY - SYOSSET,345 UNDERHILL BLVD,,,SYOSSET,NY,11791,,840,4501-METR,0,,,LTL,,,20,Fully Assigned To An Outbound Shipment,20241025,20241031,20241114,122835,241031P0000,N,0,0,0,2,90,Invoiced,,2,Pickticket Completely Invoiced.,,N,N,,0,55584.,55584.,0.,0,24,2689747.2,0.,0.,0,24.,,TL,53,F,5,03,ACTIVITY 3,,N N,,,,2,20241031004,9,All from Reserve,2179553,12855646,961,MISCNYM,MISCNYM,DAY,,,,,,,F,***,,***,,22.,5.,5.,0.,0.,5.,5.,1.,1.,1.,CT1,XDK,4015973,7920.,90,Invoiced Complete,83716900,,20241025,122318,20241114,122835,VRINCON,2024-10-24 02:20:01,0,2025-04-25 01:21:23,INFAJOB,WMIPHPICK_15_AGC_4023955_20241023190036.txt,WMI,8940d4875eb02fc40666459662654046
142836379,20241114,202411,,7002,-7002,84146460,AGC,-961,84146460,84146460,DB,77011000,SOUTHERN GLAZERS OF TN,,6290 SHELBY VIEW DR,,,MEMPHIS,TN,381347662,840,,SOUTHERN GLAZERS OF TN,6290 SHELBY VIEW DR,,,MEMPHIS,TN,381347662,,840,7701-1000,0,,,LTL,,,20,Fully Assigned To An Outbound Shipment,20241111,20241113,20241114,152404,241113P0000,N,0,0,0,2,90,Invoiced,,2,Pickticket Completely Invoiced.,,N,N,,0,88020.,9265.2,0.,0,28,4259404.8,0.,0.,0,38.,,TL,53,F,5,03,ACTIVITY 3,,N N,,,,15,20241113003,9,All from Reserve,6491550,12968114,961,MISCTEN,MISCTEN,DAY,,,,,,,F,***,,***,,22.,4.,4.,0.,0.,4.,4.,1.,1.,1.,CT1,XDK,4032550,7920.,90,Invoiced Complete,84146460,,20241111,144918,20241114,152404,AGUERRERO,2024-11-12 02:17:36,0,2025-04-25 01:21:23,INFAJOB,WMIPHPICK_15_AGC_4078195_20241111190036.txt,WMI,95e1159b3da954827aaa169c2cc55ad3
139644195,20241114,202411,,7002,-7002,84111715,AGC,-961,84111715,84111715,DB,7201LASV,SOUTHERN GLAZER'S OF NV - LAS VEGAS,,8400 SOUTH JONES BLVD,,,LAS VEGAS,NV,89139,840,,SOUTHERN GLAZER'S OF NV - LAS VEGAS,8400 SOUTH JONES BLVD,,,LAS VEGAS,NV,89139,,840,7201-LASV,0,,,LTL,,,20,Fully Assigned To An Outbound Shipment,20241108,20241112,20241114,101424,241112P0000,N,0,0,0,2,90,Invoiced,,2,Pickticket Completely Invoiced.,,N,N,,0,104242.8,104242.8,0.,0,26,5041610.4,0.,0.,0,47.,,TL,53,F,5,03,ACTIVITY 3,,N N,,,,4,20241112009,9,All from Reserve,428533,12991968,961,MISCNVL,MISCNVL,DAY,,,,,,,F,***,,***,,22.,4.,4.,0.,0.,4.,4.,1.,1.,1.,CT1,XDK,4028478,7920.,90,Invoiced Complete,84111715,,20241108,163201,20241114,101424,AGUERRERO,2024-11-09 02:18:14,0,2025-04-25 01:21:23,INFAJOB,WMIPHPICK_15_AGC_4070794_20241108190038.txt,WMI,94756e437faf937a6743e5d86f7c2ca1
144352743,20241115,202411,,7002,-7002,84079506,AGC,-961,84079506,84079506,DB,6601KAHU,SOUTHERN GLAZERS OF HI - KAHU,,231 LALO PLACE,,,"KAHULUI, MAUI",HI,96732,840,,SOUTHERN GLAZERS OF HI - KAHU,231 LALO PLACE,,,"KAHULUI, MAUI",HI,96732,,840,6601-KAHU,0,,,LTL,,,20,Fully Assigned To An Outbound Shipment,20241108,20241114,20241115,191959,241114P0000,N,0,0,0,2,90,Invoiced,,2,Pickticket Completely Invoiced.,,N,N,,0,67171.2,67171.2,0.,0,23,3250598.4,0.,0.,0,31.,,TL,53,F,5,03,ACTIVITY 3,,N N,,,,14,20241114014,9,All from Reserve,920691,13016240,961,MISCHIM,MISCHIM,DAY,,,,,,,F,***,,***,,22.,2.,2.,0.,0.,2.,2.,1.,1.,1.,CT1,XDK,4014488,7920.,90,Invoiced Complete,84079506,,20241108,162500,20241115,191959,AGUERRERO,2024-11-08 02:18:26,0,2025-04-25 01:21:23,INFAJOB,WMIPHPICK_15_AGC_4067573_20241107190037.txt,WMI,9457e5dccb86a1d95a769609a1057d14
161809617,20241125,202411,,7002,-7002,84318330,AGC,-961,84318330,84318330,DB,7201LASV,SOUTHERN GLAZERS OF NV - LAS VEGAS,,8400 SOUTH JONES BLVD,,,LAS VEGAS,NV,89139,840,,SOUTHERN GLAZERS OF NV - LAS VEGAS,8400 SOUTH JONES BLVD,,,LAS VEGAS,NV,89139,,840,7201-LASV,0,,,LTL,,,20,Fully Assigned To An Outbound Shipment,20241118,20241122,20241125,173307,241122P0000,N,0,0,0,2,90,Invoiced,,2,Pickticket Completely Invoiced.,,N,N,,0,3039376.2,3039376.2,0.,0,25,147061555.2,0.,0.,0,1312.,,TL,53,F,5,03,ACTIVITY 3,,N N,,,,1,20241122006,9,All from Reserve,428533,12991968,961,MISCNVL,MISCNVL,DAY,,,,,,,F,***,,***,,22.,7.,7.,0.,0.,7.,7.,1.,1.,1.,CT1,XDK,4050741,7920.,90,Invoiced Complete,84318330,,20241118,142528,20241125,173307,AGUERRERO,2024-11-19 02:18:03,0,2025-04-25 01:21:23,INFAJOB,WMIPHPICK_15_AGC_4098539_20241118190037.txt,WMI,ea79938d5517eaac43d5ba89430e696f
150866672,20241126,202411,,7002,-7002,84357694,AGC,-961,84357694,84357694,DB,5201BULK,SOUTHERN GLAZER'S OF AZ,,2375 S 45TH AVE,,,PHOENIX,AZ,85043,840,,SOUTHERN GLAZER'S OF AZ,2375 S 45TH AVE,,,PHOENIX,AZ,85043,,840,5201-BULK,0,,,LTL,,,20,Fully Assigned To An Outbound Shipment,20241120,20241125,20241126,113159,241125P0000,N,0,0,0,2,90,Invoiced,,2,Pickticket Completely Invoiced.,,N,N,,0,1292657.4,1292657.4,0.,0,26,62544786.,0.,0.,0,560.,,TL,53,F,5,03,ACTIVITY 3,,N N,,,,14,20241125003,9,All from Reserve,2028527,12886643,961,MISCPHX,MISCPHX,DAY,,,,,,,F,***,,***,,22.,3.,3.,0.,0.,3.,3.,1.,1.,1.,CT1,XDK,3990563,7920.,90,Invoiced Complete,84357694,,20241120,123457,20241126,113159,AGUERRERO,2024-11-20 02:26:46,0,2025-04-25 01:21:23,INFAJOB,WMIPHPICK_15_AGC_4101764_20241119190036.txt,WMI,d6fe33530b838a5d1ab722dff26bf5d2
150940272,20241126,202411,,7002,-7002,84357694,AGC,-961,84357694,84357694,DB,5201BULK,SOUTHERN GLAZER'S OF AZ,,2375 S 45TH AVE,,,PHOENIX,AZ,85043,840,,SOUTHERN GLAZER'S OF AZ,2375 S 45TH AVE,,,PHOENIX,AZ,85043,,840,5201-BULK,0,,,LTL,,,20,Fully Assigned To An Outbound Shipment,20241120,20241125,20241126,113159,241125P0000,N,0,0,0,2,90,Invoiced,,2,Pickticket Completely Invoiced.,,N,N,,0,1292657.4,1292657.4,0.,0,26,62544786.,0.,0.,0,560.,,TL,53,F,5,03,ACTIVITY 3,,N N,,,,6,20241125003,9,All from Reserve,2028527,12886643,961,MISCPHX,MISCPHX,DAY,,,,,,,F,***,,***,,22.,58.,58.,0.,0.,58.,58.,1.,1.,1.,CT1,XDK,4033711,7920.,90,Invoiced Complete,84357694,,20241120,123457,20241126,113159,AGUERRERO,2024-11-20 02:26:46,0,2025-04-25 01:21:23,INFAJOB,WMIPHPICK_15_AGC_4101764_20241119190036.txt,WMI,9931d5e5a738568eefa8d0228ea9fc73
156709869,20241129,202411,,7002,-7002,84458266,AGC,-961,84458266,84458266,DB,1401BULK,SOUTHERN GLAZERS OF FL,,4440 OLD TAMPA HIGHWAY,,,LAKELAND,FL,33811,840,,SOUTHERN GLAZERS OF FL,4440 OLD TAMPA HIGHWAY,,,LAKELAND,FL,33811,,840,1401-BULK,0,,,LTL,,,20,Fully Assigned To An Outbound Shipment,20241126,20241127,20241129,120436,241127P0000,N,0,0,0,2,90,Invoiced,,2,Pickticket Completely Invoiced.,,N,N,,0,2696521.8,2696521.8,0.,0,22,130472294.4,0.,0.,0,1164.,,TL,53,F,5,03,ACTIVITY 3,,N N,,,,1,20241127002,9,All from Reserve,161017,13060051,961,MISCLAK,MISCLAK,DAY,,,,,,,F,***,,***,,22.,257.,257.,0.,0.,257.,257.,1.,1.,1.,CT1,XDK,4054351,7920.,90,Invoiced Complete,84458266,,20241126,135315,20241129,120436,AGUERRERO,2024-11-23 03:05:26,0,2025-04-25 01:21:23,INFAJOB,WMIPHPICK_15_AGC_4111349_20241122190037.txt,WMI,6b70bfbb47b788de397ddc0db541092e
150538918,20241205,202412,,7002,-7002,84458265,AGC,-961,84458265,84458265,DB,87021000,SOUTHERN GLAZER'S OF TX W 512532,,525 CANE ISLAND PARKWAY,,,KATY,TX,77494,840,,SOUTHERN GLAZER'S OF TX W 512532,525 CANE ISLAND PARKWAY,,,KATY,TX,77494,,840,8702-1000,0,,,LTL,,,20,Fully Assigned To An Outbound Shipment,20241204,20241204,20241205,155737,241204P0000,N,0,0,0,2,90,Invoiced,,2,Pickticket Completely Invoiced.,,N,N,,0,2455596.,162162.,0.,0,24,118814976.,0.,0.,0,1060.,,TL,53,F,5,03,ACTIVITY 3,,N N,,,,6,20241204031,9,All from Reserve,2180193,12920171,961,MISCTXH,MISCTXH,DAY,,,,,,,F,***,,***,,22.,103.,103.,0.,0.,103.,103.,1.,1.,1.,CT1,XDK,4051690,7920.,90,Invoiced Complete,84458265,,20241204,185243,20241205,155737,AGUERRERO,2024-11-23 03:05:26,0,2025-04-25 01:21:23,INFAJOB,WMIPHPICK_15_AGC_4111349_20241122190037.txt,WMI,f74863cfcddb66119adb96b1afbeaa6d
151948892,20241205,202412,,7002,-7002,84702855,AGC,-961,84702855,84702855,DB,6401OTHR,SOUTHERN GLAZER'S OF CA-NORTH,,1555 ATLANTIC STREET,,,UNION CITY,CA,94587,840,,SOUTHERN GLAZER'S OF CA-NORTH,1555 ATLANTIC STREET,,,UNION CITY,CA,94587,,840,6401-OTHR,0,,,LTL,,,20,Fully Assigned To An Outbound Shipment,20241204,20241204,20241205,160347,241204P0000,N,0,0,0,2,90,Invoiced,,2,Pickticket Completely Invoiced.,,N,N,,0,2955981.6,2955981.6,0.,0,20,143026329.6,0.,0.,0,1330.,,TL,53,F,5,03,ACTIVITY 3,,N N,,,,9,20241204029,9,All from Reserve,1547569,12942087,961,MISCCAN,MISCCAN,DAY,,,,,,,F,***,,***,,22.,20.,20.,0.,0.,20.,20.,1.,1.,1.,CT1,XDK,3976665,7920.,90,Invoiced Complete,84702855,,20241204,151731,20241205,160347,AGUERRERO,2024-12-05 03:02:53,0,2025-04-25 01:21:23,INFAJOB,WMIPHPICK_15_AGC_4150217_20241204190037.txt,WMI,652742fe25b4bb6dc6e16f97952ef6d9
164445668,20241209,202412,,7002,-7002,84537995,AGC,-961,84537995,84537995,DB,87021000,SOUTHERN GLAZER'S OF TX W 512532,,525 CANE ISLAND PARKWAY,,,KATY,TX,77494,840,,SOUTHERN GLAZER'S OF TX W 512532,525 CANE ISLAND PARKWAY,,,KATY,TX,77494,,840,8702-1000,0,,,LTL,,,20,Fully Assigned To An Outbound Shipment,20241127,20241202,20241209,121017,241202P0000,N,0,0,0,2,90,Invoiced,,2,Pickticket Completely Invoiced.,,N,N,,0,2031655.8,2031655.8,0.,0,22,98302579.2,0.,0.,0,1010.,,TL,53,F,5,03,ACTIVITY 3,,N N,,,,7,20241202008,9,All from Reserve,2180193,12920171,961,MISCTXH,MISCTXH,DAY,,,,,,,F,***,,***,,22.,112.,112.,0.,0.,112.,112.,1.,1.,1.,CT1,XDK,4053713,7920.,90,Invoiced Complete,84537995,,20241127,174319,20241209,121017,MCASTANE,2024-11-27 02:18:23,0,2025-04-25 01:21:23,INFAJOB,WMIPHPICK_15_AGC_4121981_20241126190036.txt,WMI,564285b2d532229ad99f9474a7d4f252
153622375,20241209,202412,,7002,-7002,84244596,AGC,-961,84244596,84244596,DB,85011000,SOUTHERN GLAZER'S OF OK,,315 S 85TH E AVE,,,TULSA,OK,74112,840,,SOUTHERN GLAZER'S OF OK,315 S 85TH E AVE,,,TULSA,OK,74112,,840,8501-1000,0,,,LTL,,,20,Fully Assigned To An Outbound Shipment,20241127,20241129,20241209,110151,241129P0000,N,0,0,0,2,90,Invoiced,,2,Pickticket Completely Invoiced.,,N,N,,0,81064.8,81064.8,0.,0,31,3923136.,0.,0.,0,35.,,TL,53,F,5,03,ACTIVITY 3,,N N,,,,7,20241129016,9,All from Reserve,2402592,12898760,961,MISCOKT,MISCOKT,DAY,,,,,,,F,***,,***,,22.,1.,1.,0.,0.,1.,1.,1.,1.,1.,CT1,XDK,4021430,7920.,90,Invoiced Complete,84244596,,20241127,173619,20241209,110151,MCASTANE,2024-11-15 02:32:22,0,2025-04-25 01:21:23,INFAJOB,WMIPHPICK_15_AGC_4087861_20241114190036.txt,WMI,986c029063e8e24c4a2bf0bd43cbd3ce
136567507,20241210,202412,,7002,-7002,84428825,AGC,-961,84428825,84428825,DB,87011000,SOUTHERN GLAZER'S OF TX W -10722102,,15245 HERITAGE PARKWAY,,,FORT WORTH,TX,76177,840,,SOUTHERN GLAZER'S OF TX W -10722102,15245 HERITAGE PARKWAY,,,FORT WORTH,TX,76177,,840,8701-1000,0,,,LTL,,,20,Fully Assigned To An Outbound Shipment,20241127,20241203,20241210,144028,241203P0000,N,0,0,0,2,90,Invoiced,,2,Pickticket Completely Invoiced.,,N,N,,0,2379144.6,2379144.6,0.,0,28,115116019.2,0.,0.,0,1027.,,TL,53,F,5,03,ACTIVITY 3,,N N,,,,6,20241203006,9,All from Reserve,2179873,13026456,961,MISCTXD,MISCTXD,DAY,,,,,,,F,***,,***,,22.,160.,160.,0.,0.,160.,160.,1.,1.,1.,CT1,XDK,4040727,7920.,90,Invoiced Complete,84428825,,20241127,174820,20241210,144028,AGUERRERO,2024-11-22 02:21:10,0,2025-04-25 01:21:23,INFAJOB,WMIPHPICK_15_AGC_4108183_20241121190037.txt,WMI,051f08c93ae1807128f465648220e8e5
157511975,20241210,202412,,7002,-7002,84627036,AGC,-961,84627036,84627036,DB,7601BULK,SOUTHERN GLAZER'S OF NM,,123 MONTANO RD NW,,,ALBUQUERQUE,NM,87107,840,,SOUTHERN GLAZER'S OF NM,123 MONTANO RD NW,,,ALBUQUERQUE,NM,87107,,840,7601-BULK,0,,,LTL,,,20,Fully Assigned To An Outbound Shipment,20241202,20241206,20241210,82729,241206P0000,N,0,0,0,2,90,Invoiced,,2,Pickticket Completely Invoiced.,,N,N,,0,2782235.4,2782235.4,0.,0,26,134619609.6,0.,0.,0,1201.,,TL,53,F,5,03,ACTIVITY 3,,N N,,,,5,20241206007,9,All from Reserve,603572,12819236,961,MISCALB,MISCALB,DAY,,,,,,,F,***,,***,,22.,2.,2.,0.,0.,2.,2.,1.,1.,1.,CT1,XDK,4005085,7920.,90,Invoiced Complete,84627036,,20241202,111342,20241210,82729,AGUERRERO,2024-12-03 02:18:36,0,2025-04-25 01:21:23,INFAJOB,WMIPHPICK_15_AGC_4143772_20241202190035.txt,WMI,e227b8b3286f9e400abc4a34ca91e5b4
198215332,20241210,202412,,7002,-7002,84627006,AGC,-961,84627006,84627006,DB,7601BULK,SOUTHERN GLAZER'S OF NM,,123 MONTANO RD NW,,,ALBUQUERQUE,NM,87107,840,,SOUTHERN GLAZER'S OF NM,123 MONTANO RD NW,,,ALBUQUERQUE,NM,87107,,840,7601-BULK,0,,,LTL,,,20,Fully Assigned To An Outbound Shipment,20241202,20241206,20241210,84054,241206P0000,N,0,0,0,2,90,Invoiced,,2,Pickticket Completely Invoiced.,,N,N,,0,1352883.6,1352883.6,0.,0,30,65460326.4,0.,0.,0,629.,,TL,53,F,5,03,ACTIVITY 3,,N N,,,,14,20241206016,9,All from Reserve,603572,12819236,961,MISCALB,MISCALB,DAY,,,,,,,F,***,,***,,22.,1.,1.,0.,0.,1.,1.,1.,1.,1.,CT1,XDK,4036629,7920.,90,Invoiced Complete,84627006,,20241202,113143,20241210,84054,AGUERRERO,2024-12-03 02:18:36,0,2025-04-25 01:21:23,INFAJOB,WMIPHPICK_15_AGC_4143772_20241202190035.txt,WMI,38c68dc5fbcba3642ef60e49f96f5a2a
152388383,20241211,202412,,7002,-7002,84702716,AGC,-961,84702716,84702716,DB,8001BULK,SOUTHERN GLAZER'S OF WA,,1025 VALLEY AVE NW,,,PUYALLUP,WA,98371,840,,SOUTHERN GLAZER'S OF WA,1025 VALLEY AVE NW,,,PUYALLUP,WA,98371,,840,8001-BULK,0,,,LTL,,,20,Fully Assigned To An Outbound Shipment,20241204,20241210,20241211,195303,241210P0000,N,0,0,0,2,90,Invoiced,,2,Pickticket Completely Invoiced.,,N,N,,0,474903.,474903.,0.,0,8,22895630.,0.,0.,0,1213.,,TL,53,F,5,03,ACTIVITY 3,,N N,,,,8,20241210012,9,All from Reserve,2184675,13035126,961,MISCWAP,MISCWAP,DAY,,,,,,,F,***,,***,,22.,58.,58.,0.,58.,0.,0.,1.,1.,1.,CT1,XDK,4047753,7920.,90,Invoiced Complete,84702716,,20241204,143529,20241211,195226,AGUERRERO,2024-12-05 03:02:53,0,2025-04-25 01:21:23,INFAJOB,WMIPHPICK_15_AGC_4150217_20241204190037.txt,WMI,6f05af861559a59645e26c0dd052eeb8
185639466,20241211,202412,,7002,-7002,84765776,AGC,-961,84765776,84765776,DB,5301BULK,SOUTHERN GLAZER'S OF MD,,SUITE C 7001 QUAD AVENUE,,,ROSEDALE,MD,21237,840,,SOUTHERN GLAZER'S OF MD,SUITE C 7001 QUAD AVENUE,,,ROSEDALE,MD,21237,,840,5301-BULK,0,,,LTL,,,20,Fully Assigned To An Outbound Shipment,20241206,20241209,20241211,140911,241209P0000,N,0,0,0,2,90,Invoiced,,2,Pickticket Completely Invoiced.,,N,N,,0,2474128.2,2474128.2,0.,0,28,119280648.4,0.,0.,0,1068.,,TL,53,F,5,03,ACTIVITY 3,,N N,,,,16,20241209030,9,All from Reserve,2111406,12918618,961,MISCMRD,MISCMRD,DAY,,,,,,,F,***,,***,,22.,11.,11.,0.,0.,11.,11.,1.,1.,1.,CT1,XDK,4046525,7920.,90,Invoiced Complete,84765776,,20241206,155741,20241211,140911,AGUERRERO,2024-12-07 02:19:15,0,2025-04-25 01:21:23,INFAJOB,WMIPHPICK_15_AGC_4156528_20241206190036.txt,WMI,dd0a246029fb31878273dad880aa35e5
155113058,20241211,202412,,7002,-7002,84702909,AGC,-961,84702909,84702909,DB,5201BULK,SOUTHERN GLAZER'S OF AZ,,2375 S 45TH AVE,,,PHOENIX,AZ,85043,840,,SOUTHERN GLAZER'S OF AZ,2375 S 45TH AVE,,,PHOENIX,AZ,85043,,840,5201-BULK,0,,,,,,20,Fully Assigned To An Outbound Shipment,20241204,20241209,20241211,110036,241209P0000,N,0,0,0,2,90,Invoiced,,2,Pickticket Completely Invoiced.,,N,N,,0,996136.8,996136.8,0.,0,14,48024980.8,0.,0.,0,911.,,TL,53,F,5,03,ACTIVITY 3,,N N,,,,2,20241209011,9,All from Reserve,2028527,12886643,961,MISCPHX,MISCPHX,DAY,,,,,,,F,***,,***,,22.,165.,165.,0.,0.,165.,165.,1.,1.,1.,CT1,XDK,4051761,7920.,90,Invoiced Complete,84702909,,20241204,143529,20241211,110036,AGUERRERO,2024-12-05 03:02:53,0,2025-04-25 01:21:23,INFAJOB,WMIPHPICK_15_AGC_4150217_20241204190037.txt,WMI,b6c42ac3ddf941970865cac6416dc153
148760250,20241211,202412,,7002,-7002,84702917,AGC,-961,84702917,84702917,DB,7202SPAR,SOUTHERN GLAZER'S OF NV - SPARKS,,250 LILLARD,,,SPARKS,NV,89434,840,,SOUTHERN GLAZER'S OF NV - SPARKS,250 LILLARD,,,SPARKS,NV,89434,,840,7202-SPAR,0,,,LTL,,,20,Fully Assigned To An Outbound Shipment,20241206,20241209,20241211,110803,241209P0000,N,0,0,0,2,90,Invoiced,,2,Pickticket Completely Invoiced.,,N,N,,0,2552893.2,2552893.2,0.,0,27,123077972.,0.,0.,0,1159.,,TL,53,F,5,03,ACTIVITY 3,,N N,,,,2,20241209013,9,All from Reserve,2133484,13048097,961,MISCNVS,MISCNVS,DAY,,,,,,,F,***,,***,,22.,982.,982.,0.,0.,982.,982.,1.,1.,1.,CT1,XDK,4043640,7920.,90,Invoiced Complete,84702917,,20241206,110054,20241211,110803,AGUERRERO,2024-12-05 03:02:53,0,2025-04-25 01:21:23,INFAJOB,WMIPHPICK_15_AGC_4150217_20241204190037.txt,WMI,05f54d079f1f7ecad275975e15bed149
145773492,20241212,202412,,7002,-7002,84702743,AGC,-961,84702743,84702743,DB,8001BULK,SOUTHERN GLAZER'S OF WA,,1025 VALLEY AVE NW,,,PUYALLUP,WA,98371,840,,SOUTHERN GLAZER'S OF WA,1025 VALLEY AVE NW,,,PUYALLUP,WA,98371,,840,8001-BULK,0,,,LTL,,,20,Fully Assigned To An Outbound Shipment,20241204,20241210,20241212,153143,241210P0000,N,0,0,0,2,90,Invoiced,,2,Pickticket Completely Invoiced.,,N,N,,0,2884165.2,2884165.2,0.,0,31,139049071.2,0.,0.,0,1245.,,TL,53,F,5,03,ACTIVITY 3,,N N,,,,16,20241210011,9,All from Reserve,2184675,13035126,961,MISCWAP,MISCWAP,DAY,,,,,,,F,***,,***,,22.,7.,7.,0.,0.,7.,7.,1.,1.,1.,CT1,XDK,4042035,7920.,90,Invoiced Complete,84702743,,20241204,142928,20241212,153143,MCASTANE,2024-12-05 03:02:53,0,2025-04-25 01:21:23,INFAJOB,WMIPHPICK_15_AGC_4150217_20241204190037.txt,WMI,f35f53031be708202382bae1230fae19
173440444,20241220,202412,,7002,-7002,85003283,AGC,-961,85003283,85003283,DB,93011000,SOUTHERN GLAZERS OF AR 06379,,11101 SMITTY LANE,,,NORTH LITTLE ROCK,AR,721175390,840,,SOUTHERN GLAZERS OF AR 06379,11101 SMITTY LANE,,,NORTH LITTLE ROCK,AR,721175390,,840,9301-1000,0,,,LTL,,,20,Fully Assigned To An Outbound Shipment,20241217,20241218,20241220,213950,241218P0000,N,0,0,0,2,90,Invoiced,,2,Pickticket Completely Invoiced.,,N,N,,0,1315821.6,1315821.6,0.,0,25,63564383.2,0.,0.,0,568.,,TL,53,F,5,03,ACTIVITY 3,,N N,,,,1,20241218010,9,All from Reserve,9594589,13052294,961,MISCARL,MISCARL,DAY,,,,,,,F,***,,***,,22.,9.,9.,0.,0.,9.,9.,1.,1.,1.,CT1,XDK,4061506,7920.,90,Invoiced Complete,85003283,,20241217,140236,20241220,213950,MCASTANE,2024-12-18 02:20:33,0,2025-04-25 01:21:23,INFAJOB,WMIPHPICK_15_AGC_4187236_20241217190037.txt,WMI,e6737a1a80db858e6cddd141e6e0308d
166387161,20241220,202412,,7002,-7002,84801349,AGC,-961,84801349,84801349,DB,6601KAPO,SOUTHERN GLAZER'S OF HI-KAPO,,91 210 HANUA STREET,,,KAPOLEI,HI,96707,840,,SOUTHERN GLAZER'S OF HI-KAPO,91 210 HANUA STREET,,,KAPOLEI,HI,96707,,840,6601-KAPO,0,,,LTL,,,20,Fully Assigned To An Outbound Shipment,20241209,20241218,20241220,213606,241218P0000,N,0,0,0,2,90,Invoiced,,2,Pickticket Completely Invoiced.,,N,N,,0,1135132.2,1135132.2,0.,0,14,54726141.2,0.,0.,0,794.,,TL,53,F,5,03,ACTIVITY 3,,N N,,,,4,20241218002,9,All from Reserve,2402272,13113973,961,MISCHIC,MISCHIC,DAY,,,,,,,F,***,,***,,22.,284.,284.,0.,284.,0.,0.,1.,1.,1.,CT1,XDK,4060179,7920.,90,Invoiced Complete,84801349,,20241209,170528,20241220,213523,MCASTANE,2024-12-10 02:19:18,0,2025-04-25 01:21:23,INFAJOB,WMIPHPICK_15_AGC_4163906_20241209190036.txt,WMI,4250e41495746c070c748af358fa5d25
167397401,20241224,202412,,7002,-7002,84873768,AGC,-961,84873768,84873768,DB,2201LOUI,SOUTHERN GLAZER'S OF KY,,2801 CONSTANT COMMENT PLACE,,,LOUISVILLE,KY,40299,840,,SOUTHERN GLAZER'S OF KY,2801 CONSTANT COMMENT PLACE,,,LOUISVILLE,KY,40299,,840,2201-LOUI,0,,,LTL,,,20,Fully Assigned To An Outbound Shipment,20241211,20241213,20241224,91707,241213P0000,N,0,0,0,2,90,Invoiced,,2,Pickticket Completely Invoiced.,,N,N,,0,2265631.8,2265631.8,0.,0,29,109456944.,0.,0.,0,1032.,,TL,53,F,5,03,ACTIVITY 3,,N N,,,,10,20241213015,9,All from Reserve,2213802,12990002,961,MISCLOU,MISCLOU,DAY,,,,,,,F,***,,***,,22.,1.,1.,0.,0.,1.,1.,1.,1.,1.,CT1,XDK,4052206,7920.,90,Invoiced Complete,84873768,,20241211,110512,20241224,91707,SYOUSEFI,2024-12-12 02:20:10,0,2025-04-25 01:21:23,INFAJOB,WMIPHPICK_15_AGC_4170353_20241211190040.txt,WMI,d5c7993a7cdb82d9067671694d6aade3
155907489,20241224,202412,,7002,-7002,85003236,AGC,-961,85003236,85003236,DB,3201COLU,SOUTHERN GLAZER'S OF SC,,7600 RICHARD ST,,,COLUMBIA,SC,29209,840,,SOUTHERN GLAZER'S OF SC,7600 RICHARD ST,,,COLUMBIA,SC,29209,,840,3201-COLU,0,,,LTL,,,20,Fully Assigned To An Outbound Shipment,20241218,20241220,20241224,91020,241220P0000,N,0,0,0,2,90,Invoiced,,2,Pickticket Completely Invoiced.,,N,N,,0,773734.2,773734.2,0.,0,24,37303130.8,0.,0.,0,334.,,TL,53,F,5,03,ACTIVITY 3,,N N,,,,1,20241220017,9,All from Reserve,12685467,12945008,961,MISCCOL,MISCCOL,DAY,,,,,,,F,***,,***,,22.,11.,11.,0.,0.,11.,11.,1.,1.,1.,CT1,XDK,4067884,7920.,90,Invoiced Complete,85003236,,20241218,140755,20241224,91020,AGUERRERO,2024-12-18 02:20:33,0,2025-04-25 01:21:23,INFAJOB,WMIPHPICK_15_AGC_4187236_20241217190037.txt,WMI,a920d1fbfcde11b55d454131666ee3b2
167931538,20241227,202412,,7002,-7002,85061282,AGC,-961,85061282,85061282,DB,1401BULK,SOUTHERN GLAZER'S OF FL,,4440 OLD TAMPA HIGHWAY,,,LAKELAND,FL,33811,840,,SOUTHERN GLAZER'S OF FL,4440 OLD TAMPA HIGHWAY,,,LAKELAND,FL,33811,,840,1401-BULK,0,,,LTL,,,20,Fully Assigned To An Outbound Shipment,20241219,20241223,20241227,132209,241223P0000,N,0,0,0,2,90,Invoiced,,2,Pickticket Completely Invoiced.,,N,N,,0,2671039.8,2671039.8,0.,0,19,128773958.,0.,0.,0,1153.,,TL,53,F,5,03,ACTIVITY 3,,N N,,,,1,20241223019,9,All from Reserve,161017,13060051,961,MISCLAK,MISCLAK,DAY,,,,,,,F,***,,***,,22.,208.,208.,0.,0.,208.,208.,1.,1.,1.,CT1,XDK,4078566,7920.,90,Invoiced Complete,85061282,,20241219,163556,20241227,132209,AGUERRERO,2024-12-20 02:29:21,0,2025-04-25 01:21:23,INFAJOB,WMIPHPICK_15_AGC_4193672_20241219190037.txt,WMI,d585968b50a5e8a97e7812996c599b10
153059999,20250102,202501,,7002,-7002,85120799,AGC,-961,85120799,85120799,DB,92021000,SOUTHERN GLAZERS OF LA - LAFAYETTE,,939 W PONT DES MOUTON RD,,,LAFAYETTE,LA,705074007,840,,SOUTHERN GLAZERS OF LA - LAFAYETTE,939 W PONT DES MOUTON RD,,,LAFAYETTE,LA,705074007,,840,9202-1000,0,,,LTL,,,20,Fully Assigned To An Outbound Shipment,20241223,20241230,20250102,112232,241230P0000,N,0,0,0,2,90,Invoiced,,2,Pickticket Completely Invoiced.,,N,N,,0,1220840.4,0.,0.,0,30,58858527.2,0.,0.,0,548.,,TL,53,F,5,03,ACTIVITY 3,,N N,,,,5,20241230005,9,All from Reserve,12685787,12882903,961,MISCLAL,MISCLAL,DAY,,,,,,,F,***,,***,,22.,28.,28.,0.,0.,28.,28.,1.,1.,1.,CT1,XDK,4077659,7920.,90,Invoiced Complete,85120799,,20241223,123113,20250102,112232,AGUERRERO,2024-12-24 02:19:16,0,2025-04-25 01:21:23,INFAJOB,WMIPHPICK_15_AGC_4204257_20241223190037.txt,WMI,c1affbd46954c281640d15eee07a0ef5
151829693,20250117,202501,,7002,-7002,85475769,AGC,-961,85475769,85475769,DB,5301BULK,SOUTHERN GLAZER'S OF DC,,SUITE C 7001 QUAD AVENUE,,,ROSEDALE,MD,21237,840,,SOUTHERN GLAZER'S OF DC,SUITE C 7001 QUAD AVENUE,,,ROSEDALE,MD,21237,,840,5301-BULK,0,,,LTL,,,20,Fully Assigned To An Outbound Shipment,20250113,20250113,20250117,133823,250113P0000,N,0,0,0,2,90,Invoiced,,2,Pickticket Completely Invoiced.,,N,N,,0,3176056.8,3176056.8,0.,0,34,153121507.2,0.,0.,0,1371.,,TL,53,F,5,03,ACTIVITY 3,,N N,,,,8,20250113022,9,All from Reserve,2111406,12918618,961,MISCMRD,MISCMRD,DAY,,,,,,,F,***,,***,,22.,2.,2.,0.,0.,2.,2.,1.,1.,1.,CT1,XDK,4072473,7920.,90,Invoiced Complete,85475769,,20250113,113142,20250117,133823,AGUERRERO,2025-01-14 02:20:53,0,2025-04-25 01:21:23,INFAJOB,WMIPHPICK_15_AGC_4265675_20250113190036.txt,WMI,1d55542a0feffa59ec7171bfaa8b3cbc
189956529,20250120,202501,,7002,-7002,85601595,AGC,-961,85601595,85601595,DB,83011000,SOUTHERN GLAZERS OF IA WA 0000085,,4377 112TH STREET,,,URBANDALE,IA,503222073,840,,SOUTHERN GLAZERS OF IA WA 0000085,4377 112TH STREET,,,URBANDALE,IA,503222073,,840,8301-1000,0,,,LTL,,,20,Fully Assigned To An Outbound Shipment,20250117,20250117,20250120,133524,250117P0000,N,0,0,0,2,90,Invoiced,,2,Pickticket Completely Invoiced.,,N,N,,0,1934356.8,0.,0.,0,24,93593606.4,0.,0.,0,835.,,TL,53,F,5,03,ACTIVITY 3,,N N,,,,11,20250117014,9,All from Reserve,9594909,12906807,961,MISCIAU,MISCIAU,DAY,,,,,,,F,***,,***,,22.,1.,1.,0.,0.,1.,1.,1.,1.,1.,CT1,XDK,4091514,7920.,90,Invoiced Complete,85601595,,20250117,162712,20250120,133524,AGUERRERO,2025-01-18 03:06:37,0,2025-04-25 01:21:23,INFAJOB,WMIPHPICK_15_AGC_4278548_20250117190036.txt,WMI,ad765016ea5470872a2304ece83c8254
164200063,20250121,202501,,7002,-7002,85272309,AGC,-961,85272309,85272309,DB,6601LIHU,SOUTHERN GLAZERS OF HI -LIHU,,1556 HALEUKANA ST,,,"LIHUE, KAUAI",HI,96766,840,,SOUTHERN GLAZERS OF HI -LIHU,1556 HALEUKANA ST,,,"LIHUE, KAUAI",HI,96766,,840,6601-LIHU,0,,,LTL,,,20,Fully Assigned To An Outbound Shipment,20250103,20250108,20250121,142110,250108P0000,N,0,0,0,2,90,Invoiced,,2,Pickticket Completely Invoiced.,,N,N,,0,2763698.4,2763698.4,0.,0,39,133241401.6,0.,0.,0,1193.,,TL,53,F,5,03,ACTIVITY 3,,N N,,,,9,20250108031,9,All from Reserve,604212,12978507,961,MISCHIK,MISCHIK,DAY,,,,,,,F,***,,***,,22.,1.,1.,0.,0.,1.,1.,1.,1.,1.,CT1,XDK,4071218,7920.,90,Invoiced Complete,85272309,,20250103,170116,20250121,142110,AGUERRERO,2025-01-03 03:03:14,0,2025-04-25 01:21:23,INFAJOB,WMIPHPICK_15_AGC_4235004_20250102190040.txt,WMI,92613e7a4c8d2fe7d49e80d9d15ccc6c
200105139,20250128,202501,,7002,-7002,85601448,AGC,-961,85601448,85601448,DB,6601KAHU,SOUTHERN GLAZERS OF HI - KAHU,,231 LALO PLACE,,,"KAHULUI, MAUI",HI,96732,840,,SOUTHERN GLAZERS OF HI - KAHU,231 LALO PLACE,,,"KAHULUI, MAUI",HI,96732,,840,6601-KAHU,0,,,LTL,,,20,Fully Assigned To An Outbound Shipment,20250117,20250120,20250128,105945,250120P0000,N,0,0,0,2,90,Invoiced,,2,Pickticket Completely Invoiced.,,N,N,,0,145942.8,145942.8,0.,0,6,7036220.,0.,0.,0,63.,,TL,53,F,5,03,ACTIVITY 3,,N N,,,,3,20250120011,9,All from Reserve,920691,13016240,961,MISCHIM,MISCHIM,DAY,,,,,,,F,***,,***,,22.,2.,2.,0.,0.,2.,2.,1.,1.,1.,CT1,XDK,4083769,7920.,90,Invoiced Complete,85601448,,20250117,182320,20250128,105945,VRINCON,2025-01-18 03:06:37,0,2025-04-25 01:21:23,INFAJOB,WMIPHPICK_15_AGC_4278548_20250117190036.txt,WMI,f0ebafa08a0edd8ca17dc81bfc82077d
171396269,20250128,202501,,7002,-7002,85668100,AGC,-961,85668100,85668100,DB,7202SPAR,SOUTHERN GLAZER'S OF NV - SPARKS,,250 LILLARD,,,SPARKS,NV,89434,840,,SOUTHERN GLAZER'S OF NV - SPARKS,250 LILLARD,,,SPARKS,NV,89434,,840,7202-SPAR,0,,,LTL,,,20,Fully Assigned To An Outbound Shipment,20250122,20250122,20250128,111118,250122P0000,N,0,0,0,2,90,Invoiced,,2,Pickticket Completely Invoiced.,,N,N,,0,57900.,57900.,0.,0,25,2793369.6,0.,0.,0,25.,,TL,53,F,5,03,ACTIVITY 3,,N N,,,,7,20250122030,9,All from Reserve,2133484,13048097,961,MISCNVS,MISCNVS,DAY,,,,,,,F,***,,***,,22.,1.,1.,0.,0.,1.,1.,1.,1.,1.,CT1,XDK,4015919,7920.,90,Invoiced Complete,85668100,,20250122,114520,20250128,111118,AGUERRERO,2025-01-22 03:10:44,0,2025-04-25 01:21:23,INFAJOB,WMIPHPICK_15_AGC_4289096_20250121190036.txt,WMI,ab765415caaad5d8fec803c00d11d3f1
192525111,20250131,202501,,7002,-7002,85855689,AGC,-961,85855689,85855689,DB,8201BULK,SOUTHERN GLAZER'S OF OR,,9805 SW BOECKMAN ROAD,,,WILSONVILLE,OR,97070,840,,SOUTHERN GLAZER'S OF OR,9805 SW BOECKMAN ROAD,,,WILSONVILLE,OR,97070,,840,8201-BULK,0,,,LTL,,,20,Fully Assigned To An Outbound Shipment,20250129,20250129,20250131,125845,250129P0000,N,0,0,0,2,90,Invoiced,,2,Pickticket Completely Invoiced.,,N,N,,0,2365246.2,2365246.2,0.,0,24,114386170.4,0.,0.,0,1021.,,TL,53,F,5,03,ACTIVITY 3,,N N,,,,4,20250129003,9,All from Reserve,1292530,13056607,961,MISCORE,MISCORE,DAY,,,,,,,F,***,,***,,22.,2.,2.,0.,0.,2.,2.,1.,1.,1.,CT1,XDK,4094858,7920.,90,Invoiced Complete,85855689,,20250129,114518,20250131,125845,AGUERRERO,2025-01-30 02:19:17,0,2025-04-25 01:21:23,INFAJOB,WMIPHPICK_15_AGC_4312602_20250129190038.txt,WMI,d9aa6fa2205fcfb18ce01a64eed23b78
154413293,20250204,202502,,7002,-7002,85694197,AGC,-961,85694197,85694197,DB,8001BULK,SOUTHERN GLAZER'S OF WA,,1025 VALLEY AVE NW,,,PUYALLUP,WA,98371,840,,SOUTHERN GLAZER'S OF WA,1025 VALLEY AVE NW,,,PUYALLUP,WA,98371,,840,8001-BULK,0,,,LTL,,,20,Fully Assigned To An Outbound Shipment,20250122,20250128,20250204,134638,250128P0000,N,0,0,0,2,90,Invoiced,,2,Pickticket Completely Invoiced.,,N,N,,0,48636.,48636.,0.,0,21,2345414.4,0.,0.,0,21.,,TL,53,F,5,03,ACTIVITY 3,,N N,,,,2,20250128010,9,All from Reserve,2184675,13035126,961,MISCWAP,MISCWAP,DAY,,,,,,,F,***,,***,,22.,2.,2.,0.,0.,2.,2.,1.,1.,1.,CT1,XDK,4087087,7920.,90,Invoiced Complete,85694197,,20250122,122352,20250204,134638,VRINCON,2025-01-23 02:57:54,0,2025-04-25 01:21:23,INFAJOB,WMIPHPICK_15_AGC_4292279_20250122190038.txt,WMI,b6102a13d0d13d961ae53750d9334e1d
235200227,20250205,202502,,7002,-7002,85933270,AGC,-961,85933270,85933270,DB,7201LASV,SOUTHERN GLAZER'S OF NV - LAS VEGAS,,8400 SOUTH JONES BLVD,,,LAS VEGAS,NV,89139,840,,SOUTHERN GLAZER'S OF NV - LAS VEGAS,8400 SOUTH JONES BLVD,,,LAS VEGAS,NV,89139,,840,7201-LASV,0,,,LTL,,,20,Fully Assigned To An Outbound Shipment,20250203,20250204,20250205,182928,250204P0000,N,0,0,0,2,90,Invoiced,,2,Pickticket Completely Invoiced.,,N,N,,0,2367561.6,4632.,0.,0,25,114143094.4,0.,0.,0,1022.,,TL,53,F,5,03,ACTIVITY 3,,N N,,,,4,20250204015,9,All from Reserve,428533,12991968,961,MISCNVL,MISCNVL,DAY,,,,,,,F,***,,***,,22.,1.,1.,0.,0.,1.,1.,1.,1.,1.,CT1,XDK,4063702,7920.,90,Invoiced Complete,85933270,,20250203,121713,20250205,182928,AGUERRERO,2025-02-01 02:19:02,0,2025-04-25 01:21:23,INFAJOB,WMIPHPICK_15_AGC_4318925_20250131190039.txt,WMI,fd90d7b29d16b37c9380f73c967917db
182675546,20250123,202501,,7002,-7002,85724812,AGC,-961,85724812,85724812,DB,6601KAPO,SOUTHERN GLAZER'S OF HI-KAPO,,91 210 HANUA STREET,,,KAPOLEI,HI,96707,840,,SOUTHERN GLAZER'S OF HI-KAPO,91 210 HANUA STREET,,,KAPOLEI,HI,96707,,840,6601-KAPO,0,,,LTL,,,20,Fully Assigned To An Outbound Shipment,20250123,20250204,20250206,162748,250204P0000,N,0,0,0,2,90,Invoiced,,2,Pickticket Completely Invoiced.,,N,N,,0,50952.,6948.,0.,0,22,2457100.8,0.,0.,0,23.,,TL,53,F,5,03,ACTIVITY 3,,N N,,,,5,,,,2402272,13113973,961,MISCHIC,MISCHIC,,,,,,,,F,,,,,22.,0.,0.,0.,0.,0.,0.,1.,0.,0.,CT1,XDK,4076553,0.,,,,,20250123,183931,20250123,183931,AGCWMI,2025-01-24 04:35:16,0,2025-04-25 01:21:23,INFAJOB,WMIPHPICK_15_AGC_4295496_20250123190038.txt,WMI,10dd9ea8471dfc7b7e784e8bac384296
170049514,20250207,202502,,7002,-7002,85990827,AGC,-961,85990827,85990827,DB,3501BOLI,SOUTHERN GLAZER'S OF IL,,300 EAST CROSSROADS PARKWAY,,,BOLINGBROOK,IL,60440,840,,SOUTHERN GLAZER'S OF IL,300 EAST CROSSROADS PARKWAY,,,BOLINGBROOK,IL,60440,,840,3501-BOLI,0,,,LTL,,,20,Fully Assigned To An Outbound Shipment,20250204,20250205,20250207,94623,250205P0000,N,0,0,0,2,90,Invoiced,,2,Pickticket Completely Invoiced.,,N,N,,0,2659456.8,0.,0.,0,23,128305934.4,0.,0.,0,1148.,,TL,53,F,5,03,ACTIVITY 3,,N N,,,,6,20250205008,9,All from Reserve,2401952,12888203,961,MISCBOL,MISCBOL,DAY,,,,,,,F,***,,***,,22.,7.,7.,0.,0.,7.,7.,1.,1.,1.,CT1,XDK,4106371,7920.,90,Invoiced Complete,85990827,,20250204,104759,20250207,94623,AGUERRERO,2025-02-05 02:25:34,0,2025-04-25 01:21:23,INFAJOB,WMIPHPICK_15_AGC_4329087_20250204190038.txt,WMI,4ece63b9f3ab9b6d9e5c37674bf9fdaf
198723333,20250211,202502,,7002,-7002,86026759,AGC,-961,86026759,86026759,DB,5201BULK,SOUTHERN GLAZER'S OF AZ,,2375 S 45TH AVE,,,PHOENIX,AZ,85043,840,,SOUTHERN GLAZER'S OF AZ,2375 S 45TH AVE,,,PHOENIX,AZ,85043,,840,5201-BULK,0,,,LTL,,,20,Fully Assigned To An Outbound Shipment,20250205,20250210,20250211,124154,250210P0000,N,0,0,0,2,90,Invoiced,,2,Pickticket Completely Invoiced.,,N,N,,0,1827795.6,4633.2,0.,0,22,88120255.2,0.,0.,0,889.,,TL,53,F,5,03,ACTIVITY 3,,N N,,,,9,20250210019,9,All from Reserve,2028527,12886643,961,MISCPHX,MISCPHX,DAY,,,,,,,F,***,,***,,22.,3.,3.,0.,0.,3.,3.,1.,1.,1.,CT1,XDK,4115166,7920.,90,Invoiced Complete,86026759,,20250205,142730,20250211,124154,AGUERRERO,2025-02-06 02:25:00,0,2025-04-25 01:21:23,INFAJOB,WMIPHPICK_15_AGC_4332235_20250205190039.txt,WMI,a7cd0f8835d4a369f7cdb83b7a00a38d
187464210,20250213,202502,,7002,-7002,86090555,AGC,-961,86090555,86090555,DB,7202SPAR,SOUTHERN GLAZER'S OF NV - SPARKS,,250 LILLARD,,,SPARKS,NV,89434,840,,SOUTHERN GLAZER'S OF NV - SPARKS,250 LILLARD,,,SPARKS,NV,89434,,840,7202-SPAR,0,,,LTL,,,20,Fully Assigned To An Outbound Shipment,20250207,20250210,20250213,114001,250210P0000,N,0,0,0,2,90,Invoiced,,2,Pickticket Completely Invoiced.,,N,N,,0,2518140.6,2518140.6,0.,0,32,121402684.4,0.,0.,0,1087.,,TL,53,F,5,03,ACTIVITY 3,,N N,,,,16,20250210024,9,All from Reserve,2133484,13048097,961,MISCNVS,MISCNVS,DAY,,,,,,,F,***,,***,,22.,56.,56.,0.,0.,56.,56.,1.,1.,1.,CT1,XDK,4109138,7920.,90,Invoiced Complete,86090555,,20250207,150310,20250213,114001,VRINCON,2025-02-08 02:22:09,0,2025-04-25 01:21:23,INFAJOB,WMIPHPICK_15_AGC_4337795_20250207190038.txt,WMI,744c2f72347ec9dca45dce7e5399edc6
197840392,20250217,202502,,7002,-7002,86026724,AGC,-961,86026724,86026724,DB,7601BULK,SOUTHERN GLAZER'S OF NM,,123 MONTANO RD NW,,,ALBUQUERQUE,NM,87107,840,,SOUTHERN GLAZER'S OF NM,123 MONTANO RD NW,,,ALBUQUERQUE,NM,87107,,840,7601-BULK,0,,,LTL,,,20,Fully Assigned To An Outbound Shipment,20250207,20250210,20250217,163841,250210P0000,N,0,0,0,2,90,Invoiced,,2,Pickticket Completely Invoiced.,,N,N,,0,2874900.6,233976.6,0.,0,29,138602326.,0.,0.,0,1247.,,TL,53,F,5,03,ACTIVITY 3,,N N,,,,3,20250210027,9,All from Reserve,603572,12819236,961,MISCALB,MISCALB,DAY,,,,,,,F,***,,***,,22.,21.,21.,0.,0.,21.,21.,1.,1.,1.,CT1,XDK,4113223,7920.,90,Invoiced Complete,86026724,,20250207,154513,20250217,163841,AGUERRERO,2025-02-06 02:25:00,0,2025-04-25 01:21:23,INFAJOB,WMIPHPICK_15_AGC_4332235_20250205190039.txt,WMI,b7c94b46a5fab7c58138cb955a9fa6b4
159673993,20250217,202502,,7002,-7002,86171217,AGC,-961,86171217,86171217,DB,8201BULK,SOUTHERN GLAZER'S OF OR,,9805 SW BOECKMAN ROAD,,,WILSONVILLE,OR,97070,840,,SOUTHERN GLAZER'S OF OR,9805 SW BOECKMAN ROAD,,,WILSONVILLE,OR,97070,,840,8201-BULK,0,,,LTL,,,20,Fully Assigned To An Outbound Shipment,20250212,20250212,20250217,161804,250212P0000,N,0,0,0,2,90,Invoiced,,2,Pickticket Completely Invoiced.,,N,N,,0,2673354.,0.,0.,0,30,128885645.6,0.,0.,0,1167.,,TL,53,F,5,03,ACTIVITY 3,,N N,,,,8,20250212015,9,All from Reserve,1292530,13056607,961,MISCORE,MISCORE,DAY,,,,,,,F,***,,***,,22.,6.,6.,0.,0.,6.,6.,1.,1.,1.,CT1,XDK,4102373,7920.,90,Invoiced Complete,86171217,,20250212,160935,20250217,161804,AGUERRERO,2025-02-12 02:22:03,0,2025-04-25 01:21:23,INFAJOB,WMIPHPICK_15_AGC_4348131_20250211190037.txt,WMI,1481e9393e608859fc9bdd84502734ee
191549686,20250226,202502,,7002,-7002,86355790,AGC,-961,86355790,86355790,DB,6601KAPO,SOUTHERN GLAZER'S OF HI-KAPO,,91 210 HANUA STREET,,,KAPOLEI,HI,96707,840,,SOUTHERN GLAZER'S OF HI-KAPO,91 210 HANUA STREET,,,KAPOLEI,HI,96707,,840,6601-KAPO,0,,,LTL,,,20,Fully Assigned To An Outbound Shipment,20250219,20250224,20250226,170917,250224P0000,N,0,0,0,2,90,Invoiced,,2,Pickticket Completely Invoiced.,,N,N,,0,2566792.8,0.,0.,0,26,123748088.,0.,0.,0,1108.,,TL,53,F,5,03,ACTIVITY 3,,N N,,,,3,20250224018,9,All from Reserve,2402272,13113973,961,MISCHIC,MISCHIC,DAY,,,,,,,F,***,,***,,22.,14.,14.,0.,0.,14.,14.,1.,1.,1.,CT1,XDK,4113546,7920.,90,Invoiced Complete,86355790,,20250219,122524,20250226,170917,MCERTEZA,2025-02-20 02:22:44,0,2025-04-25 01:21:23,INFAJOB,WMIPHPICK_15_AGC_4371204_20250219190044.txt,WMI,0bedbed9ab930893f6f8155403dc98a1
191618824,20250304,202503,,7002,-7002,86496044,AGC,-961,86496044,86496044,DB,87011000,SOUTHERN GLAZER'S OF TX W -10722102,,15245 HERITAGE PARKWAY,,,FORT WORTH,TX,76177,840,,SOUTHERN GLAZER'S OF TX W -10722102,15245 HERITAGE PARKWAY,,,FORT WORTH,TX,76177,,840,8701-1000,0,,,LTL,,,20,Fully Assigned To An Outbound Shipment,20250225,20250303,20250304,170608,250303P0000,N,0,0,0,2,90,Invoiced,,2,Pickticket Completely Invoiced.,,N,N,,0,3467947.8,11583.,0.,0,29,167193943.6,0.,0.,0,1546.,,TL,53,F,5,03,ACTIVITY 3,,N N,,,,8,20250303010,9,All from Reserve,2179873,13026456,961,MISCTXD,MISCTXD,DAY,,,,,,,F,***,,***,,22.,1.,1.,0.,0.,1.,1.,1.,1.,1.,CT1,XDK,4125644,7920.,90,Invoiced Complete,86496044,,20250225,160150,20250304,170608,MCERTEZA,2025-02-26 02:21:27,0,2025-04-25 01:21:23,INFAJOB,WMIPHPICK_15_AGC_4387671_20250225190038.txt,WMI,b3d8246e8d6fa3755bf1ad9256016421
160471882,20250303,202503,,7002,-7002,86401634,AGC,-961,86401634,86401634,DB,7601BULK,SOUTHERN GLAZER'S OF NM,,123 MONTANO RD NW,,,ALBUQUERQUE,NM,87107,840,,SOUTHERN GLAZER'S OF NM,123 MONTANO RD NW,,,ALBUQUERQUE,NM,87107,,840,7601-BULK,0,,,LTL,,,20,Fully Assigned To An Outbound Shipment,20250227,20250228,20250304,13030,250228P0000,N,0,0,0,2,90,Invoiced,,2,Pickticket Completely Invoiced.,,N,N,,0,2601535.8,2601535.8,0.,0,35,125423382.,0.,0.,0,1123.,,TL,53,F,5,03,ACTIVITY 3,,N N,,,,17,20250228067,9,All from Reserve,603572,12819236,961,MISCALB,MISCALB,DAY,,,,,,,F,***,,***,,22.,4.,4.,0.,0.,4.,4.,1.,1.,1.,CT1,XDK,4126126,7920.,90,Invoiced Complete,86401634,,20250227,162531,20250304,13030,BCALDWELL,2025-02-21 02:21:17,0,2025-04-25 01:21:23,INFAJOB,WMIPHPICK_15_AGC_4374320_20250220190039.txt,WMI,8ada9a5dd88c8d345466f230e86b64f5
183161991,20250308,202503,,7002,-7002,86671754,AGC,-961,86671754,86671754,DB,2201LOUI,SOUTHERN GLAZER'S OF KY,,2801 CONSTANT COMMENT PLACE,,,LOUISVILLE,KY,40299,840,,SOUTHERN GLAZER'S OF KY,2801 CONSTANT COMMENT PLACE,,,LOUISVILLE,KY,40299,,840,2201-LOUI,0,,,LTL,,,20,Fully Assigned To An Outbound Shipment,20250305,20250306,20250308,132856,250306P0000,N,0,0,0,2,90,Invoiced,,2,Pickticket Completely Invoiced.,,N,N,,0,2409259.2,6949.2,0.,0,30,116167568.8,0.,0.,0,1040.,,TL,53,F,5,03,ACTIVITY 3,,N N,,,,10,20250306018,9,All from Reserve,2213802,12990002,961,MISCLOU,MISCLOU,DAY,,,,,,,F,***,,***,,22.,334.,334.,0.,0.,334.,334.,1.,1.,1.,CT1,XDK,4133200,7920.,90,Invoiced Complete,86671754,,20250305,55305,20250308,132856,MCERTEZA,2025-03-05 02:21:05,0,2025-04-25 01:21:23,INFAJOB,WMIPHPICK_15_AGC_4408185_20250304190039.txt,WMI,f96eab777822d6bccc0c0489f3bb162b
200715914,20250310,202503,,7002,-7002,86671709,AGC,-961,86671709,86671709,DB,85011000,SOUTHERN GLAZER'S OF OK,,315 S 85TH E AVE,,,TULSA,OK,74112,840,,SOUTHERN GLAZER'S OF OK,315 S 85TH E AVE,,,TULSA,OK,74112,,840,8501-1000,0,,,LTL,,,20,Fully Assigned To An Outbound Shipment,20250305,20250306,20250310,124818,250306P0000,N,0,0,0,2,90,Invoiced,,2,Pickticket Completely Invoiced.,,N,N,,0,2135899.2,442470.6,0.,0,39,102988621.6,0.,0.,0,922.,,TL,53,F,5,03,ACTIVITY 3,,N N,,,,14,20250306012,9,All from Reserve,2402592,12898760,961,MISCOKT,MISCOKT,DAY,,,,,,,F,***,,***,,22.,14.,14.,0.,0.,14.,14.,1.,1.,1.,CT1,XDK,4107566,7920.,90,Invoiced Complete,86671709,,20250305,173315,20250310,124818,MCERTEZA,2025-03-05 02:21:05,0,2025-04-25 01:21:23,INFAJOB,WMIPHPICK_15_AGC_4408185_20250304190039.txt,WMI,4e033d885858e9e0583c3490d2a87e42
166541179,20250317,202503,,7002,-7002,86805057,AGC,-961,86805057,86805057,DB,7201LASV,SOUTHERN GLAZER'S OF NV - LAS VEGAS,,8400 SOUTH JONES BLVD,,,LAS VEGAS,NV,89139,840,,SOUTHERN GLAZER'S OF NV - LAS VEGAS,8400 SOUTH JONES BLVD,,,LAS VEGAS,NV,89139,,840,7201-LASV,0,,,LTL,,,20,Fully Assigned To An Outbound Shipment,20250312,20250314,20250317,181055,250314P0000,N,0,0,0,2,90,Invoiced,,2,Pickticket Completely Invoiced.,,N,N,,0,1482619.8,0.,0.,0,21,71479042.8,0.,0.,0,640.,,TL,53,F,5,03,ACTIVITY 3,,N N,,,,4,20250314003,9,All from Reserve,428533,12991968,961,MISCNVL,MISCNVL,DAY,,,,,,,F,***,,***,,22.,14.,14.,0.,0.,14.,14.,1.,1.,1.,CT1,XDK,4137337,7920.,90,Invoiced Complete,86805057,,20250312,163336,20250317,181055,MCERTEZA,2025-03-13 01:28:13,0,2025-04-25 01:21:23,INFAJOB,WMIPHPICK_15_AGC_4431271_20250312190038.txt,WMI,2ed3e7038a7223cd77d842bda12f422d
182241830,20250320,202503,,7002,-7002,86704972,AGC,-961,86704972,86704972,DB,8001BULK,SOUTHERN GLAZERS OF WA,,1025 VALLEY AVE NW,,,PUYALLUP,WA,98371,840,,SOUTHERN GLAZERS OF WA,1025 VALLEY AVE NW,,,PUYALLUP,WA,98371,,840,8001-BULK,0,,,LTL,,,20,Fully Assigned To An Outbound Shipment,20250306,20250308,20250320,150354,250308P0000,N,0,0,0,2,90,Invoiced,,2,Pickticket Completely Invoiced.,,N,N,,0,3287254.8,3287254.8,0.,0,30,158482434.4,0.,0.,0,1419.,,TL,53,F,5,03,ACTIVITY 3,,N N,,,,13,20250308015,9,All from Reserve,2184675,13035126,961,MISCWAP,MISCWAP,DAY,,,,,,,F,***,,***,,22.,521.,521.,0.,0.,521.,521.,1.,1.,1.,CT1,XDK,4134875,7920.,90,Invoiced Complete,86704972,,20250306,161731,20250320,150354,AGUERRERO,2025-03-06 02:24:33,0,2025-04-25 01:21:23,INFAJOB,WMIPHPICK_15_AGC_4411401_20250305190039.txt,WMI,e0ead4a27c6b15c993d43bec78e0f72c
213941941,20250320,202503,,7002,-7002,86908324,AGC,-961,86908324,86908324,DB,87021000,SOUTHERN GLAZER'S OF TX W 512532,,525 CANE ISLAND PARKWAY,,,KATY,TX,77494,840,,SOUTHERN GLAZER'S OF TX W 512532,525 CANE ISLAND PARKWAY,,,KATY,TX,77494,,840,8702-1000,0,,,LTL,,,20,Fully Assigned To An Outbound Shipment,20250314,20250314,20250320,152527,250314P0000,N,0,0,0,2,90,Invoiced,,2,Pickticket Completely Invoiced.,,N,N,,0,2522777.4,2522777.4,0.,0,22,121997366.,0.,0.,0,1137.,,TL,53,F,5,03,ACTIVITY 3,,N N,,,,7,20250314059,9,All from Reserve,2180193,12920171,961,MISCTXH,MISCTXH,DAY,,,,,,,F,***,,***,,22.,48.,48.,0.,48.,0.,0.,1.,1.,1.,CT1,XDK,4139084,7920.,90,Invoiced Complete,86908324,,20250314,100527,20250320,152116,AGUERRERO,2025-03-14 01:21:53,0,2025-04-25 01:21:23,INFAJOB,WMIPHPICK_15_AGC_4434452_20250313190039.txt,WMI,5f8b8e119e0d50c4a1972099e4f9801c
241916645,20250325,202503,,7002,-7002,86877501,AGC,-961,86877501,86877501,DB,93011000,SOUTHERN GLAZERS OF AR 06379,,11101 SMITTY LANE,,,NORTH LITTLE ROCK,AR,721175390,840,,SOUTHERN GLAZERS OF AR 06379,11101 SMITTY LANE,,,NORTH LITTLE ROCK,AR,721175390,,840,9301-1000,0,,,LTL,,,20,Fully Assigned To An Outbound Shipment,20250313,20250317,20250325,180942,250317P0000,N,0,0,0,2,90,Invoiced,,2,Pickticket Completely Invoiced.,,N,N,,0,2701153.8,243242.4,0.,0,36,130225877.2,0.,0.,0,1166.,,TL,53,F,5,03,ACTIVITY 3,,N N,,,,2,20250317008,9,All from Reserve,9594589,13052294,961,MISCARL,MISCARL,DAY,,,,,,,F,***,,***,,22.,53.,53.,0.,0.,53.,53.,1.,1.,1.,CT1,XDK,4125510,7920.,90,Invoiced Complete,86877501,,20250313,163730,20250325,180942,MCERTEZA,2025-03-13 01:28:13,0,2025-04-25 01:21:23,INFAJOB,WMIPHPICK_15_AGC_4431271_20250312190038.txt,WMI,4ec99ff7b2ba61e73139a349e59dd893
229398398,20250324,202503,,7002,-7002,87053054,AGC,-961,87053054,87053054,DB,87011000,SOUTHERN GLAZER'S OF TX W -10722102,,15245 HERITAGE PARKWAY,,,FORT WORTH,TX,76177,840,,SOUTHERN GLAZER'S OF TX W -10722102,15245 HERITAGE PARKWAY,,,FORT WORTH,TX,76177,,840,8701-1000,0,,,LTL,,,20,Fully Assigned To An Outbound Shipment,20250319,20250320,20250324,232031,250320P0000,N,0,0,0,2,90,Invoiced,,2,Pickticket Completely Invoiced.,,N,N,,0,3315054.6,3315054.6,0.,0,20,160280752.,0.,0.,0,1431.,,TL,53,F,5,03,ACTIVITY 3,,N N,,,,2,20250320051,9,All from Reserve,2179873,13026456,961,MISCTXD,MISCTXD,DAY,,,,,,,F,***,,***,,22.,264.,264.,0.,0.,264.,264.,1.,1.,1.,CT1,XDK,4143914,7920.,90,Invoiced Complete,87053054,,20250319,155531,20250324,232031,BCALDWELL,2025-03-20 01:22:08,0,2025-04-25 01:21:23,INFAJOB,WMIPHPICK_15_AGC_4451322_20250319190040.txt,WMI,f01272a311b70ee259668e1bd6da45ca
170195402,20250327,202503,,7002,-7002,87023214,AGC,-961,87023214,87023214,DB,83011000,SOUTHERN GLAZERS OF IA WA 0000085,,4377 112TH STREET,,,URBANDALE,IA,503222073,840,,SOUTHERN GLAZERS OF IA WA 0000085,4377 112TH STREET,,,URBANDALE,IA,503222073,,840,8301-1000,0,,,LTL,,,20,Fully Assigned To An Outbound Shipment,20250319,20250325,20250327,145008,250325P0000,N,0,0,0,2,90,Invoiced,,2,Pickticket Completely Invoiced.,,N,N,,0,2698839.,115830.,0.,0,23,130114190.,0.,0.,0,1165.,,TL,53,F,5,03,ACTIVITY 3,,N N,,,,6,20250325015,9,All from Reserve,9594909,12906807,961,MISCIAU,MISCIAU,DAY,,,,,,,F,***,,***,,22.,675.,675.,0.,0.,675.,675.,1.,1.,1.,CT1,XDK,4144159,7920.,90,Invoiced Complete,87023214,,20250319,95540,20250327,145008,MCASTANE,2025-03-19 01:22:45,0,2025-04-25 01:21:23,INFAJOB,WMIPHPICK_15_AGC_4448143_20250318190039.txt,WMI,82abc73e616bb119aa21131b13e42e7e
213402117,20250328,202503,,7002,-7002,87226758,AGC,-961,87226758,87226758,DB,85011000,ECHSFCA - FAIRFIELD-OK-,,315 S 85TH E AVE,,,TULSA,OK,74112,840,,ECHSFCA - FAIRFIELD-OK-,315 S 85TH E AVE,,,TULSA,OK,74112,,840,8501-1000,0,,,LTL,,,20,Fully Assigned To An Outbound Shipment,20250326,20250327,20250328,124006,250327P0000,N,0,0,0,2,90,Invoiced,,2,Pickticket Completely Invoiced.,,N,N,,0,2351349.,106563.6,0.,0,24,113498110.4,0.,0.,0,1129.,,TL,53,F,5,03,ACTIVITY 3,,N N,,,,2,20250327005,9,All from Reserve,2402592,12898760,961,MISCOKT,MISCOKT,DAY,,,,,,,F,***,,***,,22.,16.,16.,0.,0.,16.,16.,1.,1.,1.,CT1,XDK,4133760,7920.,90,Invoiced Complete,87226758,,20250326,182914,20250328,124006,MCERTEZA,2025-03-27 01:28:33,0,2025-04-25 01:21:23,INFAJOB,WMIPHPICK_15_AGC_4471419_20250326190039.txt,WMI,cecd5714eb2de9f3db7f51ba335d50fb
207067788,20250401,202504,,7002,-7002,87227026,AGC,-961,87227026,87227026,DB,7201LASV,HTSHFCA - FAIRFIELD-NV - LAS VEGAS-,,8400 SOUTH JONES BLVD,,,LAS VEGAS,NV,89139,840,,HTSHFCA - FAIRFIELD-NV - LAS VEGAS-,8400 SOUTH JONES BLVD,,,LAS VEGAS,NV,89139,,840,7201-LASV,0,,,LTL,,,20,Fully Assigned To An Outbound Shipment,20250327,20250328,20250401,92447,250328P0000,N,0,0,0,2,90,Invoiced,,2,Pickticket Completely Invoiced.,,N,N,,0,3356752.8,3356752.8,0.,0,28,162060644.8,0.,0.,0,1457.,,TL,53,F,5,03,ACTIVITY 3,,N N,,,,14,20250328002,9,All from Reserve,428533,12991968,961,MISCNVL,MISCNVL,DAY,,,,,,,F,***,,***,,22.,400.,400.,0.,0.,400.,400.,1.,1.,1.,CT1,XDK,4150193,7920.,90,Invoiced Complete,87227026,,20250327,184135,20250401,92447,MCERTEZA,2025-03-27 01:28:33,0,2025-04-25 01:21:23,INFAJOB,WMIPHPICK_15_AGC_4471419_20250326190039.txt,WMI,7166bf9531bae69f187567527f8f4c6e
205870194,20250409,202504,,7002,-7002,87066935,AGC,-961,87066935,87066935,DB,85011000,SOUTHERN GLAZER'S OF OK,,315 S 85TH E AVE,,,TULSA,OK,74112,840,,SOUTHERN GLAZER'S OF OK,315 S 85TH E AVE,,,TULSA,OK,74112,,840,8501-1000,0,,,LTL,,,20,Fully Assigned To An Outbound Shipment,20250320,20250320,20250409,163322,250320P0000,N,0,0,0,2,90,Invoiced,,2,Pickticket Completely Invoiced.,,N,N,,0,2339766.,2339766.,0.,0,26,113124125.6,0.,0.,0,1014.,,TL,53,F,5,03,ACTIVITY 3,,N N,,,,11,20250320030,9,All from Reserve,2402592,12898760,961,MISCOKT,MISCOKT,DAY,,,,,,,F,***,,***,,22.,5.,5.,0.,0.,5.,5.,1.,1.,1.,CT1,XDK,4134665,7920.,90,Invoiced Complete,87066935,,20250320,112334,20250409,163322,MCERTEZA,2025-03-20 01:22:08,0,2025-04-25 01:21:23,INFAJOB,WMIPHPICK_15_AGC_4451322_20250319190040.txt,WMI,e7c9d7187f1da4242f7f27ebce445005
243631922,20250421,202504,,7002,-7002,87618524,AGC,-961,87618524,87618524,DB,6601KAPO,SGWSGFCA - FAIRFIELDHI-KAPO-,,91 210 HANUA STREET,,,KAPOLEI,HI,96707,840,,SGWSGFCA - FAIRFIELDHI-KAPO-,91 210 HANUA STREET,,,KAPOLEI,HI,96707,,840,6601-KAPO,0,,,LTL,,,20,Fully Assigned To An Outbound Shipment,20250411,20250417,20250421,103848,250417P0000,N,0,0,0,2,90,Invoiced,,2,Pickticket Completely Invoiced.,,N,N,,0,2386097.4,0.,0.,0,22,115036580.4,0.,0.,0,1030.,,TL,53,F,5,03,ACTIVITY 3,,N N,,,,7,20250417001,9,All from Reserve,2402272,13113973,961,MISCHIC,MISCHIC,DAY,,,,,,,F,***,,***,,22.,123.,123.,0.,0.,123.,123.,1.,1.,200.,CT1,XDK,4162295,7920.,90,Invoiced Complete,87618524,,20250411,132439,20250421,103848,MCERTEZA,2025-04-12 01:19:50,0,2025-04-25 01:21:23,INFAJOB,WMIPHPICK_15_AGC_4518103_20250411190041.txt,WMI,fe9ac2b122369f32bf750e23dc70e771
185376879,20250423,202504,,7002,-7002,87760109,AGC,-961,87760109,87760109,DB,5601BULK,SGWSGFCA - FAIRFIELDMN-,,3350 4TH AVENUE EAST,,,SHAKOPEE,MN,55379,840,,SGWSGFCA - FAIRFIELDMN-,3350 4TH AVENUE EAST,,,SHAKOPEE,MN,55379,,840,5601-BULK,0,,,LTL,,,20,Fully Assigned To An Outbound Shipment,20250417,20250418,20250423,181749,250418P0000,N,0,0,0,2,90,Invoiced,,2,Pickticket Completely Invoiced.,,N,N,,0,2770653.6,2770653.6,0.,0,36,134059161.6,0.,0.,0,1196.,,TL,53,F,5,03,ACTIVITY 3,,N N,,,,16,20250418057,9,All from Reserve,12772823,12985326,961,MISCMIN,MISCMIN,DAY,,,,,,,F,***,,***,,22.,183.,183.,0.,0.,183.,183.,1.,1.,200.,CT1,XDK,4174864,7920.,90,Invoiced Complete,87760109,,20250417,184607,20250423,181749,MCERTEZA,2025-04-18 01:20:33,0,2025-04-25 01:21:23,INFAJOB,WMIPHPICK_15_AGC_4535027_20250417190039.txt,WMI,1dae55d6ae0d7c691cad015c2e14b82e
218372882,20250425,202504,,7002,-7002,HI7519957,AGC,-961,HI7519957,HI7519957,DB,330,SGWS MAUI WHSE 3,SGWS MAUI WHSE 3,231 LALO PLACE,,,KAHULUI,HI,96732,840,,SGWS MAUI WHSE 3,231 LALO PLACE,,,KAHULUI,HI,96732,8088718406,840,HI0000330,20250416,,,LTL,,,20,Fully Assigned To An Outbound Shipment,20250415,20250424,20250425,173333,250424P0000,N,0,0,0,2,90,Invoiced,,2,Pickticket Completely Invoiced.,,N,N,07519957,1,12319.81,12319.81,0.,0,27,735946.1,0.,0.,0,4072.,,TL,53,F,5,02,ACTIVITY 2,6600,N N,,,,7,20250424006,9,All from Reserve,1920040,10667953,961,327242,327242,DAY,,,,,,,F,***,,***,,72.,72.,72.,0.,0.,72.,72.,24.,2160.,360.,CT1,HIC,*,138.,90,Invoiced Complete,4182516,6600,20250415,133809,20250425,173333,VRINCON,2025-04-16 01:54:42,0,2025-04-26 01:20:07,INFAJOB,WMIPHPICK_15_AGC_4528642_20250415190043.txt,WMI,ef79b06f48122ddb9b8d8fcdb1257b7c
225595700,20250426,202504,,7002,-7002,87879148,AGC,-961,87879148,87879148,DB,2201LOUI,SGWSGFCA - FAIRFIELDKY-,,2801 CONSTANT COMMENT PLACE,,,LOUISVILLE,KY,40299,840,,SGWSGFCA - FAIRFIELDKY-,2801 CONSTANT COMMENT PLACE,,,LOUISVILLE,KY,40299,,840,2201-LOUI,0,,,LTL,,,20,Fully Assigned To An Outbound Shipment,20250424,20250424,20250426,154129,250424P0000,N,0,0,0,2,90,Invoiced,,2,Pickticket Completely Invoiced.,,N,N,,0,1744399.2,1744399.2,0.,0,24,84214180.4,0.,0.,0,753.,,TL,53,F,5,03,ACTIVITY 3,,N N,,,,9,20250424013,9,All from Reserve,2213802,12990002,961,MISCLOU,MISCLOU,DAY,,,,,,,F,***,,***,,22.,31.,31.,0.,0.,31.,31.,1.,1.,200.,CT1,XDK,4174616,7920.,90,Invoiced Complete,87879148,,20250424,130617,20250426,154129,EUBER,2025-04-24 01:42:53,0,2025-04-27 01:16:13,INFAJOB,WMIPHPICK_15_AGC_4552003_20250423190040.txt,WMI,08721cdfb3ef0b2789851c5743f121bf
246574322,20250426,202504,,7002,-7002,87879270,AGC,-961,87879270,87879270,DB,5601BULK,SGWSGFCA - FAIRFIELDN-,,3350 4TH AVENUE EAST,,,SHAKOPEE,MN,55379,840,,SGWSGFCA - FAIRFIELDN-,3350 4TH AVENUE EAST,,,SHAKOPEE,MN,55379,,840,5601-BULK,0,,,LTL,,,20,Fully Assigned To An Outbound Shipment,20250424,20250424,20250426,144609,250424P0000,N,0,0,0,2,90,Invoiced,,2,Pickticket Completely Invoiced.,,N,N,,0,2057137.8,2057137.8,0.,0,29,99367668.4,0.,0.,0,888.,,TL,53,F,5,03,ACTIVITY 3,,N N,,,,13,20250424009,9,All from Reserve,12772823,12985326,961,MISCMIN,MISCMIN,DAY,,,,,,,F,***,,***,,22.,1.,1.,0.,0.,1.,1.,1.,1.,200.,CT1,XDK,4178280,7920.,90,Invoiced Complete,87879270,,20250424,121714,20250426,144609,EUBER,2025-04-24 01:42:53,0,2025-04-27 01:16:13,INFAJOB,WMIPHPICK_15_AGC_4552003_20250423190040.txt,WMI,0180c1b448abbf1a10fa7b104c3b46bd
249139597,20250429,202504,,7002,-7002,87813085,AGC,-961,87813085,87813085,DB,5301BULK,SGWSGFCA - FAIRFIELDC-,,SUITE C 7001 QUAD AVENUE,,,ROSEDALE,MD,21237,840,,SGWSGFCA - FAIRFIELDC-,SUITE C 7001 QUAD AVENUE,,,ROSEDALE,MD,21237,,840,5301-BULK,0,,,LTL,,,20,Fully Assigned To An Outbound Shipment,20250422,20250424,20250429,182429,250424P0000,N,0,0,0,2,90,Invoiced,,2,Pickticket Completely Invoiced.,,N,N,,0,2008490.4,2008490.4,0.,0,22,96831763.2,0.,0.,0,867.,,TL,53,F,5,03,ACTIVITY 3,,N N,,,,3,20250424023,9,All from Reserve,2111406,12918618,961,MISCMRD,MISCMRD,DAY,,,,,,,F,***,,***,,22.,7.,7.,0.,0.,7.,7.,1.,1.,200.,CT1,XDK,4171164,7920.,90,Invoiced Complete,87813085,,20250422,140741,20250429,182429,MCERTEZA,2025-04-22 01:19:24,0,2025-04-30 01:23:24,INFAJOB,WMIPHPICK_15_Adhoc_4544572_20250421141851.txt,WMI,83ea0f10ef8612abc22d0faef9e39cb6
219491013,20250430,202504,,7001,-7001,NY7662741,AGK,-960,NY7662741,NY7662741,DB,40037,SGWS/NEW YORK METRO,SGWS/NEW YORK METRO,345 UNDERHILL BLVD,,,SYOSSET,NY,11791,840,,SGWS/NEW YORK METRO,345 UNDERHILL BLVD,,,SYOSSET,NY,11791,5169219005,840,NY0040037,20250411,,,LTL,,,20,Fully Assigned To An Outbound Shipment,20250411,20250428,20250430,85549,250428P0000,N,0,0,0,2,90,Invoiced,,2,Pickticket Completely Invoiced.,,N,N,07662741,1,31618.4,0.,0.,0,17,1759199.2,0.,0.,0,9552.,,TL,53,F,5,02,ACTIVITY 2,4500,N N,,,,1,20250428009,9,All From Reserve,102628,13244275,960,138777,138777,DAY,,,,,,,F,***,,***,,1920.,1920.,1920.,0.,0.,1920.,1920.,6.,324.,108.,CT1,NYM,*,15241.6,90,Invoiced Complete,4180533,4500,20250411,180315,20250430,85549,MLIPSCOMB,2025-04-12 22:18:42,0,2025-05-02 22:43:42,INFAJOB,WMIPHPICK_15_AGK_4518851_20250412020022.txt,WMI,f50dcbc0e2cd81cf9193a51c6c600f27
214187223,20250502,202505,,7001,-7001,NY7662883,AGK,-960,NY7662883,NY7662883,DB,40037,SGWS/NEW YORK METRO,SGWS/NEW YORK METRO,345 UNDERHILL BLVD,,,SYOSSET,NY,11791,840,,SGWS/NEW YORK METRO,345 UNDERHILL BLVD,,,SYOSSET,NY,11791,5169219005,840,NY0040037,20250429,,,LTL,,,20,Fully Assigned To An Outbound Shipment,20250428,20250501,20250502,93834,250501P0000,N,0,0,0,2,90,Invoiced,,2,Pickticket Completely Invoiced.,,N,N,07662883,1,24910.9,0.,0.,0,21,2357739.938,0.,0.,0,8572.,,TL,53,F,5,02,ACTIVITY 2,4500,N N,,,,4,20250501003,9,All From Reserve,66379,12809615,960,546232,546232,DAY,,,,,,,F,***,,***,,1584.,1584.,1584.,0.,0.,1584.,1584.,12.,528.,132.,CT1,NYM,*,27774.12,90,Invoiced Complete,4193872,4500,20250428,170328,20250502,93834,MLIPSCOMB,2025-04-28 22:19:01,0,2025-05-02 22:43:42,INFAJOB,WMIPHPICK_15_AGK_4565006_20250428160042.txt,WMI,f23e9a4d7a573d98f64851dc29cbf3cc
256781844,20250505,202505,,7002,-7002,87983381,AGC,-961,87983381,87983381,DB,87021000,SGWSGFCA - FAIRFIELDTX W 512532-,,525 CANE ISLAND PARKWAY,,,KATY,TX,77494,840,,SGWSGFCA - FAIRFIELDTX W 512532-,525 CANE ISLAND PARKWAY,,,KATY,TX,77494,,840,8702-1000,0,,,LTL,,,20,Fully Assigned To An Outbound Shipment,20250429,20250430,20250505,124626,250430P0000,N,0,0,0,2,90,Invoiced,,2,Pickticket Completely Invoiced.,,N,N,,0,2937447.6,2937447.6,0.,0,26,224638.8,0.,0.,0,1269.,,TL,53,F,5,03,ACTIVITY 3,,N N,,,,9,20250430022,9,All from Reserve,2180193,12920171,961,MISCTXH,MISCTXH,DAY,,,,,,,F,***,,***,,22.,96.,96.,0.,0.,96.,96.,1.,1.,200.,CT1,XDK,4179449,7920.,90,Invoiced Complete,87983381,,20250429,120104,20250505,124626,MCERTEZA,2025-04-29 01:20:24,0,2025-05-06 01:19:29,INFAJOB,WMIPHPICK_15_AGC_4565663_20250428190038.txt,WMI,626bd50abee370bce0f21e96616ad16f
220940027,20250506,202505,,7002,-7002,FAB0000043,AGC,-961,FAB0000043,FAB0000043,DH,FAB00002,SGWS- CA/SANTA FE SPRINGS (South),,13500 Foster Rd,,,Santa Fe Springs,CA,90670,840,,SGWS- CA/SANTA FE SPRINGS (South),P.O BOX 277960,,,Miramar,FL,33027,954-252-7863,840,,0,,,LTL,,,20,Fully Assigned To An Outbound Shipment,20250506,20250506,20250506,174243,250506P0000,N,0,0,0,2,90,Invoiced,,2,Pickticket Completely Invoiced.,,N,N,FAB0000043,1,456.,456.,0.,0,10,518.,0.,0.,0,5472.,,TL,53,F,5,01,ACTIVITY 1,,,,,,1,20250506038,9,All from Reserve,117930,7749853,961,FAB00004,FAB00004,DAY,,,,,,,F,***,,***,,4704.,4704.,4704.,0.,0.,4704.,4704.,12.,1.,1.,CT1,FAB,*,107.,90,Invoiced Complete,4196406,,20250506,141940,20250506,174243,VRINCON,2025-05-07 01:22:55,0,2025-05-07 01:22:55,INFAJOB,WMIPHPICK_15_AGC_4589320_20250506190040.txt,WMI,3a878eb806a21b77eb854445f424a66e
274074732,20250507,202505,,7002,-7002,88118974,AGC,-961,88118974,88118974,DB,6601KAPO,SGWSGFCA - FAIRFIELDHI-KAPO-,,91 210 HANUA STREET,,,KAPOLEI,HI,96707,840,,SGWSGFCA - FAIRFIELDHI-KAPO-,91 210 HANUA STREET,,,KAPOLEI,HI,96707,,840,6601-KAPO,0,,,LTL,,,20,Fully Assigned To An Outbound Shipment,20250502,20250505,20250508,15621,250505P0000,N,0,0,0,2,90,Invoiced,,2,Pickticket Completely Invoiced.,,N,N,,0,3574513.8,3574513.8,0.,0,22,1543.,0.,0.,0,1543.,,TL,53,F,5,03,ACTIVITY 3,,N N,,,,2,20250505006,9,All from Reserve,2402272,13113973,961,MISCHIC,MISCHIC,DAY,,,,,,,F,***,,***,,22.,85.,85.,0.,0.,85.,85.,1.,1.,200.,CT1,XDK,4174771,7920.,90,Invoiced Complete,88118974,,20250502,153245,20250508,15621,BCALDWELL,2025-05-03 01:23:03,0,2025-05-09 01:22:58,INFAJOB,WMIPHPICK_15_AGC_4578769_20250502190040.txt,WMI,1d86267c46cf1314310d5196d6f62007
195239839,20250509,202505,,7001,-7001,SC7504800,AGK,-960,SC7504800,SC7504800,DB,9014,SGWS - SOUTH CAROLINA,SGWS - SOUTH CAROLINA,7600 RICHARD STREET,,,COLUMBIA,SC,29202,840,,SGWS - SOUTH CAROLINA,7600 RICHARD STREET,,,COLUMBIA,SC,29202,8036951630,840,SC0009014,20250507,,,LTL,,,20,Fully Assigned To An Outbound Shipment,20250507,20250509,20250509,134444,250509P0000,N,0,0,0,2,90,Invoiced,,2,Pickticket Completely Invoiced.,,N,N,07504800,1,6886.6,6886.6,0.,0,7,394348.748,0.,0.,0,2406.,,TL,53,F,5,02,ACTIVITY 2,3200,N N,,,,7,20250509012,9,All From Reserve,5133893,7096594,960,584353,584353,DAY,,,,,,,F,***,,***,,84.,84.,84.,0.,0.,84.,84.,6.,420.,84.,CT1,COL,*,788.9,90,Invoiced Complete,4200991,3200,20250507,153302,20250509,134444,ZNOEFL,2025-05-07 22:24:24,0,2025-05-09 22:23:30,INFAJOB,WMIPHPICK_15_AGK_4591868_20250507160039.txt,WMI,8873932142127da9a417fc891b12e953
221692494,20250513,202505,,7001,-7001,SC7504801,AGK,-960,SC7504801,SC7504801,DB,9014,SGWS - SOUTH CAROLINA,SGWS - SOUTH CAROLINA,7600 RICHARD STREET,,,COLUMBIA,SC,29202,840,,SGWS - SOUTH CAROLINA,7600 RICHARD STREET,,,COLUMBIA,SC,29202,8036951630,840,SC0009014,20250508,,,LTL,,,20,Fully Assigned To An Outbound Shipment,20250507,20250509,20250513,95259,250509P0000,N,0,0,0,2,90,Invoiced,,2,Pickticket Completely Invoiced.,,N,N,07504801,1,30433.2,0.,0.,0,14,1646861.877,0.,0.,0,7692.,,TL,53,F,5,02,ACTIVITY 2,3200,N N,,,,3,20250509003,9,All From Reserve,70020,12035394,960,93165,93165,DAY,,,,,,,F,***,,***,,5280.,5280.,5280.,0.,0.,5280.,5280.,12.,660.,132.,CT1,COL,*,111606.,90,Invoiced Complete,4201314,3200,20250507,183442,20250513,95259,MLIPSCOMB,2025-05-08 22:24:26,0,2025-05-13 22:23:40,INFAJOB,WMIPHPICK_15_AGK_4593272_20250508020021.txt,WMI,e882f77363a3f804d733efd3e479d176
214278518,20250513,202505,,7002,-7002,88150812,AGC,-961,88150812,88150812,DB,5901BULK,SGWSGFCA - FAIRFIELDE-,,13855 CORNHUSKER ROAD,,,OMAHA,NE,681383906,840,,SGWSGFCA - FAIRFIELDE-,13855 CORNHUSKER ROAD,,,OMAHA,NE,681383906,,840,5901-BULK,0,,,LTL,,,20,Fully Assigned To An Outbound Shipment,20250505,20250506,20250513,165125,250506P0000,N,0,0,0,2,90,Invoiced,,2,Pickticket Completely Invoiced.,,N,N,,0,2474125.2,750577.2,0.,0,40,671180.4,0.,0.,0,1068.,,TL,53,F,5,03,ACTIVITY 3,,N N,,,,31,20250506057,9,All from Reserve,278135,12930629,961,MISCNEO,MISCNEO,DAY,,,,,,,F,***,,***,,22.,9.,9.,0.,0.,9.,9.,1.,1.,200.,CT1,XDK,4182263,7920.,90,Invoiced Complete,88150812,,20250505,181735,20250513,165125,MCERTEZA,2025-05-06 01:19:29,0,2025-05-14 01:22:56,INFAJOB,WMIPHPICK_15_AGC_4586136_20250505190039.txt,WMI,4bc8217e757022abd7dd3c1e8788ea47
206010987,20250513,202505,,7002,-7002,88182535,AGC,-961,88182535,88182535,DB,5301BULK,SGWSGFCA - FAIRFIELDMD-,,SUITE C 7001 QUAD AVENUE,,,ROSEDALE,MD,21237,840,,SGWSGFCA - FAIRFIELDMD-,SUITE C 7001 QUAD AVENUE,,,ROSEDALE,MD,21237,,840,5301-BULK,0,,,LTL,,,20,Fully Assigned To An Outbound Shipment,20250506,20250506,20250513,160856,250506P0000,N,0,0,0,2,90,Invoiced,,2,Pickticket Completely Invoiced.,,N,N,,0,2722005.,2722005.,0.,0,25,1175.,0.,0.,0,1175.,,TL,53,F,5,03,ACTIVITY 3,,N N,,,,2,20250506055,9,All from Reserve,2111406,12918618,961,MISCMRD,MISCMRD,DAY,,,,,,,F,***,,***,,22.,15.,15.,0.,0.,15.,15.,1.,1.,200.,CT1,XDK,4185635,7920.,90,Invoiced Complete,88182535,,20250506,155016,20250513,160856,MCERTEZA,2025-05-07 01:22:55,0,2025-05-14 01:22:56,INFAJOB,WMIPHPICK_15_AGC_4589320_20250506190040.txt,WMI,5961938db68cfef3a0a5c29b77a09ca0
223091257,20250514,202505,,7002,-7002,88281336,AGC,-961,88281336,88281336,DB,4601SL01,SGWSGFCA - FAIRFIELDNY - UPSTATE-,,3063 COURT STREET,,,SYRACUSE,NY,13208,840,,SGWSGFCA - FAIRFIELDNY - UPSTATE-,3063 COURT STREET,,,SYRACUSE,NY,13208,,840,4601-SL01,0,,,LTL,,,20,Fully Assigned To An Outbound Shipment,20250509,20250512,20250514,171637,250512P0000,N,0,0,0,2,90,Invoiced,,2,Pickticket Completely Invoiced.,,N,N,,0,2698839.,57915.,0.,0,27,1165.,0.,0.,0,1165.,,TL,53,F,5,03,ACTIVITY 3,,N N,,,,17,20250512001,9,All from Reserve,2207720,12980385,961,MISCNYU,MISCNYU,DAY,,,,,,,F,***,,***,,22.,228.,228.,0.,0.,228.,228.,1.,1.,200.,CT1,XDK,4193090,7920.,90,Invoiced Complete,88281336,,20250509,173621,20250514,171637,MCERTEZA,2025-05-10 01:23:34,0,2025-05-15 01:22:00,INFAJOB,WMIPHPICK_15_AGC_4598878_20250509190040.txt,WMI,ae5d6dee2570d0f0f0ab806a5d0d1527
223128057,20250514,202505,,7002,-7002,88281336,AGC,-961,88281336,88281336,DB,4601SL01,SGWSGFCA - FAIRFIELDNY - UPSTATE-,,3063 COURT STREET,,,SYRACUSE,NY,13208,840,,SGWSGFCA - FAIRFIELDNY - UPSTATE-,3063 COURT STREET,,,SYRACUSE,NY,13208,,840,4601-SL01,0,,,LTL,,,20,Fully Assigned To An Outbound Shipment,20250509,20250512,20250514,171637,250512P0000,N,0,0,0,2,90,Invoiced,,2,Pickticket Completely Invoiced.,,N,N,,0,2698839.,57915.,0.,0,27,1165.,0.,0.,0,1165.,,TL,53,F,5,03,ACTIVITY 3,,N N,,,,5,20250512001,9,All from Reserve,2207720,12980385,961,MISCNYU,MISCNYU,DAY,,,,,,,F,***,,***,,22.,25.,25.,0.,0.,25.,25.,1.,1.,200.,CT1,XDK,4187804,7920.,90,Invoiced Complete,88281336,,20250509,173621,20250514,171637,MCERTEZA,2025-05-10 01:23:34,0,2025-05-15 01:22:00,INFAJOB,WMIPHPICK_15_AGC_4598878_20250509190040.txt,WMI,7ec5ca9c6552624715da806887bef5ab
222659503,20250515,202505,,7001,-7001,88350731,AGK,-960,88350731,88350731,DB,3501BOLI,ANKAA GLOBAL LOGISTICS KY HUB,,300 EAST CROSSROADS PARKWAY,,,BOLINGBROOK,IL,60440,840,,ANKAA GLOBAL LOGISTICS KY HUB,300 EAST CROSSROADS PARKWAY,,,BOLINGBROOK,IL,60440,,840,3501-BOLI,0,,,LTL,,,20,Fully Assigned To An Outbound Shipment,20250513,20250513,20250515,91243,250513P0000,N,0,0,0,2,90,Invoiced,,2,Pickticket Completely Invoiced.,,N,N,,0,18528.,0.,0.,0,8,894700.8,0.,0.,0,8.,,TL,53,F,5,03,ACTIVITY 3,,N N,,,,4,20250513024,9,All From Reserve,12366744,4654623,960,MISCBOL,MISCBOL,DAY,,,,,,,F,***,,***,,22.,1.,1.,0.,0.,1.,1.,1.,1.,1.,CT1,XDK,4173281,7920.,90,Invoiced Complete,88350731,,20250513,114358,20250515,91243,MLIPSCOMB,2025-05-13 22:23:40,0,2025-05-15 22:24:02,INFAJOB,WMIPHPICK_15_AGK_4608736_20250513160043.txt,WMI,ea97e0e6a22d290f62a823a607d64dd0
207721130,20250518,202505,,7002,-7002,88280676,AGC,-961,88280676,88280676,DB,87021000,SGWSGFCA - FAIRFIELDTX W 512532-,,525 CANE ISLAND PARKWAY,,,KATY,TX,77494,840,,SGWSGFCA - FAIRFIELDTX W 512532-,525 CANE ISLAND PARKWAY,,,KATY,TX,77494,,840,8702-1000,0,,,LTL,,,20,Fully Assigned To An Outbound Shipment,20250509,20250512,20250518,110506,250512P0000,N,0,0,0,2,90,Invoiced,,2,Pickticket Completely Invoiced.,,N,N,,0,2754437.4,2754437.4,0.,0,32,1189.,0.,0.,0,1189.,,TL,53,F,5,03,ACTIVITY 3,,N N,,,,12,20250512038,9,All from Reserve,2180193,12920171,961,MISCTXH,MISCTXH,DAY,,,,,,,F,***,,***,,22.,359.,359.,0.,0.,359.,359.,1.,1.,200.,CT1,XDK,4193795,7920.,90,Invoiced Complete,88280676,,20250509,182924,20250518,110506,EUBER,2025-05-10 01:23:34,0,2025-05-19 01:15:42,INFAJOB,WMIPHPICK_15_AGC_4598878_20250509190040.txt,WMI,4221b31f407ae4e8cc5d39f303dc9174
183948943,20250518,202505,,7002,-7002,88316929,AGC,-961,88316929,88316929,DB,7201LASV,SGWSGFCA - FAIRFIELDNV - LAS VEGAS-,,8400 SOUTH JONES BLVD,,,LAS VEGAS,NV,89139,840,,SGWSGFCA - FAIRFIELDNV - LAS VEGAS-,8400 SOUTH JONES BLVD,,,LAS VEGAS,NV,89139,,840,7201-LASV,0,,,LTL,,,20,Fully Assigned To An Outbound Shipment,20250512,20250512,20250518,110511,250512P0000,N,0,0,0,2,90,Invoiced,,2,Pickticket Completely Invoiced.,,N,N,,0,3138993.,32432.4,0.,0,29,1355.,0.,0.,0,1355.,,TL,53,F,5,03,ACTIVITY 3,,N N,,,,18,20250512032,9,All from Reserve,428533,12991968,961,MISCNVL,MISCNVL,DAY,,,,,,,F,***,,***,,22.,16.,16.,0.,0.,16.,16.,1.,1.,200.,CT1,XDK,4201586,7920.,90,Invoiced Complete,88316929,,20250512,180132,20250518,110511,EUBER,2025-05-13 01:33:52,0,2025-05-19 01:15:42,INFAJOB,WMIPHPICK_15_AGC_4606227_20250512190039.txt,WMI,67359061dae13f128ba323364439eeef
282276057,20250520,202505,,7002,-7002,HI7520159,AGC,-961,HI7520159,HI7520159,DB,329,SGWS CAMPBELL WHSE 1,SGWS CAMPBELL WHSE 1,91 210 HANUA ST,,,KAPOLEI,HI,96707,840,,SGWS CAMPBELL WHSE 1,91 210 HANUA ST,,,KAPOLEI,HI,96707,8086823737,840,HI0000329,20250515,,,LTL,,,20,Fully Assigned To An Outbound Shipment,20250514,20250516,20250520,121042,250516P0000,N,0,0,0,2,90,Invoiced,,2,Pickticket Completely Invoiced.,,N,N,07520159,1,28105.83,28105.83,0.,0,31,1508657.991,0.,0.,0,8790.,,TL,53,F,5,02,ACTIVITY 2,6600,N N,,,,7,20250516013,9,All from Reserve,2005474,13903178,961,555786,555786,DAY,,,,,,,F,***,,***,,78.,78.,78.,0.,72.,6.,6.,24.,3840.,384.,CT1,HIC,*,477.75,90,Invoiced Complete,4207496,6600,20250514,170504,20250520,121042,VRINCON,2025-05-15 01:22:00,0,2025-05-21 01:22:31,INFAJOB,WMIPHPICK_15_AGC_4612572_20250514190042.txt,WMI,9e50f0082d8cd5562f9baf63fbd94cc2
229601088,20250520,202505,,7002,-7002,88455735,AGC,-961,88455735,88455735,DB,5401BULK,SGWSGFCA - FAIRFIELDDE-,,615 LAMBSON LANE,,,NEW CASTLE,DE,19720,840,,SGWSGFCA - FAIRFIELDDE-,615 LAMBSON LANE,,,NEW CASTLE,DE,19720,,840,5401-BULK,0,,,LTL,,,20,Fully Assigned To An Outbound Shipment,20250516,20250516,20250521,11537,250516P0000,N,0,0,0,2,90,Invoiced,,2,Pickticket Completely Invoiced.,,N,N,,0,2666406.6,618532.2,0.,0,25,1151.,0.,0.,0,1151.,,TL,53,F,5,03,ACTIVITY 3,,N N,,,,2,20250516028,9,All from Reserve,2111086,12888747,961,MISCDEL,MISCDEL,DAY,,,,,,,F,***,,***,,22.,28.,28.,0.,0.,28.,28.,1.,1.,200.,CT1,XDK,4187575,7920.,90,Invoiced Complete,88455735,,20250516,153609,20250521,11537,BCALDWELL,2025-05-17 01:23:32,0,2025-05-22 01:22:45,INFAJOB,WMIPHPICK_15_AGC_4618851_20250516190041.txt,WMI,a503ef12f2dc4d55beda9801336894bf
236981566,20250521,202505,,7002,-7002,88485570,AGC,-961,88485570,88485570,DB,7202SPAR,SGWSGFCA - FAIRFIELDNV - SPARKS-,,250 LILLARD,,,SPARKS,NV,89434,840,,SGWSGFCA - FAIRFIELDNV - SPARKS-,250 LILLARD,,,SPARKS,NV,89434,,840,7202-SPAR,0,,,LTL,,,20,Fully Assigned To An Outbound Shipment,20250519,20250519,20250521,171509,250519P0000,N,0,0,0,2,90,Invoiced,,2,Pickticket Completely Invoiced.,,N,N,,0,2425480.2,0.,0.,0,25,1047.,0.,0.,0,1047.,,TL,53,F,5,03,ACTIVITY 3,,N N,,,,3,20250519013,9,All from Reserve,2133484,13048097,961,MISCNVS,MISCNVS,DAY,,,,,,,F,***,,***,,22.,28.,28.,0.,0.,28.,28.,1.,1.,200.,CT1,XDK,4195390,7920.,90,Invoiced Complete,88485570,,20250519,181102,20250521,171509,MCERTEZA,2025-05-20 01:21:29,0,2025-05-22 01:22:45,INFAJOB,WMIPHPICK_15_AGC_4626132_20250519190041.txt,WMI,5c5f9cb8c28430db84053bba3e75af2f
189099755,20250527,202505,,7002,-7002,CA7257785,AGC,-961,CA7257785,CA7257785,DB,99005,SANTA FE SPRINGS,SANTA FE SPRINGS,13500 FOSTER ROAD,,,SANTA FE SPRINGS,CA,90670,840,,SANTA FE SPRINGS,13500 FOSTER ROAD,,,SANTA FE SPRINGS,CA,90670,5629262000,840,CA0099005,20250515,,,LTL,,,20,Fully Assigned To An Outbound Shipment,20250514,20250516,20250527,160840,250516P0000,N,0,0,0,2,90,Invoiced,,2,Pickticket Completely Invoiced.,,N,N,07257785,1,18897.75,18897.75,0.,0,11,1236607.464,0.,0.,0,7443.,,TL,53,F,5,02,ACTIVITY 2,6200,N N,,,,4,20250516012,9,All from Reserve,2179240,13954005,961,935400,935400,DAY,,,,,,,F,***,,***,,3000.,3000.,3000.,0.,0.,3000.,3000.,6.,600.,120.,CT1,SFS,*,102665.,90,Invoiced Complete,4207493,6200,20250514,170304,20250527,160840,AGUERRERO,2025-05-15 01:22:00,0,2025-05-28 01:21:52,INFAJOB,WMIPHPICK_15_AGC_4612572_20250514190042.txt,WMI,95033040b1e7a8d5fd5cfde8aa3bf7a8
202636947,20250527,202505,,7002,-7002,HI7520219,AGC,-961,HI7520219,HI7520219,DB,329,SGWS CAMPBELL WHSE 1,SGWS CAMPBELL WHSE 1,91 210 HANUA ST,,,KAPOLEI,HI,96707,840,,SGWS CAMPBELL WHSE 1,91 210 HANUA ST,,,KAPOLEI,HI,96707,8086823737,840,HI0000329,20250522,,,LTL,,,20,Fully Assigned To An Outbound Shipment,20250521,20250522,20250527,134851,250522P0000,N,0,2,0,2,90,Invoiced,,2,Pickticket Completely Invoiced.,,N,N,07520219,1,24492.4652,24492.4652,0.,0,37,1534876.601,0.,0.,0,10046.,,TL,53,F,5,05,Reserve and Case-Pick,6600,N N,,,,41,20250522003,5C,Reserve and Case-Pick,969331,13798567,961,951662,951662,CSP,,,,,,,F,***,,***,,504.,504.,504.,0.,0.,504.,504.,12.,672.,168.,CT1,HIC,*,2109.24,90,Invoiced Complete,4213097,6600,20250521,173508,20250527,134851,VRINCON,2025-05-22 01:22:45,0,2025-05-28 01:21:52,INFAJOB,WMIPHPICK_15_AGC_4632542_20250521190043.txt,WMI,a92dba98b4e7def9cb71897dd96db0ab
212582215,20250602,202506,,7002,-7002,88666815,AGC,-961,88666815,88666815,DB,7201LASV,SGWSGFCA - FAIRFIELDA RDC FAIRFIELD,,8400 SOUTH JONES BLVD,,,LAS VEGAS,NV,89139,840,,SGWSGFCA - FAIRFIELDA RDC FAIRFIELD,8400 SOUTH JONES BLVD,,,LAS VEGAS,NV,89139,,840,7201-LASV,0,,,LTL,,,20,Fully Assigned To An Outbound Shipment,20250527,20250527,20250602,114053,250527P0000,N,0,0,0,2,90,Invoiced,,2,Pickticket Completely Invoiced.,,N,N,,0,3289572.,3289572.,0.,0,44,1420.,0.,0.,0,1420.,,TL,53,F,5,03,ACTIVITY 3,,N N,,,,16,20250527021,9,All from Reserve,428533,12991968,961,MISCNVL,MISCNVL,DAY,,,,,,,F,***,,***,,22.,6.,6.,0.,0.,6.,6.,1.,1.,200.,CT1,XDK,4200169,7920.,90,Invoiced Complete,88666815,,20250527,160543,20250602,114053,CGARCIA1,2025-05-28 01:21:52,0,2025-06-04 01:22:14,INFAJOB,WMIPHPICK_15_AGC_4649310_20250527190044.txt,WMI,69ad8eeec23d43e418a5482404324b3b
206517055,20250530,202505,,7002,-7002,88708855,AGC,-961,88708855,88708855,DB,51011000,SGWSGFCA - FAIRFIELDOH 3214991-0001,,4800 POTH ROAD,,,COLUMBUS,OH,432131332,840,,SGWSGFCA - FAIRFIELDOH 3214991-0001,4800 POTH ROAD,,,COLUMBUS,OH,432131332,,840,5101-1000,0,,,LTL,,,20,Fully Assigned To An Outbound Shipment,20250528,20250528,20250530,221129,250528P0000,N,0,0,0,2,90,Invoiced,,2,Pickticket Completely Invoiced.,,N,N,,0,2786869.8,69498.,0.,0,23,1203.,0.,0.,0,1203.,,TL,53,F,5,03,ACTIVITY 3,,N N,,,,9,20250528023,9,All from Reserve,9595229,13006627,961,MISCOHC,MISCOHC,DAY,,,,,,,F,***,,***,,22.,126.,126.,0.,0.,126.,126.,1.,1.,200.,CT1,XDK,4190336,7920.,90,Invoiced Complete,88708855,,20250528,162533,20250530,221129,BCALDWELL,2025-05-29 01:22:06,0,2025-06-04 01:22:14,INFAJOB,WMIPHPICK_15_AGC_4652434_20250528190042.txt,WMI,bdd23df2d90a73e2c1ac8fb5423aa1db
255476264,20250606,202506,,7002,-7002,88779258,AGC,-961,88779258,88779258,DB,87021000,SGWSGFCA - FAIRFIELDS - CA-2532-,,525 CANE ISLAND PARKWAY,,,KATY,TX,77494,840,,SGWSGFCA - FAIRFIELDS - CA-2532-,525 CANE ISLAND PARKWAY,,,KATY,TX,77494,,840,8702-1000,0,,,LTL,,,20,Fully Assigned To An Outbound Shipment,20250602,20250602,20250606,165334,250602P0000,N,0,0,0,2,90,Invoiced,,2,Pickticket Completely Invoiced.,,N,N,,0,2448646.2,2448646.2,0.,0,26,1057.,0.,0.,0,1057.,,TL,53,F,5,03,ACTIVITY 3,,N N,,,,6,20250602028,9,All from Reserve,2180193,12920171,961,MISCTXH,MISCTXH,DAY,,,,,,,F,***,,***,,22.,70.,70.,0.,0.,70.,70.,1.,1.,200.,CT1,XDK,4203049,7920.,90,Invoiced Complete,88779258,,20250602,184105,20250606,165334,CGARCIA1,2025-05-31 01:23:11,0,2025-06-07 01:21:37,INFAJOB,WMIPHPICK_15_AGC_4658721_20250530190042.txt,WMI,e98eca1a699bc942a428beb1e809f066
285741975,20250606,202506,,7002,-7002,88817721,AGC,-961,88817721,88817721,DB,93011000,SGWSGFCA - FAIRFIELDR 06379-,,11101 SMITTY LANE,,,NORTH LITTLE ROCK,AR,721175390,840,,SGWSGFCA - FAIRFIELDR 06379-,11101 SMITTY LANE,,,NORTH LITTLE ROCK,AR,721175390,,840,9301-1000,0,,,LTL,,,20,Fully Assigned To An Outbound Shipment,20250603,20250603,20250606,181715,250603P0000,N,0,0,0,2,90,Invoiced,,2,Pickticket Completely Invoiced.,,N,N,,0,2620074.6,48648.6,0.,0,48,1131.,0.,0.,0,1131.,,TL,53,F,5,03,ACTIVITY 3,,N N,,,,18,20250603037,9,All from Reserve,9594589,13052294,961,MISCARL,MISCARL,DAY,,,,,,,F,***,,***,,22.,8.,8.,0.,0.,8.,8.,1.,1.,200.,CT1,XDK,4204624,7920.,90,Invoiced Complete,88817721,,20250603,104257,20250606,181715,CGARCIA1,2025-06-04 01:22:14,0,2025-06-07 01:21:37,INFAJOB,WMIPHPICK_15_AGC_4668071_20250602205814.txt,WMI,3877fab13f36bee75c1e7a1eac3ecfe1
285794135,20250606,202506,,7002,-7002,88817721,AGC,-961,88817721,88817721,DB,93011000,SGWSGFCA - FAIRFIELDR 06379-,,11101 SMITTY LANE,,,NORTH LITTLE ROCK,AR,721175390,840,,SGWSGFCA - FAIRFIELDR 06379-,11101 SMITTY LANE,,,NORTH LITTLE ROCK,AR,721175390,,840,9301-1000,0,,,LTL,,,20,Fully Assigned To An Outbound Shipment,20250603,20250603,20250606,181715,250603P0000,N,0,0,0,2,90,Invoiced,,2,Pickticket Completely Invoiced.,,N,N,,0,2620074.6,48648.6,0.,0,48,1131.,0.,0.,0,1131.,,TL,53,F,5,03,ACTIVITY 3,,N N,,,,36,20250603037,9,All from Reserve,9594589,13052294,961,MISCARL,MISCARL,DAY,,,,,,,F,***,,***,,22.,7.,7.,0.,0.,7.,7.,1.,1.,200.,CT1,XDK,4208779,7920.,90,Invoiced Complete,88817721,,20250603,104257,20250606,181715,CGARCIA1,2025-06-04 01:22:14,0,2025-06-07 01:21:37,INFAJOB,WMIPHPICK_15_AGC_4668071_20250602205814.txt,WMI,2e4f080726483e7a9daa87e8bb48ea3b
238470423,20250610,202506,,7001,-7001,MD7508705,AGK,-960,MD7508705,MD7508705,DB,10000,MARYLAND QUAD WAREHOUSE,MARYLAND QUAD WAREHOUSE,7001-C QUAD AVE,,,ROSEDALE,MD,21237,840,,MARYLAND QUAD WAREHOUSE,7001-C QUAD AVE,,,ROSEDALE,MD,21237,4106465500,840,MD0010000,20250605,,,LTL,,,20,Fully Assigned To An Outbound Shipment,20250604,20250606,20250610,145605,250606P0000,N,0,0,0,2,90,Invoiced,,2,Pickticket Completely Invoiced.,,N,N,07508705,1,26585.2,0.,0.,0,14,1826092.8,0.,0.,0,7368.,,TL,53,F,5,02,ACTIVITY 2,5500,N N,,,,2,20250606002,9,All From Reserve,42623,11106370,960,306228,306228,DAY,,,,,,,F,***,,***,,1320.,1320.,1320.,0.,0.,1320.,1320.,6.,660.,132.,CT1,MRD,*,64900.,90,Invoiced Complete,4223684,5500,20250604,190239,20250610,145605,BSHEARER,2025-06-06 03:28:53,0,2025-06-10 22:28:10,INFAJOB,WMIPHPICK_15_AGK_4674785_20250605020021.txt,WMI,263494c1f2e8c3d55b478ae6371df925
222410730,20250611,202506,,7001,-7001,IL7550872,AGK,-960,IL7550872,IL7550872,DB,36452,SGWS - ILLINOIS- TRANSFER,SGWS - ILLINOIS- TRANSFER,300 E CROSSROADS PKWY,,,BOLINGBROOK,IL,60440,840,,SGWS - ILLINOIS- TRANSFER,300 E CROSSROADS PKWY,,,BOLINGBROOK,IL,60440,,840,IL0036452,20250529,,,LTL,,,20,Fully Assigned To An Outbound Shipment,20250528,20250603,20250611,102847,250603P0000,N,0,0,0,2,90,Invoiced,,2,Pickticket Completely Invoiced.,,N,N,07550872,1,42327.6,0.,0.,0,21,2057240.,0.,0.,0,14112.,,TL,53,F,5,02,ACTIVITY 2,3500,N N,,,,1,20250603010,9,All From Reserve,125337,14513381,960,623935,623935,DAY,,,,,,,F,***,,***,,3360.,3360.,3360.,0.,0.,3360.,3360.,12.,672.,168.,CT1,BOL,*,43120.,90,Invoiced Complete,4217702,3500,20250528,183237,20250611,102847,BSHEARER,2025-05-29 22:26:12,0,2025-06-11 22:25:08,INFAJOB,WMIPHPICK_15_AGK_4653116_20250529020019.txt,WMI,91d4f5c8d35e01c988c1080f299b3a1e
271382579,20250612,202506,,7001,-7001,KY7505484,AGK,-960,KY7505484,KY7505484,DB,1,SGWS KY LOUISVILLE,SGWS KY LOUISVILLE,2801 CONSTANT COMMENT PLACE,,,LOUISVILLE,KY,40299,840,,SGWS KY LOUISVILLE,2801 CONSTANT COMMENT PLACE,,,LOUISVILLE,KY,40299,5022976000,840,KY0000001,20250607,,,LTL,,,20,Fully Assigned To An Outbound Shipment,20250606,20250610,20250612,103743,250610P0000,N,0,0,0,2,90,Invoiced,,2,Pickticket Completely Invoiced.,,N,N,07505484,1,25892.95,7922.6,0.,0,21,1339415.948,0.,0.,0,12773.,,TL,53,F,5,02,ACTIVITY 2,2200,N N,,,,4,20250610007,9,All From Reserve,43178,13330548,960,47876,47876,DAY,,,,,,,F,***,,***,,660.,660.,660.,0.,0.,660.,660.,12.,660.,132.,CT1,LOU,*,8800.55,90,Invoiced Complete,4225724,2200,20250606,163408,20250612,103743,ZMAERZ,2025-06-06 22:43:01,0,2025-06-12 22:25:28,INFAJOB,WMIPHPICK_15_AGK_4679735_20250606160043.txt,WMI,24adbf55a6987b76ee5d08cc6018a1f6
237543506,20250613,202506,,7002,-7002,89085698,AGC,-961,89085698,89085698,DB,2201LOUI,SGWSGFCA - FAIRFIELDKY-,,2801 CONSTANT COMMENT PLACE,,,LOUISVILLE,KY,40299,840,,SGWSGFCA - FAIRFIELDKY-,2801 CONSTANT COMMENT PLACE,,,LOUISVILLE,KY,40299,,840,2201-LOUI,0,,,LTL,,,20,Fully Assigned To An Outbound Shipment,20250611,20250611,20250614,15025,250611P0000,N,0,0,0,2,90,Invoiced,,2,Pickticket Completely Invoiced.,,N,N,,0,1600277.36,0.,0.,0,30,1105.,0.,0.,0,1105.,,TL,53,F,5,03,ACTIVITY 3,,N N,,,,6,20250611012,9,All from Reserve,2213802,12990002,961,MISCLOU,MISCLOU,DAY,,,,,,,F,***,,***,,22.,12.,12.,0.,0.,12.,12.,1.,1.,200.,CT1,XDK,4214586,7920.,90,Invoiced Complete,89085698,,20250611,161335,20250614,15025,BCALDWELL,2025-06-12 01:22:04,0,2025-06-15 01:16:59,INFAJOB,WMIPHPICK_15_AGC_4694146_20250611190046.txt,WMI,15c849c6548a897ae06e8055e1e90017
257640802,20250616,202506,,7002,-7002,89015710,AGC,-961,89015710,89015710,DB,6601KAWA,SGWSGFCA - FAIRFIELDA RDC FAIRFIELD,,61 3785 MALUOKALANI PL 12,,,KAWAIHAE,HI,96743,840,,SGWSGFCA - FAIRFIELDA RDC FAIRFIELD,61 3785 MALUOKALANI PL 12,,,KAWAIHAE,HI,96743,,840,6601-KAWA,0,,,LTL,,,20,Fully Assigned To An Outbound Shipment,20250609,20250610,20250616,170555,250610P0000,N,0,0,0,2,90,Invoiced,,2,Pickticket Completely Invoiced.,,N,N,,0,2059457.4,129729.6,0.,0,18,889.,0.,0.,0,889.,,TL,53,F,5,03,ACTIVITY 3,,N N,,,,4,20250610043,9,All from Reserve,6491230,12907000,961,MISCHIB,MISCHIB,DAY,,,,,,,F,***,,***,,22.,5.,5.,0.,0.,5.,5.,1.,1.,200.,CT1,XDK,4213703,7920.,90,Invoiced Complete,89015710,,20250609,181402,20250616,170555,CGARCIA1,2025-06-10 01:18:42,0,2025-06-17 01:17:36,INFAJOB,WMIPHPICK_15_AGC_4687758_20250609190046.txt,WMI,4b66eb5cc20966f30416e35440ebd368
232408199,20250617,202506,,7001,-7001,SC7504860,AGK,-960,SC7504860,SC7504860,DB,9014,SGWS - SOUTH CAROLINA,SGWS - SOUTH CAROLINA,7600 RICHARD STREET,,,COLUMBIA,SC,29202,840,,SGWS - SOUTH CAROLINA,7600 RICHARD STREET,,,COLUMBIA,SC,29202,8036951630,840,SC0009014,20250610,,,LTL,,,20,Fully Assigned To An Outbound Shipment,20250609,20250613,20250617,153710,250613P0000,N,0,0,0,2,90,Invoiced,,2,Pickticket Completely Invoiced.,,N,N,07504860,1,35094.4,0.,0.,0,18,1805517.36,0.,0.,0,10872.,,TL,53,F,5,02,ACTIVITY 2,3200,N N,,,,3,20250613005,9,All From Reserve,80478,13068304,960,574485,574485,DAY,,,,,,,F,***,,***,,528.,528.,528.,0.,0.,528.,528.,12.,528.,132.,CT1,COL,*,8279.48,90,Invoiced Complete,4227137,3200,20250609,180829,20250617,153710,ZMAERZ,2025-06-10 22:28:10,0,2025-06-17 22:25:09,INFAJOB,WMIPHPICK_15_AGK_4688506_20250610020023.txt,WMI,9d879ed10bab1782cef4ddb57a127500
259086725,20250618,202506,,7002,-7002,HI7520400,AGC,-961,HI7520400,HI7520400,DB,329,SGWS CAMPBELL WHSE 1,SGWS CAMPBELL WHSE 1,91 210 HANUA ST,,,KAPOLEI,HI,96707,840,,SGWS CAMPBELL WHSE 1,91 210 HANUA ST,,,KAPOLEI,HI,96707,8086823737,840,HI0000329,20250613,,,LTL,,,20,Fully Assigned To An Outbound Shipment,20250612,20250617,20250618,145904,250617P0000,N,0,2,0,2,90,Invoiced,,2,Pickticket Completely Invoiced.,,N,N,07520400,1,34475.8,34475.8,0.,0,26,2063674.77,0.,0.,0,13146.,,TL,53,F,5,05,Reserve and Case-Pick,6600,N N,,,,38,20250617008,5C,Reserve and Case-Pick,146616,13713256,961,557370,557370,CSP,,,,,,,F,***,,***,,6.,6.,6.,0.,6.,0.,0.,6.,720.,180.,CT1,HIC,*,101.34,90,Invoiced Complete,4230098,6600,20250612,132715,20250618,145854,VRINCON,2025-06-13 01:22:42,0,2025-06-19 01:22:52,INFAJOB,WMIPHPICK_15_AGC_4697301_20250612190047.txt,WMI,e4a83e7ab71bd7429ff3f2bedca154bf
230371239,20250620,202506,,7002,-7002,HI7520372,AGC,-961,HI7520372,HI7520372,DB,332,SGWS KAUAI WHSE 5,SGWS KAUAI WHSE 5,1556 HALEUKANA ST,,,LIHUE,HI,96766,840,,SGWS KAUAI WHSE 5,1556 HALEUKANA ST,,,LIHUE,HI,96766,8082452999,840,HI0000332,20250611,,,LTL,,,20,Fully Assigned To An Outbound Shipment,20250610,20250617,20250620,141845,250617P0000,N,0,2,0,2,90,Invoiced,,2,Pickticket Completely Invoiced.,,N,N,07520372,1,7685.8,7685.8,0.,0,29,645977.276,0.,0.,0,3638.,,TL,53,F,5,05,Reserve and Case-Pick,6600,N N,,,,7,20250617017,5C,Reserve and Case-Pick,1925154,13925487,961,29102,29102,CSP,,,,,,,F,***,,***,,24.,24.,24.,0.,0.,24.,24.,12.,1080.,216.,CT1,HIC,*,179.5,90,Invoiced Complete,4228353,6600,20250610,194926,20250620,141845,VRINCON,2025-06-11 01:21:42,0,2025-06-21 01:22:41,INFAJOB,WMIPHPICK_15_AGC_4690929_20250610190047.txt,WMI,03e4a94c76826568d462fbfbd67d3d31
259343549,20250623,202506,,7002,-7002,89218336,AGC,-961,89218336,89218336,DB,5601BULK,SGWSGFCA - FAIRFIELDMN-,,3350 4TH AVENUE EAST,,,SHAKOPEE,MN,55379,840,,SGWSGFCA - FAIRFIELDMN-,3350 4TH AVENUE EAST,,,SHAKOPEE,MN,55379,,840,5601-BULK,0,,,LTL,,,20,Fully Assigned To An Outbound Shipment,20250617,20250617,20250623,111112,250617P0000,N,0,0,0,2,90,Invoiced,,2,Pickticket Completely Invoiced.,,N,N,,0,1934800.59996,1919.31428,0.,0,28,1247.,0.,0.,0,1247.,,TL,53,F,5,03,ACTIVITY 3,,N N,,,,8,20250617032,9,All from Reserve,12772823,12985326,961,MISCMIN,MISCMIN,DAY,,,,,,,F,***,,***,,22.,20.,20.,0.,0.,20.,20.,1.,1.,200.,CT1,XDK,4222575,7920.,90,Invoiced Complete,89218336,,20250617,180452,20250623,111112,RCHOCKLIN,2025-06-18 01:22:22,0,2025-06-24 01:18:46,INFAJOB,WMIPHPICK_15_AGC_4710992_20250617190046.txt,WMI,1150eed9c4e080b4680e863fef5f03d3
233479228,20250624,202506,,7002,-7002,89292254,AGC,-961,89292254,89292254,DB,7201LASV,SGWSGFCA - FAIRFIELDNV - LAS VEGAS-,,8400 SOUTH JONES BLVD,,,LAS VEGAS,NV,89139,840,,SGWSGFCA - FAIRFIELDNV - LAS VEGAS-,8400 SOUTH JONES BLVD,,,LAS VEGAS,NV,89139,,840,7201-LASV,0,,,LTL,,,20,Fully Assigned To An Outbound Shipment,20250619,20250619,20250624,184556,250619P0000,N,0,0,0,2,90,Invoiced,,2,Pickticket Completely Invoiced.,,N,N,,0,41257.,0.,0.,0,31,1298.,0.,0.,0,1298.,,TL,53,F,5,03,ACTIVITY 3,,N N,,,,11,20250619028,9,All from Reserve,428533,12991968,961,MISCNVL,MISCNVL,DAY,,,,,,,F,***,,***,,22.,19.,19.,0.,0.,19.,19.,1.,1.,200.,CT1,XDK,4208660,7920.,90,Invoiced Complete,89292254,,20250619,161624,20250624,184556,AGUERRERO,2025-06-20 01:23:16,0,2025-06-25 01:22:29,INFAJOB,WMIPHPICK_15_AGC_4717274_20250619190045.txt,WMI,2067e388ce2d009e3f42504af8cafa9a
246841550,20250626,202506,,7002,-7002,89294593,AGC,-961,89294593,89294593,DB,6601KAWA,SGWSGFCA - FAIRFIELDI - KAWA-,,61 3785 MALUOKALANI PL 12,,,KAWAIHAE,HI,96743,840,,SGWSGFCA - FAIRFIELDI - KAWA-,61 3785 MALUOKALANI PL 12,,,KAWAIHAE,HI,96743,,840,6601-KAWA,0,,,LTL,0002167661,0002167106,10,Partially Assigned To An Outbound Shipment,20250619,20250619,20250626,180751,250619P0000,N,0,0,0,2,90,Invoiced,,2,Pickticket Completely Invoiced.,,N,N,,0,1834160.59999,0.,0.,0,33,112872.4,0.,0.,0,1210.,,TL,53,F,5,03,ACTIVITY 3,,N N,,,,8,20250619016,9,All from Reserve,6491230,12907000,961,MISCHIB,MISCHIB,DAY,,,,,,,F,***,,***,,22.,20.,20.,0.,0.,20.,20.,1.,1.,200.,CT1,XDK,4203586,7920.,90,Invoiced Complete,89294593,,20250619,160554,20250626,180751,RCHOCKLIN,2025-06-20 01:23:16,0,2025-06-27 01:22:15,INFAJOB,WMIPHPICK_15_AGC_4717274_20250619190045.txt,WMI,ffa3af2d117bde6a668053ac9581295f
244768317,20250626,202506,,7002,-7002,89294674,AGC,-961,89294674,89294674,DB,83011000,SGWSGFCA - FAIRFIELDA WA 0000085-,,4377 112TH STREET,,,URBANDALE,IA,503222073,840,,SGWSGFCA - FAIRFIELDA WA 0000085-,4377 112TH STREET,,,URBANDALE,IA,503222073,,840,8301-1000,0,,,LTL,,,20,Fully Assigned To An Outbound Shipment,20250619,20250619,20250626,180609,250619P0000,N,0,0,0,2,90,Invoiced,,2,Pickticket Completely Invoiced.,,N,N,,0,1987397.8,0.,0.,0,25,112790.4,0.,0.,0,1105.,,TL,53,F,5,03,ACTIVITY 3,,N N,,,,4,20250619019,9,All from Reserve,9594909,12906807,961,MISCIAU,MISCIAU,DAY,,,,,,,F,***,,***,,22.,4.,4.,0.,0.,4.,4.,1.,1.,200.,CT1,XDK,4220407,7920.,90,Invoiced Complete,89294674,,20250619,170557,20250626,180609,RCHOCKLIN,2025-06-20 01:23:16,0,2025-06-27 01:22:15,INFAJOB,WMIPHPICK_15_AGC_4717274_20250619190045.txt,WMI,44ad25ef519d5c9c9ea5b61d22f6c7db
256101841,20250626,202506,,7002,-7002,HI7520437,AGC,-961,HI7520437,HI7520437,DB,332,SGWS KAUAI WHSE 5,SGWS KAUAI WHSE 5,1556 HALEUKANA ST,,,LIHUE,HI,96766,840,,SGWS KAUAI WHSE 5,1556 HALEUKANA ST,,,LIHUE,HI,96766,8082452999,840,HI0000332,20250618,,,LTL,,,20,Fully Assigned To An Outbound Shipment,20250617,20250625,20250626,140935,250625P0000,N,0,2,0,2,90,Invoiced,,2,Pickticket Completely Invoiced.,,N,N,07520437,1,17512.39,17512.39,13361.34,0,39,1040510.008,0.,657348.348,0,5130.,,TL,53,F,5,05,Reserve and Case-Pick,6600,N N,,,,41,20250625016,5C,Reserve and Case-Pick,2165481,13700164,961,964129,964129,CSP,,,,,,,F,***,,***,,30.,30.,30.,0.,0.,30.,30.,6.,360.,90.,CT1,HIC,*,697.85,90,Invoiced Complete,4234470,6600,20250617,172819,20250626,140935,VRINCON,2025-06-18 01:22:22,0,2025-06-27 01:22:15,INFAJOB,WMIPHPICK_15_AGC_4710992_20250617190046.txt,WMI,d8c2e50883d58990e6645f34c41cff03
258819022,20250701,202507,,7001,-7001,ARG0000009,AGK,-960,ARG0000009,ARG0000009,DH,ARG0000H,SGWS-FL,,4440 Old Tampa Highway,,,Lakeland,FL,33811,840,,SGWS-FL,4440 Old Tampa Highway,,,Lakeland,FL,33811,863-413-8200,840,,0,,,LTL,,,20,Fully Assigned To An Outbound Shipment,20250626,20250630,20250701,130457,250630P0000,N,0,0,0,2,90,Invoiced,,2,Pickticket Completely Invoiced.,,N,N,ARG0000009,1,432.,0.,432.,0,12,487.,0.,432.,0,3528.,,TL,53,F,5,01,ACTIVITY 1,,,,,,9,20250630007,9,All From Reserve,2391715,14308993,960,ARG0000I,ARG0000I,DAY,,,,,,,F,***,,***,,60.,60.,60.,0.,0.,60.,60.,12.,1.,1.,CT1,ARG,*,1.,90,Invoiced Complete,4243086,,20250626,145752,20250701,130457,BSHEARER,2025-06-26 22:22:20,0,2025-07-02 01:53:57,INFAJOB,WMIPHPICK_15_AGK_4735765_20250626160045.txt,WMI,56160ded90e458a8d8f333d0be1abe1f
228746388,20250703,202507,,7002,-7002,89510170,AGC,-961,89510170,89510170,DB,3201COLU,SGWSGFCA - FAIRFIELDSC-,,7600 RICHARD ST,,,COLUMBIA,SC,29209,840,,SGWSGFCA - FAIRFIELDSC-,7600 RICHARD ST,,,COLUMBIA,SC,29209,,840,3201-COLU,0,,,LTL,,,20,Fully Assigned To An Outbound Shipment,20250630,20250630,20250704,20931,250630P0000,N,0,0,0,2,90,Invoiced,,2,Pickticket Completely Invoiced.,,N,N,,0,2548260.,2548260.,0.,0,25,1100.,0.,0.,0,1100.,,TL,53,F,5,03,ACTIVITY 3,,N N,,,,5,20250630014,9,All from Reserve,12685467,12945008,961,MISCCOL,MISCCOL,DAY,,,,,,,F,***,,***,,22.,15.,15.,0.,0.,15.,15.,1.,1.,200.,CT1,XDK,4229686,7920.,90,Invoiced Complete,89510170,,20250630,180704,20250704,20931,BCALDWELL,2025-07-01 01:22:37,0,2025-07-05 01:16:15,INFAJOB,WMIPHPICK_15_AGC_4748059_20250630190046.txt,WMI,51ea11cfb85f0508211576fd18eb2560
260282224,20250707,202507,,7002,-7002,HI7520534,AGC,-961,HI7520534,HI7520534,DB,331,SGWS BIG ISLAND WHSE 4,SGWS BIG ISLAND WHSE 4,"61 3785 MALUOKALANI PLACE, #12",,,KAWAIHAE,HI,96743,840,,SGWS BIG ISLAND WHSE 4,"61 3785 MALUOKALANI PLACE, #12",,,KAWAIHAE,HI,96743,8088821841,840,HI0000331,20250627,,,LTL,,,20,Fully Assigned To An Outbound Shipment,20250626,20250703,20250707,152943,250703P0000,N,0,2,0,2,90,Invoiced,,2,Pickticket Completely Invoiced.,,N,N,07520534,1,33628.3,33628.3,0.,0,78,2019961.916,0.,0.,0,11668.,,TL,53,F,5,05,Reserve and Case-Pick,6600,N N,,,,14,20250703003,5C,Reserve and Case-Pick,11565468,13789267,961,33497,33497,CSP,,,,,,,F,***,,***,,468.,468.,468.,0.,0.,468.,468.,12.,780.,156.,CT1,HIC,*,1631.76,90,Invoiced Complete,4243005,6600,20250626,125139,20250707,152943,VRINCON,2025-06-27 01:22:15,0,2025-07-08 01:26:02,INFAJOB,WMIPHPICK_15_AGC_4736432_20250626190046.txt,WMI,cc2f04b957711ef3933f46bfd2ce5a54
231960004,20250707,202507,,7002,-7002,89476500,AGC,-961,89476500,89476500,DB,87021000,SGWSGFCA - FAIRFIELDS - CA-2532-,,525 CANE ISLAND PARKWAY,,,KATY,TX,77494,840,,SGWSGFCA - FAIRFIELDS - CA-2532-,525 CANE ISLAND PARKWAY,,,KATY,TX,77494,,840,8702-1000,0,,,LTL,,,20,Fully Assigned To An Outbound Shipment,20250627,20250627,20250707,113303,250627P0000,N,0,0,0,2,90,Invoiced,,2,Pickticket Completely Invoiced.,,N,N,,0,36687.99996,36687.99996,0.,0,23,1235.,0.,0.,0,1235.,,TL,53,F,5,03,ACTIVITY 3,,N N,,,,1,20250627051,9,All from Reserve,2180193,12920171,961,MISCTXH,MISCTXH,DAY,,,,,,,F,***,,***,,22.,51.,51.,0.,0.,51.,51.,1.,1.,200.,CT1,XDK,4216228,7920.,90,Invoiced Complete,89476500,,20250627,175315,20250707,113303,RCHOCKLIN,2025-06-28 01:21:16,0,2025-07-08 01:26:02,INFAJOB,WMIPHPICK_15_AGC_4739542_20250627190051.txt,WMI,e60f81c3f717c176413894a38fabcef0
270973223,20250707,202507,,7002,-7002,HI7520507,AGC,-961,HI7520507,HI7520507,DB,331,SGWS BIG ISLAND WHSE 4,SGWS BIG ISLAND WHSE 4,"61 3785 MALUOKALANI PLACE, #12",,,KAWAIHAE,HI,96743,840,,SGWS BIG ISLAND WHSE 4,"61 3785 MALUOKALANI PLACE, #12",,,KAWAIHAE,HI,96743,8088821841,840,HI0000331,20250625,,,LTL,,,20,Fully Assigned To An Outbound Shipment,20250624,20250630,20250707,130642,250630P0000,N,0,2,0,2,90,Invoiced,,2,Pickticket Completely Invoiced.,,N,N,07520507,1,10088.3,10088.3,0.,0,23,736585.213,0.,0.,0,3414.,,TL,53,F,5,05,Reserve and Case-Pick,6600,N N,,,,7,20250630024,5C,Reserve and Case-Pick,9555869,13786230,961,918485,918485,CSP,,,,,,,F,***,,***,,720.,720.,720.,0.,0.,720.,720.,12.,1260.,180.,CT1,HIC,*,3900.,90,Invoiced Complete,4240464,6600,20250624,161413,20250707,130642,AGUERRERO,2025-06-25 01:22:29,0,2025-07-08 01:26:02,INFAJOB,WMIPHPICK_15_AGC_4730770_20250624190047.txt,WMI,96d8104924bf04e4b94d2ebdc34d5d45
192900132,20250708,202507,,7001,-7001,MD7508267,AGK,-960,MD7508267,MD7508267,DB,10000,MARYLAND QUAD WAREHOUSE,MARYLAND QUAD WAREHOUSE,7001-C QUAD AVE,,,ROSEDALE,MD,21237,840,,MARYLAND QUAD WAREHOUSE,7001-C QUAD AVE,,,ROSEDALE,MD,21237,4106465500,840,MD0010000,20241114,,,LTL,,,,Not Assigned To An Outbound Shipment,20241111,0,0,0,,,,,,,99,Cancelled,,3,Pickticket Cancelled.,,Y,N,07508267,1,0.,0.,0.,0,0,0.,0.,0.,0,9216.,,TL,53,F,0,,,5500,N N,,,,1,,,,75978,15409160,960,965175,965175,,,,,,,,F,,,,,9216.,9216.,9216.,0.,9216.,0.,0.,12.,0.,0.,,MRD,*,79825.92,,,,5500,20241111,141526,20250708,143941,KRENO,2024-11-11 23:17:50,0,2025-07-08 22:23:05,INFAJOB,WMIPHPICK_15_AGK_4077532_20241111160037.txt,WMI,721d97bf55befc9d760b128e2f6a8676
271735078,20250708,202507,,7002,-7002,89539971,AGC,-961,89539971,89539971,DB,87011000,SGWSGFCA - FAIRFIELDTX W -107221028,,15245 HERITAGE PARKWAY,,,FORT WORTH,TX,76177,840,,SGWSGFCA - FAIRFIELDTX W -107221028,15245 HERITAGE PARKWAY,,,FORT WORTH,TX,76177,,840,8701-1000,0,,,LTL,,,20,Fully Assigned To An Outbound Shipment,20250701,20250701,20250708,102753,250701P0000,N,0,0,0,2,90,Invoiced,,2,Pickticket Completely Invoiced.,,N,N,,0,1027149.19998,0.,0.,0,25,1639.,0.,0.,0,1639.,,TL,53,F,5,03,ACTIVITY 3,,N N,,,,10,20250701012,9,All from Reserve,2179873,13026456,961,MISCTXD,MISCTXD,DAY,,,,,,,F,***,,***,,22.,51.,51.,0.,0.,51.,51.,1.,1.,200.,CT1,XDK,4230086,7920.,90,Invoiced Complete,89539971,,20250701,163647,20250708,102753,RCHOCKLIN,2025-07-02 01:19:26,0,2025-07-09 01:18:52,INFAJOB,WMIPHPICK_15_AGC_4751344_20250701190052.txt,WMI,bdf97600594a7c7d60700db0f92f8954
313175358,20250708,202507,,7002,-7002,CA7259246,AGC,-961,CA7259246,CA7259246,DB,99005,SANTA FE SPRINGS,SANTA FE SPRINGS,13500 FOSTER ROAD,,,SANTA FE SPRINGS,CA,90670,840,,SANTA FE SPRINGS,13500 FOSTER ROAD,,,SANTA FE SPRINGS,CA,90670,5629262000,840,CA0099005,20250704,,,LTL,,,20,Fully Assigned To An Outbound Shipment,20250703,20250707,20250708,133356,250707P0000,N,0,0,0,2,90,Invoiced,,2,Pickticket Completely Invoiced.,,N,N,07259246,1,38785.5,38785.5,0.,0,20,1989120.,0.,0.,0,15744.,,TL,53,F,5,02,ACTIVITY 2,6200,N N,,,,5,20250707011,9,All from Reserve,12675544,13800730,961,80171,80171,DAY,,,,,,,F,***,,***,,4608.,4608.,4608.,0.,0.,4608.,4608.,24.,2304.,288.,CT1,SFS,*,18912.,90,Invoiced Complete,4248421,6200,20250703,124914,20250708,133356,AGUERRERO,2025-07-04 06:17:45,0,2025-07-09 01:18:52,INFAJOB,WMIPHPICK_15_AGC_4757529_20250703190046.txt,WMI,b402e7841ae6ba471db5172acafc3462
244510257,20250710,202507,,7001,-7001,CRI000001R,AGK,-960,CRI000001R,CRI000001R,DH,CRI000GA,SOUTHERN GLAZERS WINE AND SPIRIT-DE,,615 LAMBSON LANE,,,NEW CASTLE,DE,19720,840,,SOUTHERN GLAZERS WINE AND SPIRIT-DE,P.O. BOX 279250,,,MIRAMAR,FL,33027,,840,,0,,,LTL,,,20,Fully Assigned To An Outbound Shipment,20250610,20250708,20250710,152159,250708P0000,N,0,0,0,2,90,Invoiced,,2,Pickticket Completely Invoiced.,,N,N,CRI000001R,1,3.,3.,3.,0,1,3.,0.,3.,0,18.,,TL,53,F,5,01,ACTIVITY 1,,,,,,1,20250708015,9,All From Reserve,110940,14221448,960,CRI00007,CRI00007,DAY,,,,,,,F,***,,***,,18.,18.,18.,0.,0.,18.,18.,6.,1.,1.,CT1,CRI,*,1.,90,Invoiced Complete,4226382,,20250610,134934,20250710,152159,ZMAERZ,2025-06-10 22:28:10,0,2025-07-10 22:22:54,INFAJOB,WMIPHPICK_15_AGK_4690261_20250610160045.txt,WMI,e4177455cf4295cc1e137fc4fde8e19d
231487645,20250710,202507,,7002,-7002,89576590,AGC,-961,89576590,89576590,DB,51011000,SGWSGFCA - FAIRFIELDOH 3214991-0001,,4800 POTH ROAD,,,COLUMBUS,OH,432131332,840,,SGWSGFCA - FAIRFIELDOH 3214991-0001,4800 POTH ROAD,,,COLUMBUS,OH,432131332,,840,5101-1000,0,,,LTL,,,20,Fully Assigned To An Outbound Shipment,20250702,20250702,20250710,113454,250702P0000,N,0,0,0,2,90,Invoiced,,2,Pickticket Completely Invoiced.,,N,N,,0,100475.59995,100475.59995,0.,0,25,1187.,0.,0.,0,1187.,,TL,53,F,5,03,ACTIVITY 3,,N N,,,,6,20250702015,9,All from Reserve,9595229,13006627,961,MISCOHC,MISCOHC,DAY,,,,,,,F,***,,***,,22.,19.,19.,0.,0.,19.,19.,1.,1.,200.,CT1,XDK,4224438,7920.,90,Invoiced Complete,89576590,,20250702,151201,20250710,113454,CGARCIA1,2025-07-03 01:22:32,0,2025-07-11 01:18:39,INFAJOB,WMIPHPICK_15_AGC_4754442_20250702190047.txt,WMI,b21288164b4872b67a0f7816094e5d04
302986873,20250710,202507,,7002,-7002,89608384,AGC,-961,89608384,89608384,DB,6601KAPO,SGWSGFCA - FAIRFIELDHI-KAPO-,,91 210 HANUA STREET,,,KAPOLEI,HI,96707,840,,SGWSGFCA - FAIRFIELDHI-KAPO-,91 210 HANUA STREET,,,KAPOLEI,HI,96707,,840,6601-KAPO,0,,,LTL,,,20,Fully Assigned To An Outbound Shipment,20250707,20250707,20250710,120032,250707P0000,N,0,0,0,2,90,Invoiced,,2,Pickticket Completely Invoiced.,,N,N,,0,2249418.6,159845.4,0.,0,21,971.,0.,0.,0,971.,,TL,53,F,5,03,ACTIVITY 3,,N N,,,,6,20250707026,9,All from Reserve,2402272,13113973,961,MISCHIC,MISCHIC,DAY,,,,,,,F,***,,***,,22.,789.,789.,0.,0.,789.,789.,1.,1.,200.,CT1,XDK,4230231,7920.,90,Invoiced Complete,89608384,,20250707,112444,20250710,120032,CGARCIA1,2025-07-04 06:17:45,0,2025-07-11 01:18:39,INFAJOB,WMIPHPICK_15_AGC_4757529_20250703190046.txt,WMI,4f7cae790561cfb562eba85ad960993d
301876510,20250710,202507,,7002,-7002,89651257,AGC,-961,89651257,89651257,DB,7202SPAR,SGWSGFCA - FAIRFIELDA RDC FAIRFIELD,,250 LILLARD,,,SPARKS,NV,89434,840,,SGWSGFCA - FAIRFIELDA RDC FAIRFIELD,250 LILLARD,,,SPARKS,NV,89434,,840,7202-SPAR,0,,,LTL,,,20,Fully Assigned To An Outbound Shipment,20250707,20250707,20250710,115152,250707P0000,N,0,0,0,2,90,Invoiced,,2,Pickticket Completely Invoiced.,,N,N,,0,2622390.,4633.2,0.,0,28,224502.8,0.,0.,0,1132.,,TL,53,F,5,03,ACTIVITY 3,,N N,,,,4,20250707029,9,All from Reserve,2133484,13048097,961,MISCNVS,MISCNVS,DAY,,,,,,,F,***,,***,,22.,2.,2.,0.,0.,2.,2.,1.,1.,200.,CT1,XDK,4236101,7920.,90,Invoiced Complete,89651257,,20250707,174905,20250710,115152,CGARCIA1,2025-07-08 01:26:02,0,2025-07-11 01:18:39,INFAJOB,WMIPHPICK_15_AGC_4769704_20250707190044.txt,WMI,34ff969a4660f5ece2da5905a12c360a
248519049,20250711,202507,,7002,-7002,HI7520530,AGC,-961,HI7520530,HI7520530,DB,330,SGWS MAUI WHSE 3,SGWS MAUI WHSE 3,231 LALO PLACE,,,KAHULUI,HI,96732,840,,SGWS MAUI WHSE 3,231 LALO PLACE,,,KAHULUI,HI,96732,8088718406,840,HI0000330,20250627,,,LTL,,,20,Fully Assigned To An Outbound Shipment,20250626,20250703,20250711,132437,250703P0000,N,0,2,0,2,90,Invoiced,,2,Pickticket Completely Invoiced.,,N,N,07520530,1,7535.55,7535.55,0.,0,23,623371.944,0.,0.,0,2838.,,TL,53,F,5,05,Reserve and Case-Pick,6600,N N,,,,18,20250703002,5C,Reserve and Case-Pick,132120,13872501,961,631248,631248,CSP,,,,,,,F,***,,***,,132.,132.,132.,0.,0.,132.,132.,6.,528.,132.,CT1,HIC,*,3409.56,90,Invoiced Complete,4243001,6600,20250626,124739,20250711,132437,VRINCON,2025-06-27 01:22:15,0,2025-07-12 01:19:11,INFAJOB,WMIPHPICK_15_AGC_4736432_20250626190046.txt,WMI,2ed5bafc9620f9f811320c980e2d5e85
271334271,20250710,202507,,7002,-7002,89608599,AGC,-961,89608599,89608599,DB,1401BULK,SGWSGFCA - FAIRFIELDFL-,,4440 OLD TAMPA HIGHWAY,,,LAKELAND,FL,33811,840,,SGWSGFCA - FAIRFIELDFL-,4440 OLD TAMPA HIGHWAY,,,LAKELAND,FL,33811,,840,1401-BULK,0,,,LTL,,,20,Fully Assigned To An Outbound Shipment,20250707,20250708,20250711,32129,250708P0000,N,0,0,0,2,90,Invoiced,,2,Pickticket Completely Invoiced.,,N,N,,0,4010034.,141312.6,0.,0,21,113416.4,0.,0.,0,1731.,,TL,53,F,5,03,ACTIVITY 3,,N N,,,,5,20250708027,9,All from Reserve,161017,13060051,961,MISCLAK,MISCLAK,DAY,,,,,,,F,***,,***,,22.,1.,1.,0.,0.,1.,1.,1.,1.,200.,CT1,XDK,4233124,7920.,90,Invoiced Complete,89608599,,20250707,120146,20250711,32129,BCALDWELL,2025-07-04 06:17:45,0,2025-07-12 01:19:11,INFAJOB,WMIPHPICK_15_AGC_4757529_20250703190046.txt,WMI,ec005ce1ca1754d0ce5467c1e5cf2113
273516152,20250718,202507,,7002,-7002,89941493,AGC,-961,89941493,89941493,DB,3501BOLI,SGWSGFCA - FAIRFIELDIL-,,300 EAST CROSSROADS PARKWAY,,,BOLINGBROOK,IL,60440,840,,SGWSGFCA - FAIRFIELDIL-,300 EAST CROSSROADS PARKWAY,,,BOLINGBROOK,IL,60440,,840,3501-BOLI,0,,,LTL,,,,Not Assigned To An Outbound Shipment,20250718,0,0,0,,,,,,,10,Unselected,,,,,Y,N,,0,0.,0.,0.,0,0,0.,0.,0.,0,968.,,TL,53,F,0,,,,N N,,,,2,,,,2401952,12888203,961,MISCBOL,MISCBOL,,,,,,,,F,,,,,22.,24.,24.,0.,0.,0.,0.,1.,0.,0.,CT1,XDK,4244127,0.,,,,,20250718,163519,20250718,163519,AGCWMI,2025-07-19 01:24:02,0,2025-07-19 01:24:02,INFAJOB,WMIPHPICK_15_AGC_4802317_20250718190045.txt,WMI,b25ae318f2e65e94fbaa0d1f61ab2a63
256591250,20250721,202507,,7001,-7001,8025781794,AGK,-960,8025781794,8025781794,DH,9301,SGWS - Arkansas North Little R,,11101 Smitty Lane,,,North Little Rock,AR,72117-5390,840,,SGWS - Arkansas North Little R,11101 Smitty Lane,,,North Little Rock,AR,72117-5390,,840,9301,20250716,,,LTL,,,20,Fully Assigned To An Outbound Shipment,20250716,20250721,0,0,250721P0000,,0,0,0,2,35,In Packing,,,,,N,N,000,0,3841.65,0.,0.,0,7,182215.84,0.,0.,0,1482.,,TL,53,P,5,02,ACTIVITY 2,9300,N N,,,,60,20250721002,9,All From Reserve,10650756,15946592,960,362608,362608,DAY,,,,,,,F,***,,***,,66.,66.,66.,0.,0.,0.,60.,6.,528.,132.,CT1,ARL,,11.6678,,,4257000,9300,20250715,170118,20250721,80935,JHAY,2025-07-15 22:25:38,0,2025-07-21 22:23:14,INFAJOB,WMIPHPICK_15_AGK_4792030_20250715160044.txt,WMI,c13880af4b7256b3a50b3f4653951af4
242488161,20250721,202507,,7001,-7001,89923152,AGK,-960,89923152,89923152,DB,93011000,ANKAA GLOBAL LOGISTICS KY HUBHEPHER,,11101 SMITTY LANE,,,NORTH LITTLE ROCK,AR,721175390,840,,ANKAA GLOBAL LOGISTICS KY HUBHEPHER,11101 SMITTY LANE,,,NORTH LITTLE ROCK,AR,721175390,,840,9301-1000,0,,,LTL,,,10,Partially Assigned To An Outbound Shipment,20250718,20250721,0,0,250721P0000,N,0,0,0,2,55,Located,,,,,N,N,,0,1582237.8,0.,0.,0,11,76281538.,0.,0.,0,683.,,TL,53,F,5,03,ACTIVITY 3,,N N,,,,4,20250721001,9,All From Reserve,51781,4696109,960,MISCARL,MISCARL,DAY,,,,,,,F,***,,***,,22.,305.,305.,0.,0.,0.,305.,1.,1.,1.,CT1,XDK,4245012,7920.,83,Packed,89923152,,20250718,162912,20250721,75431,JHAY,2025-07-17 22:26:09,0,2025-07-21 22:23:14,INFAJOB,WMIPHPICK_15_AGK_4798471_20250717160045.txt,WMI,480af046b2bf98f83bc8754c20524487
260390447,20250721,202507,,7002,-7002,HI7520634,AGC,-961,HI7520634,HI7520634,DB,329,SGWS CAMPBELL WHSE 1,SGWS CAMPBELL WHSE 1,91 210 HANUA ST,,,KAPOLEI,HI,96707,840,,SGWS CAMPBELL WHSE 1,91 210 HANUA ST,,,KAPOLEI,HI,96707,8086823737,840,HI0000329,20250717,,,LTL,0002169656,0002169657,10,Partially Assigned To An Outbound Shipment,20250716,20250718,0,0,250718P0000,Y,0,0,0,2,35,In Packing,,,,,N,N,07520634,1,31465.4,0.,0.,0,29,1611482.313,0.,0.,0,13134.,,TL,53,F,5,02,ACTIVITY 2,6600,N N,,,,18,20250718006,9,All from Reserve,969331,15676257,961,951662,951662,DAY,,,,,,,F,***,,***,,1032.,1032.,1032.,0.,192.,0.,840.,12.,672.,168.,CT1,HIC,*,4562.3,83,Packed,4257856,6600,20250716,155907,20250721,111244,AMIT,2025-07-17 01:23:25,0,2025-07-22 01:22:01,INFAJOB,WMIPHPICK_15_AGC_4795907_20250716190046.txt,WMI,770856650b70dfeb60fcaadad3b0882a
242030552,20250721,202507,,7002,-7002,HI7520626,AGC,-961,HI7520626,HI7520626,DB,329,SGWS CAMPBELL WHSE 1,SGWS CAMPBELL WHSE 1,91 210 HANUA ST,,,KAPOLEI,HI,96707,840,,SGWS CAMPBELL WHSE 1,91 210 HANUA ST,,,KAPOLEI,HI,96707,8086823737,840,HI0000329,20250717,,,LTL,0002169642,0002169643,10,Partially Assigned To An Outbound Shipment,20250716,20250718,0,0,250718P0000,Y,0,0,0,2,35,In Packing,,,,,N,N,07520626,1,38231.9,0.,0.,0,35,2181602.816,0.,0.,0,12621.,,TL,53,F,5,02,ACTIVITY 2,6600,N N,,,,10,20250718003,9,All from Reserve,146296,15688642,961,557367,557367,DAY,,,,,,,F,***,,***,,42.,42.,42.,0.,0.,0.,42.,6.,660.,132.,CT1,HIC,*,730.31,83,Packed,4257844,6600,20250716,155035,20250721,181531,GHEN,2025-07-17 01:23:25,0,2025-07-22 01:22:01,INFAJOB,WMIPHPICK_15_AGC_4795907_20250716190046.txt,WMI,8768f732386754f1342f6a1483dea548
232553802,20250722,202507,,7002,-7002,HI7520633,AGC,-961,HI7520633,HI7520633,DB,331,SGWS BIG ISLAND WHSE 4,SGWS BIG ISLAND WHSE 4,"61 3785 MALUOKALANI PLACE, #12",,,KAWAIHAE,HI,96743,840,,SGWS BIG ISLAND WHSE 4,"61 3785 MALUOKALANI PLACE, #12",,,KAWAIHAE,HI,96743,8088821841,840,HI0000331,20250717,,,LTL,0002169939,0002169940,10,Partially Assigned To An Outbound Shipment,20250716,20250722,0,0,250722P0000,Y,0,2,0,2,35,In Packing,,,,,N,N,07520633,1,28278.5,0.,0.,0,59,1552155.858,0.,0.,0,8930.,,TL,53,F,5,05,Reserve and Case-Pick,6600,N N,,,,22,20250722010,5C,Reserve and Case-Pick,1919722,13877975,961,311650,311650,CSP,,,,,,,F,***,,***,,36.,36.,36.,0.,0.,0.,0.,12.,1152.,192.,CT1,HIC,*,345.48,,,4257852,6600,20250716,155836,20250722,161601,VRINCON,2025-07-17 01:23:25,0,2025-07-23 01:24:27,INFAJOB,WMIPHPICK_15_AGC_4795907_20250716190046.txt,WMI,b8a39d3b88494ef11eac20d555ac807b
292702141,20250722,202507,,7002,-7002,89853565,AGC,-961,89853565,89853565,DB,92031000,SGWSGFCA - FAIRFIELDLA - GEISMAR-,,6602 INDUSTRIAL DRIVE,,,GEISMAR,LA,70734,840,,SGWSGFCA - FAIRFIELDLA - GEISMAR-,6602 INDUSTRIAL DRIVE,,,GEISMAR,LA,70734,,840,9203-1000,0,,,LTL,,,10,Partially Assigned To An Outbound Shipment,20250717,20250722,0,0,250722P0000,,0,0,0,2,35,In Packing,,,,,N,N,,0,2154438.,0.,0.,0,30,930.,0.,0.,0,930.,,TL,53,F,5,03,ACTIVITY 3,,N N,,,,20,20250722017,9,All from Reserve,604532,12852462,961,MISCLAS,MISCLAS,DAY,,,,,,,F,***,,***,,22.,12.,12.,0.,0.,0.,0.,1.,1.,200.,CT1,XDK,4243419,7920.,,,89853565,,20250717,141120,20250722,195023,TPALACIOS,2025-07-16 01:24:33,0,2025-07-23 01:24:27,INFAJOB,WMIPHPICK_15_AGC_4792694_20250715190045.txt,WMI,c07080843020f7946f1f40bb97f594d3
255014089,20250721,202507,,7002,-7002,89942192,AGC,-961,89942192,89942192,DB,2201LOUI,SGWSGFCA - FAIRFIELDS - CA-,,2801 CONSTANT COMMENT PLACE,,,LOUISVILLE,KY,40299,840,,SGWSGFCA - FAIRFIELDS - CA-,2801 CONSTANT COMMENT PLACE,,,LOUISVILLE,KY,40299,,840,2201-LOUI,0,,,LTL,,,10,Partially Assigned To An Outbound Shipment,20250718,20250719,0,0,250719P0000,N,0,0,0,2,40,Pack Complete,,,,,N,N,,0,102805.8,0.,0.,0,30,1800.,0.,0.,0,1800.,,TL,53,F,5,03,ACTIVITY 3,,N N,,,,15,20250719007,9,All from Reserve,2213802,12990002,961,MISCLOU,MISCLOU,DAY,,,,,,,F,***,,***,,22.,17.,17.,0.,0.,0.,17.,1.,1.,200.,CT1,XDK,4247696,7920.,83,Packed,89942192,,20250718,164120,20250721,233330,BCALDWELL,2025-07-19 01:24:02,0,2025-07-23 01:24:27,INFAJOB,WMIPHPICK_15_AGC_4802317_20250718190045.txt,WMI,a610e53e077a544227b3e84980c9a37a
306015843,20250722,202507,,7002,-7002,89848185,AGC,-961,89848185,89848185,DB,6601KAPO,SGWSGFCA - FAIRFIELDHI-KAPO-,,91 210 HANUA STREET,,,KAPOLEI,HI,96707,840,,SGWSGFCA - FAIRFIELDHI-KAPO-,91 210 HANUA STREET,,,KAPOLEI,HI,96707,,840,6601-KAPO,0,,,LTL,,,20,Fully Assigned To An Outbound Shipment,20250715,20250715,20250722,152712,250715P0000,N,0,0,0,2,90,Invoiced,,2,Pickticket Completely Invoiced.,,N,N,,0,1445823.19992,108653.81428,0.,0,34,1726.,0.,0.,0,1726.,,TL,53,F,5,03,ACTIVITY 3,,N N,,,,7,20250715023,9,All from Reserve,2402272,13113973,961,MISCHIC,MISCHIC,DAY,,,,,,,F,***,,***,,22.,4.,4.,0.,0.,4.,4.,1.,1.,200.,CT1,XDK,4231120,7920.,90,Invoiced Complete,89848185,,20250715,172151,20250722,152712,RPERRYLV,2025-07-16 01:24:33,0,2025-07-23 01:24:27,INFAJOB,WMIPHPICK_15_AGC_4792694_20250715190045.txt,WMI,175fc03dfb44d8997194b38102d90943
259173834,20250721,202507,,7002,-7002,HI7520627,AGC,-961,HI7520627,HI7520627,DB,330,SGWS MAUI WHSE 3,SGWS MAUI WHSE 3,231 LALO PLACE,,,KAHULUI,HI,96732,840,,SGWS MAUI WHSE 3,231 LALO PLACE,,,KAHULUI,HI,96732,8088718406,840,HI0000330,20250717,,,LTL,0002169654,0002169655,10,Partially Assigned To An Outbound Shipment,20250716,20250718,0,0,250718P0000,Y,0,0,0,2,35,In Packing,,,,,N,N,07520627,1,35852.2,0.,0.,0,64,1880303.871,0.,0.,0,16022.,,TL,53,F,5,02,ACTIVITY 2,6600,N N,,,,18,20250718005,9,All from Reserve,2174760,13787997,961,92809,92809,DAY,,,,,,,F,***,,***,,18.,18.,18.,0.,0.,0.,18.,6.,468.,156.,CT1,HIC,*,577.71,83,Packed,4257845,6600,20250716,155035,20250721,114738,MCASTANE,2025-07-17 01:23:25,0,2025-07-23 01:24:27,INFAJOB,WMIPHPICK_15_AGC_4795907_20250716190046.txt,WMI,6c64ec5829d20b67b853c9ef4ae2d962
264871840,20250722,202507,,7002,-7002,89982637,AGC,-961,89982637,89982637,DB,7801DENV,SGWSGFCA - FAIRFIELDCO-,,22800 EAST 19TH AVENUE,,,AURORA,CO,80019,840,,SGWSGFCA - FAIRFIELDCO-,22800 EAST 19TH AVENUE,,,AURORA,CO,80019,,840,7801-DENV,0,,,LTL,,,10,Partially Assigned To An Outbound Shipment,20250722,20250722,0,0,250722P0000,,0,0,0,2,35,In Packing,,,,,N,N,,0,2613124.8,0.,0.,0,22,1128.,0.,0.,0,1128.,,TL,53,F,5,03,ACTIVITY 3,,N N,,,,5,20250722009,9,All from Reserve,603892,13173221,961,MISCCOA,MISCCOA,DAY,,,,,,,F,***,,***,,22.,105.,105.,0.,0.,0.,105.,1.,1.,200.,CT1,XDK,4247453,7920.,83,Packed,89982637,,20250722,94321,20250722,192942,FORELLANA,2025-07-22 01:22:01,0,2025-07-23 01:24:27,INFAJOB,WMIPHPICK_15_AGC_4808922_20250721190046.txt,WMI,2e3b830e44f692cbe4a3f2ee70fb2cf6
257830448,20250722,202507,,7002,-7002,HI7520687,AGC,-961,HI7520687,HI7520687,DB,331,SGWS BIG ISLAND WHSE 4,SGWS BIG ISLAND WHSE 4,"61 3785 MALUOKALANI PLACE, #12",,,KAWAIHAE,HI,96743,840,,SGWS BIG ISLAND WHSE 4,"61 3785 MALUOKALANI PLACE, #12",,,KAWAIHAE,HI,96743,8088821841,840,HI0000331,20250723,,,LTL,,,,Not Assigned To An Outbound Shipment,20250722,0,0,0,,,,,,,10,Unselected,,,,,Y,N,07520687,1,0.,0.,0.,0,0,0.,0.,0.,0,5762.,,TL,53,F,0,,,6600,N N,,,,23,,,,12406745,13835368,961,284690,284690,,,,,,,,F,,,,,48.,48.,48.,0.,0.,0.,0.,6.,0.,0.,,HIC,*,660.88,,,,6600,20250722,174520,20250722,174520,AGCWMI,2025-07-23 01:24:27,0,2025-07-23 01:24:27,INFAJOB,WMIPHPICK_15_AGC_4812135_20250722190046.txt,WMI,c1ea70cdc5980fca76c752eb2c50dbf5
98757016,20240718,202407,,7001,-7001,81368520,AGK,-960,81368520,81368520,DB,3501BOLI,SOUTHERN GLAZER'S OF IL,,300 EAST CROSSROADS PARKWAY,,,BOLINGBROOK,IL,60440,840,,SOUTHERN GLAZER'S OF IL,300 EAST CROSSROADS PARKWAY,,,BOLINGBROOK,IL,60440,,840,3501-BOLI,0,,,LTL,,,20,Fully Assigned To An Outbound Shipment,20240712,20240716,20240718,140410,240716P0000,N,0,0,0,2,90,Invoiced,,2,Pickticket Completely Invoiced.,,N,N,,0,34740.,0.,0.,0,15,1675296.,0.,0.,0,15.,,TL,53,F,5,03,ACTIVITY 3,,N N,,,,2,20240716003,9,All From Reserve,12366744,4654623,960,MISCBOL,MISCBOL,DAY,,,,,,,F,***,,***,,22.,8.,8.,0.,0.,8.,8.,1.,1.,1.,CT1,XDK,3823196,7920.,90,Invoiced Complete,81368520,,20240712,121941,20240718,140410,KRENO,2024-07-20 14:03:28,0,2024-07-20 14:03:28,INFAJOB,WMIPHPICK_15_Adhoc_3730955_20240719125822.txt,WMI,fcc39ad9f042988aa1806b167711c1b1
101665697,20240430,202404,,7001,-7001,79596135,AGK,-960,79596135,79596135,DB,87021000,SOUTHERN GLAZER'S OF TX W 512532,,525 CANE ISLAND PARKWAY,,,KATY,TX,77494,840,,SOUTHERN GLAZER'S OF TX W 512532,525 CANE ISLAND PARKWAY,,,KATY,TX,77494,,840,8702-1000,0,,,LTL,,,20,Fully Assigned To An Outbound Shipment,20240426,20240429,20240430,142833,240429P0000,N,0,0,0,2,90,Invoiced,,2,Pickticket Completely Invoiced.,,N,N,,0,44004.,0.,0.,0,19,2122041.6,0.,0.,0,19.,,TL,53,F,5,03,ACTIVITY 3,,N N,,,,7,20240429001,9,All From Reserve,1844196,4724186,960,MISCTXH,MISCTXH,DAY,,,,,,,F,***,,***,,22.,1.,1.,0.,0.,1.,1.,1.,1.,1.,CT1,XDK,3868233,7920.,90,Invoiced Complete,79596135,,20240426,145540,20240430,142833,EDOBBINS,2024-07-20 14:03:28,0,2024-07-20 14:03:28,INFAJOB,WMIPHPICK_15_Adhoc_3730955_20240719125822.txt,WMI,36548d9be546e9926409b1b745dbebc5
100721300,20240520,202405,,7001,-7001,79620287,AGK,-960,79620287,79620287,DB,5601BULK,SOUTHERN GLAZERS OF ND,,3350 4TH AVENUE EAST,,,SHAKOPEE,MN,55379,840,,SOUTHERN GLAZERS OF ND,3350 4TH AVENUE EAST,,,SHAKOPEE,MN,55379,,840,5601-BULK,0,,,LTL,,,20,Fully Assigned To An Outbound Shipment,20240429,20240514,20240520,144047,240514P0000,N,0,0,0,2,90,Invoiced,,2,Pickticket Completely Invoiced.,,N,N,,0,44004.,0.,0.,0,19,2122041.6,0.,0.,0,19.,,TL,53,F,5,03,ACTIVITY 3,,N N,,,,2,20240514007,9,All From Reserve,90516,4663337,960,MISCMIN,MISCMIN,DAY,,,,,,,F,***,,***,,22.,5.,5.,0.,0.,5.,5.,1.,1.,1.,CT1,XDK,3871078,7920.,90,Invoiced Complete,79620287,,20240429,150525,20240520,144047,ZMAERZ,2024-07-20 14:03:28,0,2024-07-20 14:03:28,INFAJOB,WMIPHPICK_15_Adhoc_3730955_20240719125822.txt,WMI,6ca09bea5063b4a1958af62900c8b8ca
100946999,20240626,202406,,7001,-7001,80808408,AGK,-960,80808408,80808408,DB,5901BULK,SOUTHERN GLAZERS OF NE,,13855 CORNHUSKER ROAD,,,OMAHA,NE,68138,840,,SOUTHERN GLAZERS OF NE,13855 CORNHUSKER ROAD,,,OMAHA,NE,68138,,840,5901-BULK,0,,,LTL,,,20,Fully Assigned To An Outbound Shipment,20240619,20240624,20240626,153007,240624P0000,N,0,0,0,2,90,Invoiced,,2,Pickticket Completely Invoiced.,,N,N,,0,50952.,0.,0.,0,22,2457100.8,0.,0.,0,22.,,TL,53,F,5,03,ACTIVITY 3,,N N,,,,2,20240624001,9,All From Reserve,21688,4685067,960,MISCNEO,MISCNEO,DAY,,,,,,,F,***,,***,,22.,1.,1.,0.,0.,1.,1.,1.,1.,1.,CT1,XDK,3906949,7920.,90,Invoiced Complete,80808408,,20240619,124909,20240626,153007,ZMAERZ,2024-07-20 14:03:28,0,2024-07-20 14:03:28,INFAJOB,WMIPHPICK_15_Adhoc_3730955_20240719125822.txt,WMI,258aa615074ef5b6db59de8ccfc4da5a
102412918,20240104,202401,,7001,-7001,1000000132,AGK,-960,100000000X,100000000X,DH,10000148,76755685 COA 1/3,,4757 W PARK BLVD SUITE #106,,,PLANO,TX,75093,840,,FUZI FINE WINE,4757 W PARK BLVD SUITE #106,,,PLANO,TX,75093,9729439463,840,1000014891,20231113,,,LTL,,,20,Fully Assigned To An Outbound Shipment,20231113,20231223,20240104,132316,231223P0000,N,0,0,0,2,90,Invoiced,,2,Pickticket Completely Invoiced.,,N,N,000,0,27792.,0.,0.,0,12,1344268.,0.,0.,0,12.,,TL,53,F,5,03,ACTIVITY 3,8700,N N,30012966,Matthew,Carruthers,4,20231223015,9,All From Reserve,19998,4723587,960,MISCCOA,MISCCOA,DAY,,,,,,,F,***,,***,,1.,1.,1.,0.,0.,1.,1.,1.,1.,1.,CT1,COA,3746849,7920.,90,Invoiced Complete,76755685 COA 1/3,,20231223,152116,20240104,132316,EDOBBINS,2024-07-20 14:03:28,0,2024-07-20 14:03:28,INFAJOB,WMIPHPICK_15_Adhoc_3730955_20240719125822.txt,WMI,695cccc1765193892dc8a4058f68d7b5
106259370,20240508,202405,,7001,-7001,79784762,AGK,-960,79784762,79784762,DB,6601LIHU,SOUTHERN GLAZERS OF HI -LIHU,,1556 HALEUKANA ST,,,"LIHUE, KAUAI",HI,96766,840,,SOUTHERN GLAZERS OF HI -LIHU,1556 HALEUKANA ST,,,"LIHUE, KAUAI",HI,96766,,840,6601-LIHU,0,,,LTL,,,20,Fully Assigned To An Outbound Shipment,20240506,20240507,20240508,133552,240507P0000,N,0,0,0,2,90,Invoiced,,2,Pickticket Completely Invoiced.,,N,N,,0,69480.,0.,0.,0,30,3353817.2,0.,0.,0,30.,,TL,53,F,5,03,ACTIVITY 3,,N N,,,,2,20240507001,9,All From Reserve,40612,4689091,960,MISCHIK,MISCHIK,DAY,,,,,,,F,***,,***,,22.,1.,1.,0.,0.,1.,1.,1.,1.,1.,CT1,XDK,3875110,7920.,90,Invoiced Complete,79784762,,20240506,145550,20240508,133552,EDOBBINS,2024-07-20 14:03:28,0,2024-07-20 14:03:28,INFAJOB,WMIPHPICK_15_Adhoc_3730955_20240719125822.txt,WMI,6d62252a5df7705e9fb88a7cad5c9b8d
99862045,20240621,202406,,7001,-7001,80774151,AGK,-960,80774151,80774151,DB,92011000,SOUTHERN GLAZERS OF LA - ST. ROSE 7,,111 RIVERBEND DR,,,SAINT ROSE,LA,700873318,840,,SOUTHERN GLAZERS OF LA - ST. ROSE 7,111 RIVERBEND DR,,,SAINT ROSE,LA,700873318,,840,9201-1000,0,,,LTL,,,20,Fully Assigned To An Outbound Shipment,20240617,20240619,20240621,141550,240619P0000,N,0,0,0,2,90,Invoiced,,2,Pickticket Completely Invoiced.,,N,N,,0,55584.,0.,0.,0,24,2680473.6,0.,0.,0,24.,,TL,53,F,5,03,ACTIVITY 3,,N N,,,,3,20240619007,9,All From Reserve,19475,4747617,960,MISCLAS,MISCLAS,DAY,,,,,,,F,***,,***,,22.,4.,4.,0.,0.,4.,4.,1.,1.,1.,CT1,XDK,3910866,7920.,90,Invoiced Complete,80774151,,20240617,123636,20240621,141550,KRENO,2024-07-20 14:03:28,0,2024-07-20 14:03:28,INFAJOB,WMIPHPICK_15_Adhoc_3730955_20240719125822.txt,WMI,302e6e77f154ab120bb22b6526ec8d8e
100539214,20231230,202312,,7001,-7001,1000000122,AGK,-960,100000000X,100000000X,DH,10000148,76732233 LOU 12/29,,4757 W PARK BLVD SUITE #106,,,PLANO,TX,75093,840,,FUZI FINE WINE,4757 W PARK BLVD SUITE #106,,,PLANO,TX,75093,9729439463,840,1000014891,20231113,,,LTL,,,20,Fully Assigned To An Outbound Shipment,20231113,20231223,20231230,142118,231223P0000,N,0,0,0,2,90,Invoiced,,2,Pickticket Completely Invoiced.,,N,N,000,0,34740.,0.,0.,0,15,1681344.,0.,0.,0,15.,,TL,53,F,5,03,ACTIVITY 3,8700,N N,30012966,Matthew,Carruthers,1,20231223008,9,All From Reserve,10615876,4699314,960,MISCLOU,MISCLOU,DAY,,,,,,,F,***,,***,,1.,1.,1.,0.,0.,1.,1.,1.,1.,1.,CT1,LOU,3745000,7920.,90,Invoiced Complete,76732233 LOU 12/29,,20231223,120624,20231230,142118,EDOBBINS,2024-07-20 14:03:28,0,2024-07-20 14:03:28,INFAJOB,WMIPHPICK_15_Adhoc_3730955_20240719125822.txt,WMI,d97f7730b67b405cca4de3bbd66d2a94
100939022,20240212,202402,,7001,-7001,1000000355,AGK,-960,100000000X,100000000X,DH,10000148,OKT 77587959,,4757 W PARK BLVD SUITE #106,,,PLANO,TX,75093,840,,FUZI FINE WINE,4757 W PARK BLVD SUITE #106,,,PLANO,TX,75093,9729439463,840,1000014891,20231113,,,LTL,,,20,Fully Assigned To An Outbound Shipment,20231113,20240208,20240212,145311,240208P0000,N,0,0,0,2,90,Invoiced,,2,Pickticket Completely Invoiced.,,N,N,000,0,48636.,0.,0.,0,21,2353881.6,0.,0.,0,21.,,TL,53,F,5,03,ACTIVITY 3,8700,N N,30012966,Matthew,Carruthers,3,20240208008,9,All From Reserve,277894,4703699,960,MISCOKT,MISCOKT,DAY,,,,,,,F,***,,***,,8.,8.,8.,0.,0.,8.,8.,1.,1.,1.,CT1,XDK,3790650,7920.,90,Invoiced Complete,77587959,,20240208,131738,20240212,145311,EDOBBINS,2024-07-20 14:03:28,0,2024-07-20 14:03:28,INFAJOB,WMIPHPICK_15_Adhoc_3730955_20240719125822.txt,WMI,c86032e05f503115e0595285cbe3f040
101017576,20240110,202401,,7001,-7001,1000000139,AGK,-960,100000000X,100000000X,DH,10000148,76865712 HIC 1/4,,4757 W PARK BLVD SUITE #106,,,PLANO,TX,75093,840,,FUZI FINE WINE,4757 W PARK BLVD SUITE #106,,,PLANO,TX,75093,9729439463,840,1000014891,20231113,,,LTL,,,20,Fully Assigned To An Outbound Shipment,20231113,20231223,20240110,153838,231223P0000,N,0,0,0,2,90,Invoiced,,2,Pickticket Completely Invoiced.,,N,N,000,0,50952.,0.,48636.,0,22,2465164.,0.,2353478.,0,22.,,TL,53,F,5,03,ACTIVITY 3,8700,N N,30012966,Matthew,Carruthers,2,20231223020,9,All From Reserve,63782,4715579,960,MISCHIC,MISCHIC,DAY,,,,,,,F,***,,***,,6.,6.,6.,0.,0.,6.,6.,1.,1.,1.,CT1,HIC,3748935,7920.,90,Invoiced Complete,76865712 HIC 1/4,,20231223,155049,20240110,153838,EDOBBINS,2024-07-20 14:03:28,0,2024-07-20 14:03:28,INFAJOB,WMIPHPICK_15_Adhoc_3730955_20240719125822.txt,WMI,cddc225b49ab4678906c9b8eff8e08c1
111138480,20240423,202404,,7001,-7001,79369821,AGK,-960,79369821,79369821,DB,6601LIHU,SOUTHERN GLAZERS OF HI -LIHU,,1556 HALEUKANA ST,,,"LIHUE, KAUAI",HI,96766,840,,SOUTHERN GLAZERS OF HI -LIHU,1556 HALEUKANA ST,,,"LIHUE, KAUAI",HI,96766,,840,6601-LIHU,0,,,LTL,,,20,Fully Assigned To An Outbound Shipment,20240417,20240418,20240423,115753,240418P0000,N,0,0,0,2,90,Invoiced,,2,Pickticket Completely Invoiced.,,N,N,,0,76428.,0.,0.,0,33,3693715.2,0.,0.,0,33.,,TL,53,F,5,03,ACTIVITY 3,,N N,,,,20,20240418013,9,All From Reserve,40612,4689091,960,MISCHIK,MISCHIK,DAY,,,,,,,F,***,,***,,22.,1.,1.,0.,0.,1.,1.,1.,1.,1.,CT1,XDK,3860294,7920.,90,Invoiced Complete,79369821,,20240417,153107,20240423,115753,EDOBBINS,2024-07-20 14:03:28,0,2024-07-20 14:03:28,INFAJOB,WMIPHPICK_15_Adhoc_3730955_20240719125822.txt,WMI,c604559b2d516f8f1f0c509cbd4f1c22
106295344,20240605,202406,,7001,-7001,80359836,AGK,-960,80359836,80359836,DB,5901BULK,SOUTHERN GLAZERS OF NE,,13855 CORNHUSKER ROAD,,,OMAHA,NE,68138,840,,SOUTHERN GLAZERS OF NE,13855 CORNHUSKER ROAD,,,OMAHA,NE,68138,,840,5901-BULK,0,,,LTL,,,20,Fully Assigned To An Outbound Shipment,20240530,20240531,20240605,120930,240531P0000,N,0,0,0,2,90,Invoiced,,2,Pickticket Completely Invoiced.,,N,N,,0,48636.,0.,0.,0,21,2353881.6,0.,0.,0,21.,,TL,53,F,5,03,ACTIVITY 3,,N N,,,,2,20240531004,9,All From Reserve,21688,4685067,960,MISCNEO,MISCNEO,DAY,,,,,,,F,***,,***,,22.,10.,10.,0.,0.,10.,10.,1.,1.,1.,CT1,XDK,3894594,7920.,90,Invoiced Complete,80359836,,20240530,114316,20240605,120930,EDOBBINS,2024-07-20 14:03:28,0,2024-07-20 14:03:28,INFAJOB,WMIPHPICK_15_Adhoc_3730955_20240719125822.txt,WMI,a8a7da079cd2149ffd3cd0fff0f51935
100467775,20240515,202405,,7001,-7001,79946736,AGK,-960,79946736,79946736,DB,6601KAHU,SOUTHERN GLAZERS OF HI - KAHU,,231 LALO PLACE,,,"KAHULUI, MAUI",HI,96732,840,,SOUTHERN GLAZERS OF HI - KAHU,231 LALO PLACE,,,"KAHULUI, MAUI",HI,96732,,840,6601-KAHU,0,,,LTL,,,20,Fully Assigned To An Outbound Shipment,20240513,20240514,20240515,150428,240514P0000,N,0,0,0,2,90,Invoiced,,2,Pickticket Completely Invoiced.,,N,N,,0,50952.,0.,0.,0,22,2457100.8,0.,0.,0,22.,,TL,53,F,5,03,ACTIVITY 3,,N N,,,,4,20240514002,9,All From Reserve,78729,4636382,960,MISCHIM,MISCHIM,DAY,,,,,,,F,***,,***,,22.,1.,1.,0.,0.,1.,1.,1.,1.,1.,CT1,XDK,3877284,7920.,90,Invoiced Complete,79946736,,20240513,144248,20240515,150428,EDOBBINS,2024-07-20 14:03:28,0,2024-07-20 14:03:28,INFAJOB,WMIPHPICK_15_Adhoc_3730955_20240719125822.txt,WMI,c9cd718a7e681c42ac94a064d9d4b125
99899222,20240731,202407,,7001,-7001,81601022,AGK,-960,81601022,81601022,DB,92021000,SOUTHERN GLAZERS OF LA - LAFAYETTE,,939 W PONT DES MOUTON RD,,,LAFAYETTE,LA,705074007,840,,SOUTHERN GLAZERS OF LA - LAFAYETTE,939 W PONT DES MOUTON RD,,,LAFAYETTE,LA,705074007,,840,9202-1000,0,,,LTL,,,20,Fully Assigned To An Outbound Shipment,20240723,20240725,20240731,151504,240725P0000,N,0,0,0,2,90,Invoiced,,2,Pickticket Completely Invoiced.,,N,N,,0,57900.,0.,0.,0,25,2792160.,0.,0.,0,25.,,TL,53,F,5,03,ACTIVITY 3,,N N,,,,2,20240725013,9,All From Reserve,19475,4747617,960,MISCLAS,MISCLAS,DAY,,,,,,,F,***,,***,,22.,3.,3.,0.,0.,3.,3.,1.,1.,1.,CT1,XDK,3925161,7920.,90,Invoiced Complete,81601022,,20240723,163644,20240731,151504,KRENO,2024-07-25 14:39:48,0,2024-08-01 13:18:04,INFAJOB,WMIPHPICK_15_AGK_3746810_20240725092006.txt,WMI,9d82719ed7036cf3e64446d2a7f491c2
99952786,20240722,202407,,7001,-7001,81303884,AGK,-960,81303884,81303884,DB,5601BULK,SOUTHERN GLAZER'S OF MN,,3350 4TH AVENUE EAST,,,SHAKOPEE,MN,55379,840,,SOUTHERN GLAZER'S OF MN,3350 4TH AVENUE EAST,,,SHAKOPEE,MN,55379,,840,5601-BULK,0,,,LTL,,,20,Fully Assigned To An Outbound Shipment,20240711,20240717,20240722,151320,240717P0000,N,0,0,0,2,90,Invoiced,,2,Pickticket Completely Invoiced.,,N,N,,0,57900.,0.,0.,0,25,2792160.,0.,0.,0,25.,,TL,53,F,5,03,ACTIVITY 3,,N N,,,,3,20240717011,9,All From Reserve,90516,4663337,960,MISCMIN,MISCMIN,DAY,,,,,,,F,***,,***,,22.,8.,8.,0.,0.,8.,8.,1.,1.,1.,CT1,XDK,3926441,7920.,90,Invoiced Complete,81303884,,20240711,130126,20240722,151320,ZMAERZ,2024-07-20 14:03:28,0,2024-08-17 15:19:58,INFAJOB,WMIPHPICK_15_Adhoc_3730955_20240719125822.txt,WMI,fa6b5273d4cf2cbb0b0bbc0bfea018b5
113873873,20240904,202409,,7001,-7001,82335717,AGK,-960,82335717,82335717,DB,5301BULK,SOUTHERN GLAZER'S OF MD,,SUITE C 7001 QUAD AVENUE,,,ROSEDALE,MD,21237,840,,SOUTHERN GLAZER'S OF MD,SUITE C 7001 QUAD AVENUE,,,ROSEDALE,MD,21237,,840,5301-BULK,0,,,LTL,,,20,Fully Assigned To An Outbound Shipment,20240827,20240828,20240904,130203,240828P0000,N,0,0,0,2,90,Invoiced,,2,Pickticket Completely Invoiced.,,N,N,,0,46320.,0.,0.,0,20,2233728.,0.,0.,0,20.,,TL,53,F,5,03,ACTIVITY 3,,N N,,,,1,20240828003,9,All From Reserve,21220,4661533,960,MISCMRD,MISCMRD,DAY,,,,,,,F,***,,***,,22.,4.,4.,0.,0.,4.,4.,1.,1.,1.,CT1,XDK,3964123,7920.,90,Invoiced Complete,82335717,,20240827,172911,20240904,130203,ZMAERZ,2024-08-24 10:13:13,0,2024-09-05 10:29:29,INFAJOB,WMIPHPICK_15_AGK_3830364_20240824040034.txt,WMI,05c6d838661cfd82ad171ae9198e1b12
130104316,20240906,202409,,7001,-7001,82502557,AGK,-960,82502557,82502557,DB,5601BULK,SOUTHERN GLAZERS OF MN,,3350 4TH AVENUE EAST,,,SHAKOPEE,MN,55379,840,,SOUTHERN GLAZERS OF MN,3350 4TH AVENUE EAST,,,SHAKOPEE,MN,55379,,840,5601-BULK,0,,,LTL,,,20,Fully Assigned To An Outbound Shipment,20240830,20240905,20240906,85445,240905P0000,N,0,0,0,2,90,Invoiced,,2,Pickticket Completely Invoiced.,,N,N,,0,50952.,0.,0.,0,22,2457100.8,0.,0.,0,22.,,TL,53,F,5,03,ACTIVITY 3,,N N,,,,2,20240905008,9,All From Reserve,90516,4663337,960,MISCMIN,MISCMIN,DAY,,,,,,,F,***,,***,,22.,1.,1.,0.,0.,1.,1.,1.,1.,1.,CT1,XDK,3968302,7920.,90,Invoiced Complete,82502557,,20240830,170132,20240906,85445,ZMAERZ,2024-09-06 10:19:29,0,2024-09-07 20:50:21,INFAJOB,WMIPHPICK_15_AGK_3868246_20240906040033.txt,WMI,6f08b42ef54591d6013bef7408043b0e
152067910,20241101,202411,,7002,-7002,CN7651445,AGC,-961,CN7651445,CN7651445,DB,22519,ATLANTIC,ATLANTIC,1555 ATLANTIC ST,,,UNION CITY,CA,94587,840,,ATLANTIC,1555 ATLANTIC ST,,,UNION CITY,CA,94587,5104775700,840,CN0022519,20241023,,,LTL,,,,Not Assigned To An Outbound Shipment,20241023,0,20241101,0,,,,,,,99,Cancelled,,3,Pickticket Cancelled.,,Y,N,07651445,1,0.,0.,0.,0,0,0.,0.,0.,0,8220.,,TL,53,F,0,,,6400,N N,,,,2,,,,1794287,7324502,961,479853,479853,,,,,,,,F,,,,,1440.,1440.,1440.,0.,1440.,0.,0.,12.,0.,0.,,CAN,*,5820.,,,,6400,20241023,155120,20241101,182451,LKOESTERS,2024-10-24 02:20:01,0,2024-11-04 02:14:27,INFAJOB,WMIPHPICK_15_AGC_4023955_20241023190036.txt,WMI,130d58a27b2cc3e1474ea238ef165b4f
100110946,20241104,202411,,7001,-7001,78147799,AGK,-960,78147799,78147799,DB,6601LIHU,SOUTHERN GLAZERS OF HI -LIHU,,1556 HALEUKANA ST,,,"LIHUE, KAUAI",HI,96766,840,,SOUTHERN GLAZERS OF HI -LIHU,1556 HALEUKANA ST,,,"LIHUE, KAUAI",HI,96766,,840,6601-LIHU,0,,,LTL,,,,Not Assigned To An Outbound Shipment,20240408,0,0,0,,,,,,,99,Cancelled,,3,Pickticket Cancelled.,,Y,N,,0,0.,0.,0.,0,0,0.,0.,0.,0,28.,,TL,53,F,0,,,,N N,,,,1,,,,40612,4689091,960,MISCHIK,MISCHIK,,,,,,,,F,,,,,22.,8.,8.,0.,8.,0.,0.,1.,0.,0.,CT1,XDK,3795864,0.,,,,,20240408,141119,20241104,82002,ZNOEFL,2024-07-20 14:03:28,0,2024-11-04 23:18:31,INFAJOB,WMIPHPICK_15_Adhoc_3730955_20240719125822.txt,WMI,321568140f3244c4fd934dcf0ca05551
175306380,20241101,202411,,7002,-7002,HI7518579,AGC,-961,HI7518579,HI7518579,DB,329,SGWS CAMPBELL WHSE 1,SGWS CAMPBELL WHSE 1,91 210 HANUA ST,,,KAPOLEI,HI,96707,840,,SGWS CAMPBELL WHSE 1,91 210 HANUA ST,,,KAPOLEI,HI,96707,8086823737,840,HI0000329,20241025,,,LTL,,,,Not Assigned To An Outbound Shipment,20241016,0,20241101,0,,,,,,,99,Cancelled,,3,Pickticket Cancelled.,,Y,N,07518579,1,0.,0.,0.,0,0,0.,0.,0.,0,12920.,,TL,53,F,0,,,6600,N N,,,,25,,,,1509809,8506648,961,905949,905949,,,,,,,,F,,,,,80.,80.,80.,0.,80.,0.,0.,8.,0.,0.,,HIC,*,700.9,,,,6600,20241016,144807,20241101,182004,LKOESTERS,2024-10-17 01:22:45,0,2024-11-17 02:18:13,INFAJOB,WMIPHPICK_15_AGC_3981008_20241016190034.txt,WMI,de0b278a9f568efd9f6efe1ba9e75b37
113077199,20240904,202409,,7001,-7001,SC7504090,AGK,-960,SC7504090,SC7504090,DB,9014,SGWS - SOUTH CAROLINA,SGWS - SOUTH CAROLINA,7600 RICHARD STREET,,,COLUMBIA,SC,29202,840,,SGWS - SOUTH CAROLINA,7600 RICHARD STREET,,,COLUMBIA,SC,29202,8036951630,840,SC0009014,20240903,,,LTL,,,20,Fully Assigned To An Outbound Shipment,20240830,20240903,20240904,102314,240903P0000,N,0,0,0,2,90,Invoiced,,2,Pickticket Completely Invoiced.,,N,N,07504090,1,5583.11,0.,0.,0,22,261379.024,0.,0.,0,13440.,,TL,53,F,5,02,ACTIVITY 2,3200,N N,,,,2,20240903005,9,All From Reserve,65063,7347469,960,516518,516518,DAY,,,,,,,F,***,,***,,4032.,4032.,4032.,0.,0.,4032.,4032.,12.,672.,168.,CT1,COL,*,29386.56,90,Invoiced Complete,3991093,3200,20240830,110212,20240904,102314,ZMAERZ,2024-09-04 10:19:19,0,2024-11-21 23:19:58,INFAJOB,WMIPHPICK_15_AGK_3862009_20240904040034.txt,WMI,b37a47d271177730f8841833889b12bd
133922281,20241016,202410,,7002,-7002,8024736784,AGC,-961,8024736784,8024736784,DH,8701,SGWS - Texas Dallas,,2001 Diplomat Dr,,,Farmers Branch,TX,75234-8919,840,,SGWS - Texas Dallas,2001 Diplomat Dr,,,Farmers Branch,TX,75234-8919,,840,8701,20240916,,,LTL,,,20,Fully Assigned To An Outbound Shipment,20240916,20240917,20241016,171034,240917P0000,N,0,0,0,2,90,Invoiced,,2,Pickticket Completely Invoiced.,,N,N,000,0,42375.3,0.,0.,0,23,1896683.592,0.,0.,0,9576.,,TL,53,P,5,02,ACTIVITY 2,8700,N N,,,,10,20240917012,9,All from Reserve,1301809,8767104,961,479879,479879,DAY,,,,,,,F,***,,***,,6912.,6912.,6912.,0.,0.,6912.,6912.,6.,384.,96.,CT1,TXD,,5.8181,90,Invoiced Complete,3998008,8700,20240911,123031,20241016,171034,EUBER,2024-09-12 01:45:12,0,2024-11-22 02:21:10,INFAJOB,WMIPHPICK_15_AGC_3884351_20240911190032.txt,WMI,fd1565c4937702501d8d87f9934e3e0d
147783107,20241202,202412,,7001,-7001,84188778,AGK,-960,84188778,84188778,DB,4601SL01,SOUTHERN GLAZER'S OF NY - UPSTATE,,3063 COURT STREET,,,SYRACUSE,NY,13208,840,,SOUTHERN GLAZER'S OF NY - UPSTATE,3063 COURT STREET,,,SYRACUSE,NY,13208,,840,4601-SL01,0,,,LTL,,,20,Fully Assigned To An Outbound Shipment,20241113,20241126,20241202,140840,241126P0000,N,0,0,0,2,90,Invoiced,,2,Pickticket Completely Invoiced.,,N,N,,0,30108.,0.,0.,0,13,1451923.2,0.,0.,0,13.,,TL,53,F,5,03,ACTIVITY 3,,N N,,,,4,20241126019,9,All From Reserve,68406,4601538,960,MISCOHC,MISCOHC,DAY,,,,,,,F,***,,***,,22.,5.,5.,0.,0.,5.,5.,1.,1.,1.,CT1,XDK,4019233,7920.,90,Invoiced Complete,84188778,,20241113,92147,20241202,140840,ZMAERZ,2024-11-12 23:19:37,0,2024-12-02 23:19:04,INFAJOB,WMIPHPICK_15_AGK_4080754_20241112160053.txt,WMI,cf42e7413c2e9b618a18fff39f9d69e7
178229522,20241209,202412,,7001,-7001,84743139,AGK,-960,84743139,84743139,DB,5901BULK,SOUTHERN GLAZERS OF NE,,13855 CORNHUSKER ROAD,,,OMAHA,NE,681383906,840,,SOUTHERN GLAZERS OF NE,13855 CORNHUSKER ROAD,,,OMAHA,NE,681383906,,840,5901-BULK,0,,,LTL,,,20,Fully Assigned To An Outbound Shipment,20241206,20241209,20241209,154216,241209P0000,N,0,0,0,2,90,Invoiced,,2,Pickticket Completely Invoiced.,,N,N,,0,60216.,0.,0.,0,26,2903846.4,0.,0.,0,26.,,TL,53,F,5,03,ACTIVITY 3,,N N,,,,3,20241209001,9,All From Reserve,21688,4685067,960,MISCNEO,MISCNEO,DAY,,,,,,,F,***,,***,,22.,7.,7.,0.,0.,7.,7.,1.,1.,1.,CT1,XDK,4060362,7920.,90,Invoiced Complete,84743139,,20241206,182112,20241209,154216,ZMAERZ,2024-12-05 23:20:33,0,2024-12-09 23:21:12,INFAJOB,WMIPHPICK_15_AGK_4152645_20241205160037.txt,WMI,cbb3c4251f089d85d0da2a2f3da185ab
143227273,20241219,202412,,7001,-7001,KY7505356,AGK,-960,KY7505356,KY7505356,DB,1,SGWS KY LOUISVILLE,SGWS KY LOUISVILLE,2801 CONSTANT COMMENT PLACE,,,LOUISVILLE,KY,40299,840,,SGWS KY LOUISVILLE,2801 CONSTANT COMMENT PLACE,,,LOUISVILLE,KY,40299,5022976000,840,KY0000001,20241210,,,LTL,,,20,Fully Assigned To An Outbound Shipment,20241206,20241217,20241219,103754,241217P0000,N,0,0,0,2,90,Invoiced,,2,Pickticket Completely Invoiced.,,N,N,07505356,1,31447.5,0.,0.,0,28,2238684.458,0.,0.,0,13758.,,TL,53,F,5,02,ACTIVITY 2,2200,N N,,,,7,20241217009,9,All From Reserve,84710,7418209,960,446131,446131,DAY,,,,,,,F,***,,***,,630.,630.,630.,0.,0.,630.,630.,6.,630.,126.,CT1,LOU,*,18061.05,90,Invoiced Complete,4076863,2200,20241206,120620,20241219,103754,ZMAERZ,2024-12-06 23:20:02,0,2024-12-19 23:19:45,INFAJOB,WMIPHPICK_15_AGK_4155866_20241206160037.txt,WMI,dcc111ba63ae343a0048c88a7f365b49
185784865,20250103,202501,,7001,-7001,85037946,AGK,-960,85037946,85037946,DB,7601BULK,SOUTHERN GLAZER'S OF NM,,123 MONTANO RD NW,,,ALBUQUERQUE,NM,87107,840,,SOUTHERN GLAZER'S OF NM,123 MONTANO RD NW,,,ALBUQUERQUE,NM,87107,,840,7601-BULK,0,,,LTL,,,20,Fully Assigned To An Outbound Shipment,20241218,20250102,20250103,155318,250102P0000,N,0,0,0,2,90,Invoiced,,2,Pickticket Completely Invoiced.,,N,N,,0,44004.,0.,0.,0,19,2122041.6,0.,0.,0,19.,,TL,53,F,5,03,ACTIVITY 3,,N N,,,,4,20250102003,9,All From Reserve,279412,4668952,960,MISCALB,MISCALB,DAY,,,,,,,F,***,,***,,22.,3.,3.,0.,0.,3.,3.,1.,1.,1.,CT1,XDK,4071223,7920.,90,Invoiced Complete,85037946,,20241218,125615,20250103,155318,ZMAERZ,2024-12-18 23:20:48,0,2025-01-03 23:19:34,INFAJOB,WMIPHPICK_15_AGK_4189797_20241218160040.txt,WMI,be138f5a96c6789b4e621935a53f0880
177717428,20250116,202501,,7001,-7001,85241188,AGK,-960,85241188,85241188,DB,5401BULK,SOUTHERN GLAZER'S OF DE,,615 LAMBSON LANE,,,NEW CASTLE,DE,19720,840,,SOUTHERN GLAZER'S OF DE,615 LAMBSON LANE,,,NEW CASTLE,DE,19720,,840,5401-BULK,0,,,LTL,,,20,Fully Assigned To An Outbound Shipment,20250109,20250114,20250116,140934,250114P0000,N,0,0,0,2,90,Invoiced,,2,Pickticket Completely Invoiced.,,N,N,,0,44004.,0.,0.,0,19,2122041.6,0.,0.,0,19.,,TL,53,F,5,03,ACTIVITY 3,,N N,,,,4,20250114028,9,All From Reserve,27626259,4709232,960,MISCDEL,MISCDEL,DAY,,,,,,,F,***,,***,,22.,1.,1.,0.,0.,1.,1.,1.,1.,1.,CT1,XDK,4076686,7920.,90,Invoiced Complete,85241188,,20250109,152946,20250116,140934,ZMAERZ,2024-12-31 23:25:06,0,2025-01-16 23:21:38,INFAJOB,WMIPHPICK_15_AGK_4227456_20241231160038.txt,WMI,2bbc094accbcf7b10a1ecf4a1ba34f5c
192222142,20250124,202501,,7001,-7001,85189801,AGK,-960,85189801,85189801,DB,87021000,SOUTHERN GLAZER'S OF TX W 512532,,525 CANE ISLAND PARKWAY,,,KATY,TX,77494,840,,SOUTHERN GLAZER'S OF TX W 512532,525 CANE ISLAND PARKWAY,,,KATY,TX,77494,,840,8702-1000,0,,,LTL,,,20,Fully Assigned To An Outbound Shipment,20241227,20250108,20250124,111924,250108P0000,N,0,0,0,2,90,Invoiced,,2,Pickticket Completely Invoiced.,,N,N,,0,44004.,0.,0.,0,19,2122041.6,0.,0.,0,19.,,TL,53,F,5,03,ACTIVITY 3,,N N,,,,4,20250108029,9,All From Reserve,1844196,4724186,960,MISCTXH,MISCTXH,DAY,,,,,,,F,***,,***,,22.,5.,5.,0.,0.,5.,5.,1.,1.,1.,CT1,XDK,4056163,7920.,90,Invoiced Complete,85189801,,20241227,143929,20250124,111924,ZMAERZ,2024-12-27 23:19:34,0,2025-01-24 23:19:39,INFAJOB,WMIPHPICK_15_AGK_4216501_20241227160042.txt,WMI,f3b772595fbd935b77059d6514486e08
199889388,20250127,202501,,7001,-7001,HFW0000008,AGK,-960,HFW0000008,HFW0000008,DH,HFW00004,SGWS Florida,,4440 Old Tampa Highway,,,Lakeland,FL,33811,840,,SGWS Florida,1600 N.W. 163rd Street,,,Miami,FL,33169,,840,,0,,,LTL,,,20,Fully Assigned To An Outbound Shipment,20250121,20250122,20250127,125634,250122P0000,N,0,0,0,2,90,Invoiced,,2,Pickticket Completely Invoiced.,,N,N,HFW0000008,1,40508.05,40508.05,40508.05,0,21,122951.128,0.,122951.128,0,13728.,,TL,53,F,5,01,ACTIVITY 1,,,,,,2,20250122025,9,All From Reserve,2349480,9780053,960,HFW00008,HFW00008,DAY,,,,,,,F,***,,***,,5748.,5748.,5748.,0.,0.,5748.,5748.,12.,672.,168.,CT1,HFW,*,110.,90,Invoiced Complete,4110352,,20250121,124802,20250127,125634,KRENO,2025-01-21 23:49:43,0,2025-01-27 23:15:52,INFAJOB,WMIPHPICK_15_AGK_4288435_20250121160038.txt,WMI,58f7ab2d189b7f98b546a01f8ca6bfac
209000614,20250128,202501,,7002,-7002,HI7519119,AGC,-961,HI7519119,HI7519119,DB,332,SGWS KAUAI WHSE 5,SGWS KAUAI WHSE 5,1556 HALEUKANA ST,,,LIHUE,HI,96766,840,,SGWS KAUAI WHSE 5,1556 HALEUKANA ST,,,LIHUE,HI,96766,8082452999,840,HI0000332,20250108,,,LTL,,,20,Fully Assigned To An Outbound Shipment,20250108,20250123,20250128,113611,250123P0000,N,0,0,0,2,90,Invoiced,,2,Pickticket Completely Invoiced.,,N,N,07519119,1,25614.78,25614.78,0.,0,70,1161732.309,0.,0.,0,9162.,,TL,53,F,5,02,ACTIVITY 2,6600,N N,,,,12,20250123014,9,All from Reserve,2144041,7486456,961,91846,91846,DAY,,,,,,,F,***,,***,,96.,96.,96.,0.,0.,96.,96.,12.,1080.,216.,CT1,HIC,*,828.,90,Invoiced Complete,4101686,6600,20250108,191913,20250128,113611,ESOLORZANO,2025-01-09 02:53:33,0,2025-01-29 04:10:48,INFAJOB,WMIPHPICK_15_AGC_4252070_20250108190038.txt,WMI,eabc6c957b83d4a00ccdf2cecec512ac
157964666,20250130,202501,,7001,-7001,85265345,AGK,-960,85265345,85265345,DB,93011000,SOUTHERN GLAZERS OF AR 06379,,11101 SMITTY LANE,,,NORTH LITTLE ROCK,AR,721175390,840,,SOUTHERN GLAZERS OF AR 06379,11101 SMITTY LANE,,,NORTH LITTLE ROCK,AR,721175390,,840,9301-1000,0,,,LTL,,,20,Fully Assigned To An Outbound Shipment,20250114,20250128,20250130,183623,250128P0000,N,0,0,0,2,90,Invoiced,,2,Pickticket Completely Invoiced.,,N,N,,0,32424.,0.,0.,0,14,1563609.6,0.,0.,0,14.,,TL,53,F,5,03,ACTIVITY 3,,N N,,,,6,20250128008,9,All From Reserve,51781,4696109,960,MISCARL,MISCARL,DAY,,,,,,,F,***,,***,,22.,4.,4.,0.,0.,4.,4.,1.,1.,1.,CT1,XDK,4048604,7920.,90,Invoiced Complete,85265345,,20250114,123359,20250130,183623,KRENO,2025-01-02 23:25:26,0,2025-01-31 23:25:38,INFAJOB,WMIPHPICK_15_AGK_4234342_20250102160037.txt,WMI,06530d4c3d4f99aea59517445a844403
178352825,20250205,202502,,7001,-7001,85667834,AGK,-960,85667834,85667834,DB,1401BULK,SOUTHERN GLAZER'S OF FL,,4440 OLD TAMPA HIGHWAY,,,LAKELAND,FL,33811,840,,SOUTHERN GLAZER'S OF FL,4440 OLD TAMPA HIGHWAY,,,LAKELAND,FL,33811,,840,1401-BULK,0,,,LTL,,,20,Fully Assigned To An Outbound Shipment,20250122,20250203,20250205,130327,250203P0000,N,0,0,0,2,90,Invoiced,,2,Pickticket Completely Invoiced.,,N,N,,0,37056.,0.,0.,0,16,1786982.4,0.,0.,0,16.,,TL,53,F,5,03,ACTIVITY 3,,N N,,,,3,20250203012,9,All From Reserve,19447,4757900,960,MISCCOL,MISCCOL,DAY,,,,,,,F,***,,***,,22.,6.,6.,0.,0.,6.,6.,1.,1.,1.,CT1,XDK,4100826,7920.,90,Invoiced Complete,85667834,,20250122,91537,20250205,130327,ZMAERZ,2025-01-21 23:49:43,0,2025-02-05 23:21:06,INFAJOB,WMIPHPICK_15_AGK_4288435_20250121160038.txt,WMI,be2ed72eba7582ffd2b10699e16cc352
162241176,20250210,202502,,7001,-7001,85863030,AGK,-960,85863030,85863030,DB,1401BULK,SOUTHERN GLAZER'S OF FL,,4440 OLD TAMPA HIGHWAY,,,LAKELAND,FL,33811,840,,SOUTHERN GLAZER'S OF FL,4440 OLD TAMPA HIGHWAY,,,LAKELAND,FL,33811,,840,1401-BULK,0,,,LTL,,,20,Fully Assigned To An Outbound Shipment,20250129,20250206,20250210,134937,250206P0000,N,0,0,0,2,90,Invoiced,,2,Pickticket Completely Invoiced.,,N,N,,0,44004.,0.,0.,0,19,2122041.6,0.,0.,0,19.,,TL,53,F,5,03,ACTIVITY 3,,N N,,,,1,20250206008,9,All From Reserve,65558,4734609,960,MISCLAK,MISCLAK,DAY,,,,,,,F,***,,***,,22.,3.,3.,0.,0.,3.,3.,1.,1.,1.,CT1,XDK,4076667,7920.,90,Invoiced Complete,85863030,,20250129,145127,20250210,134937,ZMAERZ,2025-01-29 23:21:00,0,2025-02-10 23:19:18,INFAJOB,WMIPHPICK_15_AGK_4311941_20250129160043.txt,WMI,9442e960713b7fbacea7b7f73bde2ef7
185602268,20250224,202502,,7002,-7002,HI7519444,AGC,-961,HI7519444,HI7519444,DB,332,SGWS KAUAI WHSE 5,SGWS KAUAI WHSE 5,1556 HALEUKANA ST,,,LIHUE,HI,96766,840,,SGWS KAUAI WHSE 5,1556 HALEUKANA ST,,,LIHUE,HI,96766,8082452999,840,HI0000332,20250214,,,LTL,,,20,Fully Assigned To An Outbound Shipment,20250212,20250220,20250224,173112,250220P0000,N,0,0,0,2,90,Invoiced,,2,Pickticket Completely Invoiced.,,N,N,07519444,1,2876.35,2876.35,0.,0,15,240470.037,0.,0.,0,1602.,,TL,53,F,5,02,ACTIVITY 2,6600,N N,,,,9,20250220010,9,All from Reserve,548212,8691513,961,628734,628734,DAY,,,,,,,F,***,,***,,72.,72.,72.,0.,0.,72.,72.,12.,528.,132.,CT1,HIC,*,870.,90,Invoiced Complete,4129624,6600,20250212,184314,20250224,173112,MCERTEZA,2025-02-13 02:19:13,0,2025-02-25 02:23:01,INFAJOB,WMIPHPICK_15_AGC_4351312_20250212190039.txt,WMI,0108ba2e142dd788f4fe4319fe75e7e9
193354906,20250304,202503,,7002,-7002,HI7519573,AGC,-961,HI7519573,HI7519573,DB,329,SGWS CAMPBELL WHSE 1,SGWS CAMPBELL WHSE 1,91 210 HANUA ST,,,KAPOLEI,HI,96707,840,,SGWS CAMPBELL WHSE 1,91 210 HANUA ST,,,KAPOLEI,HI,96707,8086823737,840,HI0000329,20250226,,,LTL,,,20,Fully Assigned To An Outbound Shipment,20250225,20250303,20250304,145825,250303P0000,N,0,0,0,2,90,Invoiced,,2,Pickticket Completely Invoiced.,,N,N,07519573,1,40233.9,40233.9,0.,0,44,1980455.671,0.,0.,0,21078.,,TL,53,F,5,02,ACTIVITY 2,6600,N N,,,,16,20250303031,9,All from Reserve,12508507,10533657,961,570898,570898,DAY,,,,,,,F,***,,***,,168.,168.,168.,0.,168.,0.,0.,12.,576.,144.,CT1,HIC,*,4104.24,90,Invoiced Complete,4140988,6600,20250225,194333,20250304,145735,VRINCON,2025-02-26 02:21:27,0,2025-03-05 02:21:05,INFAJOB,WMIPHPICK_15_AGC_4387671_20250225190038.txt,WMI,8ee079d7f9bfd2d49c9c0cb3e6a83a78
173789825,20250305,202503,,7001,-7001,86567059,AGK,-960,86567059,86567059,DB,95011000,SOUTHERN GLAZER'S OF MO - RAYMORE M,,1100 S DEAN AVE,,,RAYMORE,MO,64083,840,,SOUTHERN GLAZER'S OF MO - RAYMORE M,1100 S DEAN AVE,,,RAYMORE,MO,64083,,840,9501-1000,0,,,LTL,,,20,Fully Assigned To An Outbound Shipment,20250227,20250303,20250305,104953,250303P0000,N,0,0,0,2,90,Invoiced,,2,Pickticket Completely Invoiced.,,N,N,,0,39372.,0.,0.,0,17,1898668.8,0.,0.,0,17.,,TL,53,F,5,03,ACTIVITY 3,,N N,,,,1,20250303011,9,All From Reserve,78514,4617938,960,MISCMOR,MISCMOR,DAY,,,,,,,F,***,,***,,22.,5.,5.,0.,0.,5.,5.,1.,1.,1.,CT1,XDK,4048880,7920.,90,Invoiced Complete,86567059,,20250227,154924,20250305,104953,ZMAERZ,2025-02-27 23:28:51,0,2025-03-05 23:24:55,INFAJOB,WMIPHPICK_15_AGK_4393446_20250227160040.txt,WMI,765020f38e7a6acf358493982bffc402
181294057,20250308,202503,,7002,-7002,1000000036,AGC,-961,IL7549358,IL7549358,DB,36452,SGWS - ILLINOIS- TRANSFER,SGWS - ILLINOIS- TRANSFER,300 E CROSSROADS PKWY,,,BOLINGBROOK,IL,60440,840,,SGWS - ILLINOIS- TRANSFER,300 E CROSSROADS PKWY,,,BOLINGBROOK,IL,60440,,840,IL0036452,20250115,,,LTL,,,20,Fully Assigned To An Outbound Shipment,20250115,20250308,20250319,102808,250308P0000,N,0,0,0,2,90,Invoiced,,2,Pickticket Completely Invoiced.,,N,N,07549358,1,1849.6,1849.6,0.,0,1,119750.4,0.,0.,0,384.,,TL,53,F,5,02,ACTIVITY 2,3500,N N,,,,3,,,,559092,8810921,961,634199,634199,,,,,,,,F,,,,,168.,168.,168.,0.,0.,0.,0.,12.,0.,0.,,BOL,*,2184.,,,,3500,20250308,115329,20250308,115329,EUBER,2025-03-09 03:15:39,0,2025-03-20 01:22:08,INFAJOB,WMIPHPICK_15_AGC_4420520_20250308190039.txt,WMI,7f042dd0db806bd9c2e38e9ef12051c0
182371357,20250313,202503,,7002,-7002,WA7602352,AGC,-961,WA7602352,WA7602352,DB,42637,PUYALLUP WAREHOUSE,PUYALLUP WAREHOUSE,1025 VALLEY AVE NW,,,PUYALLUP,WA,98371,840,,PUYALLUP WAREHOUSE,1025 VALLEY AVE NW,,,PUYALLUP,WA,98371,,840,WA0042637,20250312,,,LTL,,,20,Fully Assigned To An Outbound Shipment,20250312,20250312,20250313,94928,250312P0000,N,0,0,0,2,90,Invoiced,,2,Pickticket Completely Invoiced.,,N,N,07602352,1,43374.65,43374.65,0.,0,27,1891389.284,0.,0.,0,12348.,,TL,53,F,5,02,ACTIVITY 2,8000,N N,,,,10,20250312054,9,All from Reserve,2046442,11919996,961,584270,584270,DAY,,,,,,,F,***,,***,,120.,120.,120.,0.,0.,120.,120.,6.,480.,120.,CT1,WAP,*,1675.6,90,Invoiced Complete,4154062,8000,20250312,172009,20250313,94928,JBENTZ,2025-03-13 01:28:13,0,2025-03-20 01:22:08,INFAJOB,WMIPHPICK_15_AGC_4431271_20250312190038.txt,WMI,c6ebd1c1b2e85a892a12b79d1c139522
189711825,20250314,202503,,7002,-7002,HI7519653,AGC,-961,HI7519653,HI7519653,DB,329,SGWS CAMPBELL WHSE 1,SGWS CAMPBELL WHSE 1,91 210 HANUA ST,,,KAPOLEI,HI,96707,840,,SGWS CAMPBELL WHSE 1,91 210 HANUA ST,,,KAPOLEI,HI,96707,8086823737,840,HI0000329,20250307,,,LTL,,,20,Fully Assigned To An Outbound Shipment,20250306,20250312,20250314,103415,250312P0000,N,0,0,0,2,90,Invoiced,,2,Pickticket Completely Invoiced.,,N,N,07519653,1,28398.05,27788.7,0.,0,27,1424241.742,0.,0.,0,10602.,,TL,53,F,5,02,ACTIVITY 2,6600,N N,,,,10,20250312029,9,All from Reserve,12731543,12004685,961,918500,918500,DAY,,,,,,,F,***,,***,,1800.,1800.,1800.,0.,0.,1800.,1800.,12.,1080.,180.,CT1,HIC,*,9750.,90,Invoiced Complete,4148590,6600,20250306,172305,20250314,103415,MCASTANE,2025-03-07 02:28:32,0,2025-03-20 01:22:08,INFAJOB,WMIPHPICK_15_AGC_4414603_20250306190038.txt,WMI,6390c79cf0e95bed97b94616acf757c1
234887976,20250317,202503,,7002,-7002,CN7653955,AGC,-961,CN7653955,CN7653955,DB,22519,ATLANTIC,ATLANTIC,1555 ATLANTIC ST,,,UNION CITY,CA,94587,840,,ATLANTIC,1555 ATLANTIC ST,,,UNION CITY,CA,94587,5104775700,840,CN0022519,20250304,,,LTL,,,20,Fully Assigned To An Outbound Shipment,20250303,20250312,20250317,102736,250312P0000,N,0,0,0,2,90,Invoiced,,2,Pickticket Completely Invoiced.,,N,N,07653955,1,17998.5,3949.,0.,0,11,898788.,0.,0.,0,7308.,,TL,53,F,5,02,ACTIVITY 2,6400,N N,,,,1,20250312038,9,All from Reserve,1888355,11878412,961,15403,15403,DAY,,,,,,,F,***,,***,,5940.,5940.,5940.,0.,0.,5940.,5940.,12.,660.,132.,CT1,CAN,*,70067.25,90,Invoiced Complete,4145345,6400,20250303,154359,20250317,102736,MCERTEZA,2025-03-04 02:18:31,0,2025-03-20 01:22:08,INFAJOB,WMIPHPICK_15_AGC_4405035_20250303190044.txt,WMI,96c4bcb95ee5f4e825aab45c625977df
185164714,20250415,202504,,7001,-7001,87417260,AGK,-960,87417260,87417260,DB,92031000,SNKS GLOBAL LOGISTICS KY HUB-MAR-,,6602 INDUSTRIAL DRIVE,,,GEISMAR,LA,70734,840,,SNKS GLOBAL LOGISTICS KY HUB-MAR-,6602 INDUSTRIAL DRIVE,,,GEISMAR,LA,70734,,840,9203-1000,0,,,LTL,,,20,Fully Assigned To An Outbound Shipment,20250404,20250411,20250415,124347,250411P0000,N,0,0,0,2,90,Invoiced,,2,Pickticket Completely Invoiced.,,N,N,,0,44004.,0.,0.,0,19,2122041.6,0.,0.,0,19.,,TL,53,F,5,03,ACTIVITY 3,,N N,,,,1,20250411014,9,All From Reserve,19475,4747617,960,MISCLAS,MISCLAS,DAY,,,,,,,F,***,,***,,22.,1.,1.,0.,0.,1.,1.,1.,1.,1.,CT1,XDK,4158014,7920.,90,Invoiced Complete,87417260,,20250404,93847,20250415,124347,MLIPSCOMB,2025-04-03 22:23:12,0,2025-04-15 22:18:42,INFAJOB,WMIPHPICK_15_AGK_4494379_20250403160040.txt,WMI,0d197ea88545fb7ef2d8e8c4b5fecc52
189748559,20250416,202504,,7001,-7001,FL7916637,AGK,-960,FL7916637,FL7916637,DB,50656,SGWS LAKELAND TRF,SGWS LAKELAND TRF,4440 OLD TAMPA HIGHWAY,,,LAKELAND,FL,33811,840,,SGWS/LAKELAND,4440 OLD TAMPA HIGHWAY,,,LAKELAND,FL,33811,8636861526,840,FL0050656,20250408,,,LTL,,,20,Fully Assigned To An Outbound Shipment,20250407,20250414,20250416,123337,250414P0000,N,0,0,0,2,90,Invoiced,,2,Pickticket Completely Invoiced.,,N,N,07916637,1,2200.,0.,0.,0,24,2200.,0.,0.,0,13200.,,TL,53,F,5,02,ACTIVITY 2,1500,N N,,,,2,20250414025,9,All From Reserve,12880,11941109,960,960001,960001,DAY,,,,,,,F,***,,***,,1800.,1800.,1800.,0.,0.,1800.,1800.,6.,1.,1.,CT1,LAK,*,144177.,90,Invoiced Complete,4175489,1500,20250407,133546,20250416,123337,MLIPSCOMB,2025-04-07 22:19:03,0,2025-04-16 22:20:51,INFAJOB,WMIPHPICK_15_AGK_4504779_20250407160040.txt,WMI,2d8c0686f7d123832229d340eb2e24b9
194250752,20250415,202504,,7001,-7001,FL7916664,AGK,-960,FL7916664,FL7916664,DB,50656,SGWS LAKELAND TRF,SGWS LAKELAND TRF,4440 OLD TAMPA HIGHWAY,,,LAKELAND,FL,33811,840,,SGWS/LAKELAND,4440 OLD TAMPA HIGHWAY,,,LAKELAND,FL,33811,8636861526,840,FL0050656,20250410,,,LTL,,,20,Fully Assigned To An Outbound Shipment,20250409,20250414,20250415,142951,250414P0000,N,0,0,0,2,90,Invoiced,,2,Pickticket Completely Invoiced.,,N,N,07916664,1,8161.,0.,0.,0,25,466315.,0.,0.,0,8220.,,TL,53,F,5,02,ACTIVITY 2,1500,N N,,,,6,20250414005,9,All From Reserve,24952,12830178,960,905499,905499,DAY,,,,,,,F,***,,***,,768.,768.,768.,0.,0.,768.,768.,6.,1.,1.,CT1,LAK,*,35256.32,90,Invoiced Complete,4177811,1500,20250409,134323,20250415,142951,MLIPSCOMB,2025-04-09 22:21:40,0,2025-04-18 22:21:26,INFAJOB,WMIPHPICK_15_AGK_4511082_20250409160041.txt,WMI,ca0e7852570013005426f486ae3df1f1
183220868,20250418,202504,,7001,-7001,87484559,AGK,-960,87484559,87484559,DB,87021000,ANKAA GLOBAL LOGISTICS KY HUB32-,,525 CANE ISLAND PARKWAY,,,KATY,TX,77494,840,,ANKAA GLOBAL LOGISTICS KY HUB32-,525 CANE ISLAND PARKWAY,,,KATY,TX,77494,,840,8702-1000,0,,,LTL,,,20,Fully Assigned To An Outbound Shipment,20250416,20250417,20250418,134718,250417P0000,N,0,0,0,2,90,Invoiced,,2,Pickticket Completely Invoiced.,,N,N,,0,53268.,0.,0.,0,23,2568787.2,0.,0.,0,23.,,TL,53,F,5,03,ACTIVITY 3,,N N,,,,1,20250417007,9,All From Reserve,1844196,4724186,960,MISCTXH,MISCTXH,DAY,,,,,,,F,***,,***,,22.,9.,9.,0.,0.,9.,9.,1.,1.,1.,CT1,XDK,4077866,7920.,90,Invoiced Complete,87484559,,20250416,144900,20250418,134718,ZMAERZ,2025-04-07 22:19:03,0,2025-04-18 22:21:26,INFAJOB,WMIPHPICK_15_AGK_4504779_20250407160040.txt,WMI,a5bf49cabcbe157ea29a0b68671fcf99
192173124,20250418,202504,,7002,-7002,FRC000002S,AGC,-961,FRC000002S,FRC000002S,DH,FRC0000A,Maverick Arizona,,4250 E. Superior Avenue,Suite 200,,Phoenix,AZ,85040,840,,Maverick Arizona,"4250 E. Superior Ave., Ste 200",Suite 200,,Phoenix,AZ,85040,480-968-2471,840,,0,,,LTL,,,20,Fully Assigned To An Outbound Shipment,20250410,20250410,20250418,110804,250410P0000,N,0,0,0,2,90,Invoiced,,2,Pickticket Completely Invoiced.,,N,N,FRC000002S,1,26.,26.,0.,0,3,33.,0.,0.,0,257.,,TL,53,F,5,01,ACTIVITY 1,,,,,,2,20250410022,9,All from Reserve,152245,9529326,961,FRC00007,FRC00007,DAY,,,,,,,F,***,,***,,168.,168.,168.,0.,0.,168.,168.,12.,1.,1.,CT1,FRC,*,112.,90,Invoiced Complete,PO98912,,20250410,184037,20250418,110804,VRINCON,2025-04-11 01:19:49,0,2025-04-19 01:23:48,INFAJOB,WMIPHPICK_15_AGC_4514921_20250410190040.txt,WMI,4c2432555357abfd253cb2c734f34d1f
139848991,20241008,202410,,7001,-7001,CO7508339,AGK,-960,CO7508339,CO7508339,DB,21786,SGWS COLORADO AURORA WHSE,SGWS COLORADO AURORA WHSE,22800 E 19TH AVE,,,AURORA,CO,80019,840,,SGWS COLORADO AURORA WHSE,22800 E 19TH AVE,,,AURORA,CO,80019,3032921711,840,CO0021786,20241003,,,LTL,,,20,Fully Assigned To An Outbound Shipment,20240930,20241004,20241008,95627,241004P0000,N,0,0,0,2,90,Invoiced,,2,Pickticket Completely Invoiced.,,N,N,07508339,1,2871.8,0.,0.,0,2,131108.12,0.,0.,0,1272.,,TL,53,F,5,02,ACTIVITY 2,7800,N N,,,,1,20241004001,9,All From Reserve,73271,11948919,960,964126,964126,DAY,,,,,,,F,***,,***,,336.,336.,336.,0.,0.,336.,336.,12.,420.,84.,CT1,COA,*,5258.96,90,Invoiced Complete,4016691,7800,20240930,163238,20241008,95627,KRENO,2024-10-04 22:26:12,0,2025-04-21 22:33:19,INFAJOB,WMIPHPICK_15_AGK_3946547_20241004160034.txt,WMI,82aed9dac02ee4fbd76d55e08c294750
143533262,20241104,202411,,7001,-7001,8024869096,AGK,-960,8024869096,8024869096,DH,9301,SGWS - Arkansas North Little R,,11101 Smitty Lane,,,North Little Rock,AR,72117-5390,840,,SGWS - Arkansas North Little R,11101 Smitty Lane,,,North Little Rock,AR,72117-5390,,840,9301,20241104,,,LTL,,,,Not Assigned To An Outbound Shipment,20241104,0,0,0,,,,,,,99,Cancelled,,3,Pickticket Cancelled.,,Y,N,000,0,0.,0.,0.,0,0,0.,0.,0.,0,16440.,,TL,53,P,0,,,9300,N N,,,,30,,,,44653,11891103,960,521850,521850,,,,,,,,F,,,,,2640.,2640.,2640.,0.,2640.,0.,0.,24.,0.,0.,,ARL,,0.,,,,9300,20241030,123047,20241104,131333,ZNOEFL,2024-10-30 22:23:40,0,2025-04-21 22:33:19,INFAJOB,WMIPHPICK_15_AGK_4043272_20241030160037.txt,WMI,204027dc625497f40e3abfbfbe5908f2
137813189,20241104,202411,,7001,-7001,IN7502877,AGK,-960,IN7502877,IN7502877,DB,19544,SOUTHERN GLAZERS OF INDIANA,SOUTHERN GLAZERS OF INDIANA,3901 HANNA CIRLCE,,,INDIANAPOLIS,IN,46241,840,,SOUTHERN GLAZERS OF INDIANA,3901 HANNA CIRLCE,,,INDIANAPOLIS,IN,46241,,840,IN0019544,20241105,,,LTL,,,,Not Assigned To An Outbound Shipment,20241031,0,0,0,,,,,,,99,Cancelled,,3,Pickticket Cancelled.,,Y,N,07502877,1,0.,0.,0.,0,0,0.,0.,0.,0,948.,,TL,53,F,0,,,2500,N N,,,,1,,,,38084,11902923,960,157604,157604,,,,,,,,F,,,,,780.,780.,780.,0.,780.,0.,0.,12.,0.,0.,,INA,*,6417.45,,,,2500,20241031,180423,20241104,121114,ZNOEFL,2024-11-04 23:18:31,0,2025-04-21 22:33:19,INFAJOB,WMIPHPICK_15_AGK_4057242_20241104160048.txt,WMI,8f2327325457c9c875ab193a3bfa6ee5
125697178,20241104,202411,,7001,-7001,MD7508238,AGK,-960,MD7508238,MD7508238,DB,10000,MARYLAND QUAD WAREHOUSE,MARYLAND QUAD WAREHOUSE,7001-C QUAD AVE,,,ROSEDALE,MD,21237,840,,MARYLAND QUAD WAREHOUSE,7001-C QUAD AVE,,,ROSEDALE,MD,21237,4106465500,840,MD0010000,20241101,,,LTL,,,,Not Assigned To An Outbound Shipment,20241029,0,0,0,,,,,,,99,Cancelled,,3,Pickticket Cancelled.,,Y,N,07508238,1,0.,0.,0.,0,0,0.,0.,0.,0,10560.,,TL,53,F,0,,,5500,N N,,,,4,,,,82304,12036552,960,991348,991348,,,,,,,,F,,,,,5040.,5040.,5040.,0.,5040.,0.,0.,6.,0.,0.,,MRD,*,125361.6,,,,5500,20241029,164243,20241104,122207,ZNOEFL,2024-10-29 22:19:44,0,2025-04-21 22:33:19,INFAJOB,WMIPHPICK_15_AGK_4040075_20241029160049.txt,WMI,2d217a8177396068f195a004a6a7654b
141975630,20241107,202411,,7001,-7001,8024453270,AGK,-960,8024453270,8024453270,DH,9301,SGWS - Arkansas North Little R,,11101 Smitty Lane,,,North Little Rock,AR,72117-5390,840,,SGWS - Arkansas North Little R,11101 Smitty Lane,,,North Little Rock,AR,72117-5390,,840,9301,20241104,,,LTL,,,,Not Assigned To An Outbound Shipment,20241104,0,0,0,,,,,,,99,Cancelled,,3,Pickticket Cancelled.,,Y,N,000,0,0.,0.,0.,0,0,0.,0.,0.,0,12288.,,TL,53,P,0,,,9300,N N,,,,30,,,,39040,11902462,960,431217,431217,,,,,,,,F,,,,,384.,384.,384.,0.,384.,0.,0.,12.,0.,0.,,ARL,,0.,,,,9300,20241107,141617,20241107,141838,ZNOEFL,2024-11-07 23:19:16,0,2025-04-21 22:33:19,INFAJOB,WMIPHPICK_15_AGK_4066911_20241107160038.txt,WMI,e633feb78c763c9ece4389c0cb94145e
144574108,20241127,202411,,7001,-7001,IL7548214,AGK,-960,IL7548214,IL7548214,DB,36452,SGWS - ILLINOIS- TRANSFER-CLOS,SGWS - ILLINOIS- TRANSFER-CLOS,300 E CROSSROADS PKWY,,,BOLINGBROOK,IL,60440,840,,SGWS - ILLINOIS- TRANSFER,300 E CROSSROADS PKWY,,,BOLINGBROOK,IL,60440,,840,IL0036452,20241211,,,LTL,,,,Not Assigned To An Outbound Shipment,20241114,0,0,0,,,,,,,99,Cancelled,,3,Pickticket Cancelled.,,Y,N,07548214,1,0.,0.,0.,0,0,0.,0.,0.,0,15528.,,TL,53,F,0,,,3500,N N,,,,7,,,,1880674,12007602,960,986040,986040,,,,,,,,F,,,,,600.,600.,600.,0.,600.,0.,0.,6.,0.,0.,,BOL,*,14568.,,,,3500,20241114,114142,20241127,170710,EUBER,2024-11-14 23:20:09,0,2025-04-21 22:33:19,INFAJOB,WMIPHPICK_15_AGK_4087198_20241114160036.txt,WMI,312363ce1fc91330f2ad23d69694e896
157011792,20241127,202411,,7001,-7001,IL7548339,AGK,-960,IL7548339,IL7548339,DB,36452,SGWS - ILLINOIS- TRANSFER,SGWS - ILLINOIS- TRANSFER,300 E CROSSROADS PKWY,,,BOLINGBROOK,IL,60440,840,,SGWS - ILLINOIS- TRANSFER,300 E CROSSROADS PKWY,,,BOLINGBROOK,IL,60440,,840,IL0036452,20241126,,,LTL,,,,Not Assigned To An Outbound Shipment,20241121,0,0,0,,,,,,,99,Cancelled,,3,Pickticket Cancelled.,,Y,N,07548339,1,0.,0.,0.,0,0,0.,0.,0.,0,9192.,,TL,53,F,0,,,3500,N N,,,,1,,,,10604683,12049547,960,557366,557366,,,,,,,,F,,,,,4680.,4680.,4680.,0.,4680.,0.,0.,6.,0.,0.,,BOL,*,63554.4,,,,3500,20241121,112813,20241127,165541,HPEGG,2024-11-21 23:19:58,0,2025-04-21 22:33:19,INFAJOB,WMIPHPICK_15_AGK_4107519_20241121160038.txt,WMI,4c2c7257a31bd7a7ac1a5d3714362e05
170085853,20241127,202411,,7001,-7001,8025116602,AGK,-960,8025116602,8025116602,DH,9301,SGWS - Arkansas North Little R,,11101 Smitty Lane,,,North Little Rock,AR,72117-5390,840,,SGWS - Arkansas North Little R,11101 Smitty Lane,,,North Little Rock,AR,72117-5390,,840,9301,20241128,,,LTL,,,,Not Assigned To An Outbound Shipment,20241128,0,0,0,,,,,,,99,Cancelled,,3,Pickticket Cancelled.,,Y,N,000,0,0.,0.,0.,0,0,0.,0.,0.,0,2496.,,TL,53,P,0,,,9300,N N,,,,60,,,,23248340,12061692,960,33110,33110,,,,,,,,F,,,,,144.,144.,144.,0.,144.,0.,0.,6.,0.,0.,,ARL,,0.,,,,9300,20241125,144551,20241127,163425,EUBER,2024-11-25 23:19:42,0,2025-04-21 22:33:19,INFAJOB,WMIPHPICK_15_AGK_4118097_20241125160049.txt,WMI,78bff6c53ea946a627b7c49a9e2418c8
139325456,20241219,202412,,7001,-7001,SC7504445,AGK,-960,SC7504445,SC7504445,DB,9014,SGWS - SOUTH CAROLINA,SGWS - SOUTH CAROLINA,7600 RICHARD STREET,,,COLUMBIA,SC,29202,840,,SGWS - SOUTH CAROLINA,7600 RICHARD STREET,,,COLUMBIA,SC,29202,8036951630,840,SC0009014,20241216,,,LTL,,,20,Fully Assigned To An Outbound Shipment,20241212,20241217,20241219,130607,241217P0000,N,0,0,0,2,90,Invoiced,,2,Pickticket Completely Invoiced.,,N,N,07504445,1,2482.05,0.,0.,0,18,106965.,0.,0.,0,7848.,,TL,53,F,5,02,ACTIVITY 2,3200,N N,,,,3,20241217012,9,All From Reserve,29880,12118257,960,958950,958950,DAY,,,,,,,F,***,,***,,1224.,1224.,1224.,0.,0.,1224.,1224.,12.,1224.,204.,CT1,COL,*,11571.9,90,Invoiced Complete,4082069,3200,20241212,152543,20241219,130607,ZMAERZ,2024-12-12 23:20:48,0,2025-04-21 22:33:19,INFAJOB,WMIPHPICK_15_AGK_4172733_20241212160037.txt,WMI,7345e87f5b98955bad558192c14cd847
158194058,20250109,202501,,7001,-7001,8020450205,AGK,-960,8020450205,8020450205,DH,9401,SGWS - Kansas Edwardsville,,1100 Blake Street,,,Edwardsville,KS,66111,840,,SGWS - Kansas Edwardsville,1100 Blake Street,,,Edwardsville,KS,66111,,840,9401,20241220,,,LTL,,,20,Fully Assigned To An Outbound Shipment,20241220,20250108,20250109,103112,250108P0000,N,0,0,0,2,90,Invoiced,,2,Pickticket Completely Invoiced.,,N,N,000,0,4732.8,0.,0.,0,2,225722.952,0.,0.,0,1632.,,TL,53,P,5,02,ACTIVITY 2,9400,N N,,,,10,20250108009,9,All From Reserve,76867,12039448,960,980582,980582,DAY,,,,,,,F,***,,***,,1632.,1632.,1632.,0.,0.,1632.,1632.,12.,900.,180.,CT1,KSE,,9.1813,90,Invoiced Complete,4085979,9400,20241217,183047,20250109,103112,ZMAERZ,2024-12-18 23:20:48,0,2025-04-21 22:33:19,INFAJOB,WMIPHPICK_15_AGK_4187982_20241218020019.txt,WMI,b227ca448efa78990b28daaab7172e2f
161981222,20250109,202501,,7001,-7001,FL7915645,AGK,-960,FL7915645,FL7915645,DB,50656,SGWS LAKELAND TRF,SGWS LAKELAND TRF,4440 OLD TAMPA HIGHWAY,,,LAKELAND,FL,33811,840,,SGWS/LAKELAND,4440 OLD TAMPA HIGHWAY,,,LAKELAND,FL,33811,8636861526,840,FL0050656,20241227,,,LTL,,,20,Fully Assigned To An Outbound Shipment,20241224,20250108,20250109,122032,250108P0000,N,0,0,0,2,90,Invoiced,,2,Pickticket Completely Invoiced.,,N,N,07915645,1,37650.5,0.,0.,0,19,2349624.,0.,0.,0,10476.,,TL,53,F,5,02,ACTIVITY 2,1500,N N,,,,3,20250108003,9,All From Reserve,23835,12013984,960,136168,136168,DAY,,,,,,,F,***,,***,,2880.,2880.,2880.,0.,0.,2880.,2880.,6.,480.,96.,CT1,LAK,*,46992.,90,Invoiced Complete,4092461,1500,20241224,143707,20250109,122032,ZMAERZ,2024-12-24 23:19:57,0,2025-04-21 22:33:19,INFAJOB,WMIPHPICK_15_AGK_4206819_20241224160037.txt,WMI,4a3c264337c0f55c4b0da510f83a883f
156536056,20250115,202501,,7001,-7001,CO7508433,AGK,-960,CO7508433,CO7508433,DB,21786,SGWS COLORADO AURORA WHSE,SGWS COLORADO AURORA WHSE,22800 E 19TH AVE,,,AURORA,CO,80019,840,,SGWS COLORADO AURORA WHSE,22800 E 19TH AVE,,,AURORA,CO,80019,3032921711,840,CO0021786,20241213,,,LTL,,,20,Fully Assigned To An Outbound Shipment,20241211,20241221,20250115,152951,241221P0000,N,0,0,0,2,90,Invoiced,,2,Pickticket Completely Invoiced.,,N,N,07508433,1,14213.6,140.85,0.,0,17,775629.637,0.,0.,0,7132.,,TL,53,F,5,02,ACTIVITY 2,7800,N N,,,,9,20241221010,9,All From Reserve,61668,11976710,960,622100,622100,DAY,,,,,,,F,***,,***,,48.,48.,48.,0.,0.,48.,48.,12.,660.,132.,CT1,COA,*,624.2,90,Invoiced Complete,4080983,7800,20241211,151855,20250115,152951,KRENO,2024-12-11 23:20:11,0,2025-04-21 22:33:19,INFAJOB,WMIPHPICK_15_AGK_4169691_20241211160037.txt,WMI,133ce91841e53e9f4bb7de8025d80d11
162974292,20250203,202502,,7001,-7001,FL7915942,AGK,-960,FL7915942,FL7915942,DB,50656,SGWS LAKELAND TRF,SGWS LAKELAND TRF,4440 OLD TAMPA HIGHWAY,,,LAKELAND,FL,33811,840,,SGWS/LAKELAND,4440 OLD TAMPA HIGHWAY,,,LAKELAND,FL,33811,8636861526,840,FL0050656,20250124,,,LTL,,,20,Fully Assigned To An Outbound Shipment,20250123,20250129,20250203,82150,250129P0000,N,0,0,0,2,90,Invoiced,,2,Pickticket Completely Invoiced.,,N,N,07915942,1,41046.5,0.,0.,0,17,2381904.,0.,0.,0,11220.,,TL,53,F,5,02,ACTIVITY 2,1500,N N,,,,1,20250129005,9,All From Reserve,35264,12084978,960,33451,33451,DAY,,,,,,,F,***,,***,,11220.,11220.,11220.,0.,0.,11220.,11220.,12.,660.,132.,CT1,LAK,*,142886.7,90,Invoiced Complete,4112634,1500,20250123,123705,20250203,82150,ZMAERZ,2025-01-23 23:20:23,0,2025-04-21 22:33:19,INFAJOB,WMIPHPICK_15_AGK_4294835_20250123160039.txt,WMI,6c9f41a65c71bfac0c4a1513f495c189
175311083,20250225,202502,,7001,-7001,FL7916186,AGK,-960,FL7916186,FL7916186,DB,50656,SGWS LAKELAND TRF,SGWS LAKELAND TRF,4440 OLD TAMPA HIGHWAY,,,LAKELAND,FL,33811,840,,SGWS/LAKELAND,4440 OLD TAMPA HIGHWAY,,,LAKELAND,FL,33811,8636861526,840,FL0050656,20250218,,,LTL,,,20,Fully Assigned To An Outbound Shipment,20250217,20250221,20250225,121852,250221P0000,N,0,0,0,2,90,Invoiced,,2,Pickticket Completely Invoiced.,,N,N,07916186,1,36777.,0.,0.,0,22,1640597.64,0.,0.,0,8460.,,TL,53,F,5,02,ACTIVITY 2,1500,N N,,,,2,20250221013,9,All From Reserve,70544,11916969,960,546235,546235,DAY,,,,,,,F,***,,***,,1980.,1980.,1980.,0.,0.,1980.,1980.,12.,1.,1.,CT1,LAK,*,28092.9,90,Invoiced Complete,4133008,1500,20250217,150650,20250225,121852,MLIPSCOMB,2025-02-17 23:17:11,0,2025-04-21 22:33:19,INFAJOB,WMIPHPICK_15_AGK_4364252_20250217160040.txt,WMI,eaeef30a981f7db011cc79586689e5ba
161893235,20250227,202502,,7001,-7001,8026034203,AGK,-960,8026034203,8026034203,DH,9301,SGWS - Arkansas North Little R,,11101 Smitty Lane,,,North Little Rock,AR,72117-5390,840,,SGWS - Arkansas North Little R,11101 Smitty Lane,,,North Little Rock,AR,72117-5390,,840,9301,20250207,,,LTL,,,20,Fully Assigned To An Outbound Shipment,20250207,20250225,20250227,100109,250225P0000,N,0,0,0,2,90,Invoiced,,2,Pickticket Completely Invoiced.,,N,N,000,0,30805.,0.,0.,0,17,1785804.,0.,0.,0,11784.,,TL,53,P,5,02,ACTIVITY 2,9300,N N,,,,10,20250225012,9,All From Reserve,46245,11902361,960,24601,24601,DAY,,,,,,,F,***,,***,,2640.,2640.,2640.,0.,0.,2640.,2640.,12.,660.,132.,CT1,ARL,,17.0766,90,Invoiced Complete,4124940,9300,20250206,143048,20250227,100109,MLIPSCOMB,2025-02-06 23:21:13,0,2025-04-21 22:33:19,INFAJOB,WMIPHPICK_15_AGK_4333927_20250206160039.txt,WMI,f8ab1d8a09c9d270c738774b7e2dc457
179746846,20250306,202503,,7001,-7001,FL7916342,AGK,-960,FL7916342,FL7916342,DB,50656,SGWS LAKELAND TRF,SGWS LAKELAND TRF,4440 OLD TAMPA HIGHWAY,,,LAKELAND,FL,33811,840,,SGWS/LAKELAND,4440 OLD TAMPA HIGHWAY,,,LAKELAND,FL,33811,8636861526,840,FL0050656,20250306,,,LTL,,,20,Fully Assigned To An Outbound Shipment,20250306,20250306,20250306,124310,250306P0000,N,0,0,0,2,90,Invoiced,,2,Pickticket Completely Invoiced.,,N,N,07916342,1,5094.,5094.,0.,0,10,2417787.36,0.,0.,0,7380.,,TL,53,F,5,02,ACTIVITY 2,1500,N N,,,,2,20250306007,9,All From Reserve,108536,11932728,960,958174,958174,DAY,,,,,,,F,***,,***,,1440.,1440.,1440.,0.,0.,1440.,1440.,12.,720.,144.,CT1,LAK,*,13102.8,90,Invoiced Complete,4148243,1500,20250306,123508,20250306,124310,ZNOEFL,2025-03-07 00:24:56,0,2025-04-21 22:33:19,INFAJOB,WMIPHPICK_15_AGK_4413947_20250306160040.txt,WMI,c68fef5812dc3ce6018fd973e9eaad4d
130220155,20241104,202411,,7002,-7002,HI7518613,AGC,-961,HI7518613,HI7518613,DB,330,SGWS MAUI WHSE 3,SGWS MAUI WHSE 3,231 LALO PLACE,,,KAHULUI,HI,96732,840,,SGWS MAUI WHSE 3,231 LALO PLACE,,,KAHULUI,HI,96732,8088718406,840,HI0000330,20241023,,,LTL,,,20,Fully Assigned To An Outbound Shipment,20241023,20241101,20241104,175917,241101P0000,N,0,0,0,2,90,Invoiced,,2,Pickticket Completely Invoiced.,,N,N,07518613,1,4431.25,4431.25,0.,0,17,311477.968,0.,0.,0,1818.,,TL,53,F,5,02,ACTIVITY 2,6600,N N,,,,9,20241101004,9,All from Reserve,1971560,11956952,961,531563,531563,DAY,,,,,,,F,***,,***,,60.,60.,60.,0.,0.,60.,60.,12.,1260.,180.,CT1,HIC,*,356.5,90,Invoiced Complete,4037908,6600,20241023,155120,20241104,175917,EUBER,2024-10-24 02:20:01,0,2025-04-22 01:19:24,INFAJOB,WMIPHPICK_15_AGC_4023955_20241023190036.txt,WMI,a0e869924bce330e932f619730d9582b
147641293,20241106,202411,,7002,-7002,HI7518616,AGC,-961,HI7518616,HI7518616,DB,329,SGWS CAMPBELL WHSE 1,SGWS CAMPBELL WHSE 1,91 210 HANUA ST,,,KAPOLEI,HI,96707,840,,SGWS CAMPBELL WHSE 1,91 210 HANUA ST,,,KAPOLEI,HI,96707,8086823737,840,HI0000329,20241023,,,LTL,,,20,Fully Assigned To An Outbound Shipment,20241023,20241031,20241106,135426,241031P0000,N,0,0,0,2,90,Invoiced,,2,Pickticket Completely Invoiced.,,N,N,07518616,1,23254.05,23254.05,23274.75,0,27,1184150.194,0.,1060876.92,0,9132.,,TL,53,F,5,02,ACTIVITY 2,6600,N N,,,,2,20241031023,9,All from Reserve,6185630,11777633,961,28717,28717,DAY,,,,,,,F,***,,***,,312.,312.,312.,0.,0.,312.,312.,24.,1560.,312.,CT1,HIC,*,1467.57,90,Invoiced Complete,4037909,6600,20241023,155320,20241106,135426,LKOESTERS,2024-10-24 02:20:01,0,2025-04-22 01:19:24,INFAJOB,WMIPHPICK_15_AGC_4023955_20241023190036.txt,WMI,0cf01ae268ff686cc02762a53450b668
159824207,20241112,202411,,7002,-7002,HI7518713,AGC,-961,HI7518713,HI7518713,DB,331,SGWS BIG ISLAND WHSE 4,SGWS BIG ISLAND WHSE 4,"61 3785 MALUOKALANI PLACE, #12",,,KAWAIHAE,HI,96743,840,,SGWS BIG ISLAND WHSE 4,"61 3785 MALUOKALANI PLACE, #12",,,KAWAIHAE,HI,96743,8088821841,840,HI0000331,20241108,,,LTL,,,20,Fully Assigned To An Outbound Shipment,20241106,20241111,20241112,145244,241111P0000,N,0,0,0,2,90,Invoiced,,2,Pickticket Completely Invoiced.,,N,N,07518713,1,37495.65,37495.65,0.,0,67,2349370.246,0.,0.,0,11156.,,TL,53,F,5,02,ACTIVITY 2,6600,N N,,,,11,20241111005,9,All from Reserve,1943398,12064591,961,28730,28730,DAY,,,,,,,F,***,,***,,312.,312.,312.,0.,0.,312.,312.,24.,1560.,312.,CT1,HIC,*,1440.92,90,Invoiced Complete,4050858,6600,20241106,165923,20241112,145244,ESOLORZANO,2024-11-07 02:36:12,0,2025-04-22 01:19:24,INFAJOB,WMIPHPICK_15_AGC_4064351_20241106190037.txt,WMI,226746166efad74bf871ee8b21761359
189006360,20241127,202411,,7002,-7002,WA7600141,AGC,-961,WA7600141,WA7600141,DB,42637,PUYALLUP WAREHOUSE,PUYALLUP WAREHOUSE,1025 VALLEY AVE NW,,,PUYALLUP,WA,98371,840,,PUYALLUP WAREHOUSE,1025 VALLEY AVE NW,,,PUYALLUP,WA,98371,,840,WA0042637,20241113,,,LTL,,,20,Fully Assigned To An Outbound Shipment,20241112,20241120,20241127,112031,241120P0000,N,0,0,0,2,90,Invoiced,,2,Pickticket Completely Invoiced.,,N,N,07600141,1,9602.2,9602.2,0.,0,10,550664.,0.,0.,0,7740.,,TL,53,F,5,02,ACTIVITY 2,8000,N N,,,,3,20241120011,9,All from Reserve,2127725,12036341,961,964126,964126,DAY,,,,,,,F,***,,***,,336.,336.,336.,0.,0.,336.,336.,12.,600.,120.,CT1,WAP,*,5175.8,90,Invoiced Complete,4055893,8000,20241112,155440,20241127,112031,LKOESTERS,2024-11-13 02:21:49,0,2025-04-22 01:19:24,INFAJOB,WMIPHPICK_15_AGC_4081415_20241112190036.txt,WMI,4512e232825a90919b59e5f5b45edafa
133407751,20241127,202411,,7002,-7002,HI7518810,AGC,-961,HI7518810,HI7518810,DB,329,SGWS CAMPBELL WHSE 1,SGWS CAMPBELL WHSE 1,91 210 HANUA ST,,,KAPOLEI,HI,96707,840,,SGWS CAMPBELL WHSE 1,91 210 HANUA ST,,,KAPOLEI,HI,96707,8086823737,840,HI0000329,20241122,,,LTL,,,,Not Assigned To An Outbound Shipment,20241120,0,20241127,0,,,,,,,99,Cancelled,,3,Pickticket Cancelled.,,Y,N,07518810,1,0.,0.,0.,0,0,0.,0.,0.,0,14490.,,TL,53,F,0,,,6600,N N,,,,15,,,,2185957,12058062,961,79026,79026,,,,,,,,F,,,,,168.,168.,168.,0.,168.,0.,0.,12.,0.,0.,,HIC,*,3306.8,,,,6600,20241120,155438,20241127,164250,HPEGG,2024-11-21 02:18:17,0,2025-04-22 01:19:24,INFAJOB,WMIPHPICK_15_AGC_4104973_20241120190035.txt,WMI,0080bbc08f89fb630a96e365b3628a4c
186166960,20250110,202501,,7002,-7002,HI7519004,AGC,-961,HI7519004,HI7519004,DB,330,SGWS MAUI WHSE 3,SGWS MAUI WHSE 3,231 LALO PLACE,,,KAHULUI,HI,96732,840,,SGWS MAUI WHSE 3,231 LALO PLACE,,,KAHULUI,HI,96732,8088718406,840,HI0000330,20241224,,,LTL,,,20,Fully Assigned To An Outbound Shipment,20241223,20250107,20250110,181326,250107P0000,N,0,0,0,2,90,Invoiced,,2,Pickticket Completely Invoiced.,,N,N,07519004,1,35831.3,35831.3,0.,0,55,2275408.791,0.,0.,0,11790.,,TL,53,F,5,02,ACTIVITY 2,6600,N N,,,,9,20250107002,9,All from Reserve,1928042,12012859,961,363239,363239,DAY,,,,,,,F,***,,***,,84.,84.,84.,0.,0.,84.,84.,12.,480.,120.,CT1,HIC,*,995.47,90,Invoiced Complete,4091997,6600,20241223,201640,20250110,181326,ESOLORZANO,2024-12-24 02:19:16,0,2025-04-22 01:19:24,INFAJOB,WMIPHPICK_15_AGC_4204257_20241223190037.txt,WMI,202911840348eac45acd4013fdd21260
204223027,20250116,202501,,7002,-7002,HI7519008,AGC,-961,HI7519008,HI7519008,DB,329,SGWS CAMPBELL WHSE 1,SGWS CAMPBELL WHSE 1,91 210 HANUA ST,,,KAPOLEI,HI,96707,840,,SGWS CAMPBELL WHSE 1,91 210 HANUA ST,,,KAPOLEI,HI,96707,8086823737,840,HI0000329,20241224,,,LTL,,,20,Fully Assigned To An Outbound Shipment,20241223,20250109,20250116,131623,250109P0000,N,0,0,0,2,90,Invoiced,,2,Pickticket Completely Invoiced.,,N,N,07519008,1,33609.75,33609.75,0.,0,41,2076503.932,0.,0.,0,10578.,,TL,53,F,5,02,ACTIVITY 2,6600,N N,,,,14,20250109003,9,All from Reserve,12473946,11974645,961,550589,550589,DAY,,,,,,,F,***,,***,,120.,120.,120.,0.,0.,120.,120.,12.,1.,1.,CT1,HIC,*,1143.6,90,Invoiced Complete,4092002,6600,20241223,202040,20250116,131623,ESOLORZANO,2024-12-24 02:19:16,0,2025-04-22 01:19:24,INFAJOB,WMIPHPICK_15_AGC_4204257_20241223190037.txt,WMI,881ac82b23104f9c1c492b85f93ae17d
166543867,20250116,202501,,7002,-7002,HI7519011,AGC,-961,HI7519011,HI7519011,DB,329,SGWS CAMPBELL WHSE 1,SGWS CAMPBELL WHSE 1,91 210 HANUA ST,,,KAPOLEI,HI,96707,840,,SGWS CAMPBELL WHSE 1,91 210 HANUA ST,,,KAPOLEI,HI,96707,8086823737,840,HI0000329,20241224,,,LTL,,,20,Fully Assigned To An Outbound Shipment,20241223,20250110,20250116,132553,250110P0000,N,0,0,0,2,90,Invoiced,,2,Pickticket Completely Invoiced.,,N,N,07519011,1,42218.8,42218.8,0.,0,31,2436620.373,0.,0.,0,11430.,,TL,53,F,5,02,ACTIVITY 2,6600,N N,,,,9,20250110007,9,All from Reserve,2201962,12042957,961,986293,986293,DAY,,,,,,,F,***,,***,,336.,336.,336.,0.,0.,336.,336.,12.,720.,144.,CT1,HIC,*,3387.16,90,Invoiced Complete,4092005,6600,20241223,202240,20250116,132553,ESOLORZANO,2024-12-24 02:19:16,0,2025-04-22 01:19:24,INFAJOB,WMIPHPICK_15_AGC_4204257_20241223190037.txt,WMI,2a0bbe28bdac431203c4f9a6ad0d8a6e
148914122,20250217,202502,,7002,-7002,HI7519120,AGC,-961,HI7519120,HI7519120,DB,331,SGWS BIG ISLAND WHSE 4,SGWS BIG ISLAND WHSE 4,"61 3785 MALUOKALANI PLACE, #12",,,KAWAIHAE,HI,96743,840,,SGWS BIG ISLAND WHSE 4,"61 3785 MALUOKALANI PLACE, #12",,,KAWAIHAE,HI,96743,8088821841,840,HI0000331,20250108,,,LTL,,,20,Fully Assigned To An Outbound Shipment,20250108,20250124,20250217,162815,250124P0000,N,0,0,0,2,90,Invoiced,,2,Pickticket Completely Invoiced.,,N,N,07519120,1,36328.25,6291.4,0.,0,81,2409268.67,0.,0.,0,15099.,,TL,53,F,5,02,ACTIVITY 2,6600,N N,,,,49,20250124014,9,All from Reserve,1977001,12135466,961,562868,562868,DAY,,,,,,,F,***,,***,,204.,204.,204.,0.,0.,204.,204.,12.,672.,168.,CT1,HIC,*,1458.09,90,Invoiced Complete,4101687,6600,20250108,191913,20250217,162815,AGUERRERO,2025-01-09 02:53:33,0,2025-04-22 01:19:24,INFAJOB,WMIPHPICK_15_AGC_4252070_20250108190038.txt,WMI,041bc95c4a1488fad0042ef4e2d1707b
177050975,20250219,202502,,7002,-7002,HI7519370,AGC,-961,HI7519370,HI7519370,DB,330,SGWS MAUI WHSE 3,SGWS MAUI WHSE 3,231 LALO PLACE,,,KAHULUI,HI,96732,840,,SGWS MAUI WHSE 3,231 LALO PLACE,,,KAHULUI,HI,96732,8088718406,840,HI0000330,20250206,,,LTL,,,20,Fully Assigned To An Outbound Shipment,20250205,20250218,20250219,163242,250218P0000,N,0,0,0,2,90,Invoiced,,2,Pickticket Completely Invoiced.,,N,N,07519370,1,874.9,874.9,0.,0,4,39862.792,0.,0.,0,240.,,TL,53,F,5,02,ACTIVITY 2,6600,N N,,,,1,20250218014,9,All from Reserve,2135075,12141496,961,73965,73965,DAY,,,,,,,F,***,,***,,120.,120.,120.,0.,0.,120.,120.,12.,672.,168.,CT1,HIC,*,1065.6,90,Invoiced Complete,4123953,6600,20250205,174141,20250219,163242,VRINCON,2025-02-06 02:25:00,0,2025-04-22 01:19:24,INFAJOB,WMIPHPICK_15_AGC_4332235_20250205190039.txt,WMI,9911164ffa6b8c47ae0f0be795f3d095
188373558,20250226,202502,,7002,-7002,HI7519415,AGC,-961,HI7519415,HI7519415,DB,329,SGWS CAMPBELL WHSE 1,SGWS CAMPBELL WHSE 1,91 210 HANUA ST,,,KAPOLEI,HI,96707,840,,SGWS CAMPBELL WHSE 1,91 210 HANUA ST,,,KAPOLEI,HI,96707,8086823737,840,HI0000329,20250211,,,LTL,,,20,Fully Assigned To An Outbound Shipment,20250210,20250220,20250226,184014,250220P0000,N,0,0,0,2,90,Invoiced,,2,Pickticket Completely Invoiced.,,N,N,07519415,1,36040.5,36040.5,0.,0,48,2234683.871,0.,0.,0,12423.,,TL,53,F,5,02,ACTIVITY 2,6600,N N,,,,15,20250220003,9,All from Reserve,747571,12007791,961,582916,582916,DAY,,,,,,,F,***,,***,,48.,48.,48.,0.,0.,48.,48.,6.,480.,120.,CT1,HIC,*,726.56,90,Invoiced Complete,4127277,6600,20250210,151723,20250226,184014,VRINCON,2025-02-11 02:17:45,0,2025-04-22 01:19:24,INFAJOB,WMIPHPICK_15_AGC_4345005_20250210190039.txt,WMI,da1796c373cdb557aa11c292f267a907
146361494,20250321,202503,,7002,-7002,IN7502935,AGC,-961,IN7502935,IN7502935,DB,19544,SOUTHERN GLAZERS OF INDIANA,SOUTHERN GLAZERS OF INDIANA,3901 HANNA CIRLCE,,,INDIANAPOLIS,IN,46241,840,,SOUTHERN GLAZERS OF INDIANA,3901 HANNA CIRLCE,,,INDIANAPOLIS,IN,46241,,840,IN0019544,20241212,,,LTL,,,,Not Assigned To An Outbound Shipment,20241211,0,20250321,0,,N,,,,,99,Cancelled,,3,Pickticket Cancelled.,,N,N,07502935,1,0.,0.,0.,0,0,0.,0.,0.,0,384.,,TL,53,F,5,02,ACTIVITY 2,2500,N N,,,,1,,,,6216990,12229726,961,479872,479872,,,,,,,,F,,,,,384.,384.,384.,0.,384.,0.,0.,6.,0.,0.,,INA,*,2791.68,,,4080948,2500,20241211,151857,20250321,102259,EUBER,2024-12-12 02:20:10,0,2025-04-22 01:19:24,INFAJOB,WMIPHPICK_15_AGC_4170353_20241211190040.txt,WMI,1d8e6a09d96fcdcbef3a65159340c88f
165010163,20250330,202503,,7002,-7002,HI7519652,AGC,-961,HI7519652,HI7519652,DB,329,SGWS CAMPBELL WHSE 1,SGWS CAMPBELL WHSE 1,91 210 HANUA ST,,,KAPOLEI,HI,96707,840,,SGWS CAMPBELL WHSE 1,91 210 HANUA ST,,,KAPOLEI,HI,96707,8086823737,840,HI0000329,20250307,,,LTL,,,20,Fully Assigned To An Outbound Shipment,20250306,20250311,20250330,140428,250311P0000,N,0,0,0,2,90,Invoiced,,2,Pickticket Completely Invoiced.,,N,N,07519652,1,30823.15,30823.15,0.,0,30,2015682.215,0.,0.,0,10818.,,TL,53,F,5,02,ACTIVITY 2,6600,N N,,,,19,20250311031,9,All from Reserve,2148834,12772818,961,626043,626043,DAY,,,,,,,F,***,,***,,180.,180.,180.,0.,0.,180.,180.,6.,480.,120.,CT1,HIC,*,4339.8,90,Invoiced Complete,4148589,6600,20250306,172105,20250330,140428,EUBER,2025-03-07 02:28:32,0,2025-04-23 02:11:15,INFAJOB,WMIPHPICK_15_AGC_4414603_20250306190038.txt,WMI,898c243e7141e412be65a8a07eb263e4
192953116,20250411,202504,,7002,-7002,87316336,AGC,-961,87316336,87316336,DB,92031000,SNKSFCA - FAIRFIELD-LA - GEISMAR-,,6602 INDUSTRIAL DRIVE,,,GEISMAR,LA,70734,840,,SNKSFCA - FAIRFIELD-LA - GEISMAR-,6602 INDUSTRIAL DRIVE,,,GEISMAR,LA,70734,,840,9203-1000,0,,,LTL,,,20,Fully Assigned To An Outbound Shipment,20250401,20250407,20250411,170803,250407P0000,N,0,0,0,2,90,Invoiced,,2,Pickticket Completely Invoiced.,,N,N,,0,2525094.,2525094.,0.,0,34,121737740.,0.,0.,0,1173.,,TL,53,F,5,03,ACTIVITY 3,,N N,,,,7,20250407012,9,All from Reserve,604532,12852462,961,MISCLAS,MISCLAS,DAY,,,,,,,F,***,,***,,22.,16.,16.,0.,0.,16.,16.,1.,1.,1.,CT1,XDK,4143292,7920.,90,Invoiced Complete,87316336,,20250401,112928,20250411,170803,MCERTEZA,2025-04-01 01:20:31,0,2025-04-25 01:21:23,INFAJOB,WMIPHPICK_15_AGC_4485040_20250331190039.txt,WMI,bfd306fad56366680fb22a53ca0b57bf
247419735,20250411,202504,,7002,-7002,87522370,AGC,-961,87522370,87522370,DB,6601KAPO,SGWSGFCA - FAIRFIELDHI-KAPO-,,91 210 HANUA STREET,,,KAPOLEI,HI,96707,840,,SGWSGFCA - FAIRFIELDHI-KAPO-,91 210 HANUA STREET,,,KAPOLEI,HI,96707,,840,6601-KAPO,0,,,LTL,,,20,Fully Assigned To An Outbound Shipment,20250409,20250409,20250411,180625,250409P0000,N,0,0,0,2,90,Invoiced,,2,Pickticket Completely Invoiced.,,N,N,,0,2504244.6,127413.,0.,0,19,120732566.,0.,0.,0,1081.,,TL,53,F,5,03,ACTIVITY 3,,N N,,,,6,20250409019,9,All from Reserve,2402272,13113973,961,MISCHIC,MISCHIC,DAY,,,,,,,F,***,,***,,22.,56.,56.,0.,0.,56.,56.,1.,1.,1.,CT1,XDK,4133265,7920.,90,Invoiced Complete,87522370,,20250409,141530,20250411,180625,MCERTEZA,2025-04-09 01:20:12,0,2025-04-25 01:21:23,INFAJOB,WMIPHPICK_15_AGC_4508526_20250408190040.txt,WMI,bb22af415f2e9188f5f4812a4ca6e5d3
150306078,20250412,202504,,7002,-7002,84540325,AGC,-961,84540325,84540325,DB,6601KAPO,SOUTHERN GLAZER'S OF HI-KAPO,,91 210 HANUA STREET,,,KAPOLEI,HI,96707,840,,SOUTHERN GLAZER'S OF HI-KAPO,91 210 HANUA STREET,,,KAPOLEI,HI,96707,,840,6601-KAPO,0,,,LTL,,,,Not Assigned To An Outbound Shipment,20241203,0,20250412,0,,,,,,,99,Cancelled,,3,Pickticket Cancelled.,,Y,N,,0,0.,0.,0.,0,0,0.,0.,0.,0,460.,,TL,53,F,0,,,,N N,,,,3,,,,2402272,13113973,961,MISCHIC,MISCHIC,,,,,,,,F,,,,,22.,1.,1.,0.,1.,0.,0.,1.,0.,0.,CT1,XDK,3981094,0.,,,,,20241203,194559,20250412,90401,EUBER,2024-11-27 02:18:23,0,2025-04-25 01:21:23,INFAJOB,WMIPHPICK_15_AGC_4121981_20241126190036.txt,WMI,f7d05d303fbf6bec463bb658e59d414e
183276015,20250416,202504,,7002,-7002,87518042,AGC,-961,87518042,87518042,DB,5601BULK,SGWSGFCA - FAIRFIELDSD-,,3350 4TH AVENUE EAST,,,SHAKOPEE,MN,55379,840,,SGWSGFCA - FAIRFIELDSD-,3350 4TH AVENUE EAST,,,SHAKOPEE,MN,55379,,840,5601-BULK,0,,,LTL,,,20,Fully Assigned To An Outbound Shipment,20250410,20250411,20250416,180355,250411P0000,N,0,0,0,2,90,Invoiced,,2,Pickticket Completely Invoiced.,,N,N,,0,2893430.4,2893430.4,0.,0,35,139526489.6,0.,0.,0,1253.,,TL,53,F,5,03,ACTIVITY 3,,N N,,,,17,20250411020,9,All from Reserve,12772823,12985326,961,MISCMIN,MISCMIN,DAY,,,,,,,F,***,,***,,22.,16.,16.,0.,0.,16.,16.,1.,1.,1.,CT1,XDK,4162892,7920.,90,Invoiced Complete,87518042,,20250410,100506,20250416,180355,MCERTEZA,2025-04-09 01:20:12,0,2025-04-25 01:21:23,INFAJOB,WMIPHPICK_15_AGC_4508526_20250408190040.txt,WMI,608fe642b1f91d46abc2c28f8c7e90d3
183327215,20250416,202504,,7002,-7002,87518042,AGC,-961,87518042,87518042,DB,5601BULK,SGWSGFCA - FAIRFIELDSD-,,3350 4TH AVENUE EAST,,,SHAKOPEE,MN,55379,840,,SGWSGFCA - FAIRFIELDSD-,3350 4TH AVENUE EAST,,,SHAKOPEE,MN,55379,,840,5601-BULK,0,,,LTL,,,20,Fully Assigned To An Outbound Shipment,20250410,20250411,20250416,180355,250411P0000,N,0,0,0,2,90,Invoiced,,2,Pickticket Completely Invoiced.,,N,N,,0,2893430.4,2893430.4,0.,0,35,139526489.6,0.,0.,0,1253.,,TL,53,F,5,03,ACTIVITY 3,,N N,,,,8,20250411020,9,All from Reserve,12772823,12985326,961,MISCMIN,MISCMIN,DAY,,,,,,,F,***,,***,,22.,35.,35.,0.,0.,35.,35.,1.,1.,1.,CT1,XDK,4157815,7920.,90,Invoiced Complete,87518042,,20250410,100506,20250416,180355,MCERTEZA,2025-04-09 01:20:12,0,2025-04-25 01:21:23,INFAJOB,WMIPHPICK_15_AGC_4508526_20250408190040.txt,WMI,fcb8e885a12394a6285ba5e3fed64146
187327686,20250424,202504,,7002,-7002,HI7519910,AGC,-961,HI7519910,HI7519910,DB,330,SGWS MAUI WHSE 3,SGWS MAUI WHSE 3,231 LALO PLACE,,,KAHULUI,HI,96732,840,,SGWS MAUI WHSE 3,231 LALO PLACE,,,KAHULUI,HI,96732,8088718406,840,HI0000330,20250409,,,LTL,,,20,Fully Assigned To An Outbound Shipment,20250408,20250416,20250424,153011,250416P0000,N,0,0,0,2,90,Invoiced,,2,Pickticket Completely Invoiced.,,N,N,07519910,1,18586.65,18586.65,0.,0,45,1120181.27,0.,0.,0,8106.,,TL,53,F,5,02,ACTIVITY 2,6600,N N,,,,17,20250416024,9,All from Reserve,1967718,11948983,961,412362,412362,DAY,,,,,,,F,***,,***,,48.,48.,48.,0.,48.,0.,0.,12.,1224.,204.,CT1,HIC,*,487.08,90,Invoiced Complete,4176998,6600,20250408,150612,20250424,152913,VRINCON,2025-04-09 01:20:12,0,2025-04-25 01:21:23,INFAJOB,WMIPHPICK_15_AGC_4508526_20250408190040.txt,WMI,cb500c7e6f49d8fd4bd9a51a067214d2
208237339,20250417,202504,,7002,-7002,87589092,AGC,-961,87589092,87589092,DB,4501LIND,SGWSGFCA - FAIRFIELDNY - LINDEN-,,801 W LINDEN AVENUE,,,LINDEN,NJ,07036,840,,SGWSGFCA - FAIRFIELDNY - LINDEN-,801 W LINDEN AVENUE,,,LINDEN,NJ,07036,,840,4501-LIND,0,,,LTL,,,20,Fully Assigned To An Outbound Shipment,20250414,20250414,20250417,141509,250414P0000,N,0,0,0,2,90,Invoiced,,2,Pickticket Completely Invoiced.,,N,N,,0,2840149.8,0.,0.,0,30,136927037.2,0.,0.,0,1233.,,TL,53,F,5,03,ACTIVITY 3,,N N,,,,9,20250414032,9,All from Reserve,161337,12880991,961,MISCNJR,MISCNJR,DAY,,,,,,,F,***,,***,,22.,5.,5.,0.,0.,5.,5.,1.,1.,1.,CT1,XDK,4156374,7920.,90,Invoiced Complete,87589092,,20250414,121616,20250417,141509,MCERTEZA,2025-04-11 01:19:49,0,2025-04-25 01:21:23,INFAJOB,WMIPHPICK_15_AGC_4514921_20250410190040.txt,WMI,66d026517475a5e55dfd3c8bb20d7562
194859935,20250417,202504,,7002,-7002,87657223,AGC,-961,87657223,87657223,DB,2201LOUI,SGWSGFCA - FAIRFIELDY--,,2801 CONSTANT COMMENT PLACE,,,LOUISVILLE,KY,40299,840,,SGWSGFCA - FAIRFIELDY--,2801 CONSTANT COMMENT PLACE,,,LOUISVILLE,KY,40299,,840,2201-LOUI,0,,,LTL,,,20,Fully Assigned To An Outbound Shipment,20250414,20250414,20250417,141638,250414P0000,N,0,0,0,2,90,Invoiced,,2,Pickticket Completely Invoiced.,,N,N,,0,2163703.2,178378.2,0.,0,23,104314724.8,0.,0.,0,935.,,TL,53,F,5,03,ACTIVITY 3,,N N,,,,4,20250414039,9,All from Reserve,2213802,12990002,961,MISCLOU,MISCLOU,DAY,,,,,,,F,***,,***,,22.,640.,640.,0.,0.,640.,640.,1.,1.,1.,CT1,XDK,4155106,7920.,90,Invoiced Complete,87657223,,20250414,145726,20250417,141638,MCERTEZA,2025-04-16 01:54:42,0,2025-04-25 01:21:23,INFAJOB,WMIPHPICK_15_AGC_4525460_20250414190040.txt,WMI,c225668dc08c26a4acc9705304fcc014
101219801,20240628,202406,,7002,-7002,80969740,AGC,-961,80969740,80969740,DB,4501METR,SOUTHERN GLAZERS OF NY - SYOSSET,,345 UNDERHILL BLVD,,,SYOSSET,NY,11791,840,,SOUTHERN GLAZERS OF NY - SYOSSET,345 UNDERHILL BLVD,,,SYOSSET,NY,11791,,840,4501-METR,0,,,LTL,,,20,Fully Assigned To An Outbound Shipment,20240626,20240627,20240628,161344,240627P0000,N,0,0,0,2,90,Invoiced,,2,Pickticket Completely Invoiced.,,N,N,,0,67164.,6948.,0.,0,29,3250598.4,0.,0.,0,30.,,TL,53,F,5,03,ACTIVITY 3,,N N,,,,14,20240627018,9,All from Reserve,2179553,12855646,961,MISCNYM,MISCNYM,DAY,,,,,,,F,***,,***,,22.,1.,1.,0.,0.,1.,1.,1.,1.,1.,CT1,XDK,3904537,7920.,90,Invoiced Complete,80969740,,20240626,94903,20240628,161344,AGUERRERO,2024-07-20 14:34:08,0,2025-04-25 01:21:23,INFAJOB,WMIPHPICK_15_Adhoc_3730955_20240719125822.txt,WMI,8d81413aca9373d5c04978cf7cc42c77
106566363,20240712,202407,,7002,-7002,81058068,AGC,-961,81058068,81058068,DB,87011000,SOUTHERN GLAZER'S OF TX W -10722102,,15245 HERITAGE PARKWAY,,,FORT WORTH,TX,76177,840,,SOUTHERN GLAZER'S OF TX W -10722102,15245 HERITAGE PARKWAY,,,FORT WORTH,TX,76177,,840,8701-1000,0,,,LTL,,,20,Fully Assigned To An Outbound Shipment,20240628,20240702,20240712,201043,240702P0000,N,0,0,0,2,90,Invoiced,,2,Pickticket Completely Invoiced.,,N,N,,0,48636.,0.,0.,0,21,2353881.6,0.,0.,0,21.,,TL,53,F,5,03,ACTIVITY 3,,N N,,,,5,20240702016,9,All from Reserve,2179873,13026456,961,MISCTXD,MISCTXD,DAY,,,,,,,F,***,,***,,22.,2.,2.,0.,0.,2.,2.,1.,1.,1.,CT1,XDK,3926796,7920.,90,Invoiced Complete,81058068,,20240628,172535,20240712,201043,DENCINA,2024-07-20 14:34:08,0,2025-04-25 01:21:23,INFAJOB,WMIPHPICK_15_Adhoc_3730955_20240719125822.txt,WMI,24fc2dfd4aacce6886eb3717507d09e6
98790700,20240716,202407,,7002,-7002,81171761,AGC,-961,81171761,81171761,DB,6601LIHU,SOUTHERN GLAZERS OF HI -LIHU,,1556 HALEUKANA ST,,,"LIHUE, KAUAI",HI,96766,840,,SOUTHERN GLAZERS OF HI -LIHU,1556 HALEUKANA ST,,,"LIHUE, KAUAI",HI,96766,,840,6601-LIHU,0,,,LTL,,,20,Fully Assigned To An Outbound Shipment,20240703,20240703,20240716,142918,240703P0000,N,0,0,0,2,90,Invoiced,,2,Pickticket Completely Invoiced.,,N,N,,0,74112.,74112.,0.,0,32,3586867.2,0.,0.,0,40.,,TL,53,F,5,03,ACTIVITY 3,,N N,,,,11,20240703033,9,All from Reserve,604212,12978507,961,MISCHIK,MISCHIK,DAY,,,,,,,F,***,,***,,22.,1.,1.,0.,0.,1.,1.,1.,1.,1.,CT1,XDK,3898119,7920.,90,Invoiced Complete,81171761,,20240703,162255,20240716,142918,EUBER,2024-07-20 14:34:08,0,2025-04-25 01:21:23,INFAJOB,WMIPHPICK_15_Adhoc_3730955_20240719125822.txt,WMI,e09673319a000e0491ca1a461b452351
99626351,20240709,202407,,7002,-7002,81058162,AGC,-961,81058162,81058162,DB,85011000,SOUTHERN GLAZER'S OF OK,,315 S 85TH E AVE,,,TULSA,OK,74112,840,,SOUTHERN GLAZER'S OF OK,315 S 85TH E AVE,,,TULSA,OK,74112,,840,8501-1000,0,,,LTL,,,20,Fully Assigned To An Outbound Shipment,20240701,20240702,20240709,153239,240702P0000,N,0,0,0,2,90,Invoiced,,2,Pickticket Completely Invoiced.,,N,N,,0,74112.,2316.,0.,0,32,3586867.2,0.,0.,0,32.,,TL,53,F,5,03,ACTIVITY 3,,N N,,,,21,20240702014,9,All from Reserve,2402592,12898760,961,MISCOKT,MISCOKT,DAY,,,,,,,F,***,,***,,22.,1.,1.,0.,0.,1.,1.,1.,1.,1.,CT1,XDK,3922944,7920.,90,Invoiced Complete,81058162,,20240701,120635,20240709,153239,DENCINA,2024-07-20 14:34:08,0,2025-04-25 01:21:23,INFAJOB,WMIPHPICK_15_Adhoc_3730955_20240719125822.txt,WMI,e6c04a608c01892b535eb1bc0f041266
99857339,20240711,202407,,7002,-7002,81220820,AGC,-961,81220820,81220820,DB,3501BOLI,SOUTHERN GLAZER'S OF IL,,300 EAST CROSSROADS PARKWAY,,,BOLINGBROOK,IL,60440,840,,SOUTHERN GLAZER'S OF IL,300 EAST CROSSROADS PARKWAY,,,BOLINGBROOK,IL,60440,,840,3501-BOLI,0,,,LTL,,,20,Fully Assigned To An Outbound Shipment,20240710,20240710,20240711,174210,240710P0000,N,0,0,0,2,90,Invoiced,,2,Pickticket Completely Invoiced.,,N,N,,0,53268.,0.,0.,0,23,2578060.8,0.,0.,0,23.,,TL,53,F,5,03,ACTIVITY 3,,N N,,,,1,20240710010,9,All from Reserve,2401952,12888203,961,MISCBOL,MISCBOL,DAY,,,,,,,F,***,,***,,22.,1.,1.,0.,0.,1.,1.,1.,1.,1.,CT1,XDK,3928398,7920.,90,Invoiced Complete,81220820,,20240710,103139,20240711,174210,AGUERRERO,2024-07-20 14:34:08,0,2025-04-25 01:21:23,INFAJOB,WMIPHPICK_15_Adhoc_3730955_20240719125822.txt,WMI,a0a28633f96690597358e5ddf0d1619e
98121754,20240705,202407,,7002,-7002,81148720,AGC,-961,81148720,81148720,DB,5301BULK,SOUTHERN GLAZER'S OF MD,,SUITE C 7001 QUAD AVENUE,,,ROSEDALE,MD,21237,840,,SOUTHERN GLAZER'S OF MD,SUITE C 7001 QUAD AVENUE,,,ROSEDALE,MD,21237,,840,5301-BULK,0,,,LTL,,,20,Fully Assigned To An Outbound Shipment,20240703,20240703,20240705,180920,240703P0000,N,0,0,0,2,90,Invoiced,,2,Pickticket Completely Invoiced.,,N,N,,0,62532.,62532.,0.,0,27,3026419.2,0.,0.,0,27.,,TL,53,F,5,03,ACTIVITY 3,,N N,,,,3,20240703020,9,All from Reserve,2111406,12918618,961,MISCMRD,MISCMRD,DAY,,,,,,,F,***,,***,,22.,2.,2.,0.,0.,2.,2.,1.,1.,1.,CT1,XDK,3926222,7920.,90,Invoiced Complete,81148720,,20240703,82227,20240705,180920,AGUERRERO,2024-07-20 14:34:08,0,2025-04-25 01:21:23,INFAJOB,WMIPHPICK_15_Adhoc_3730955_20240719125822.txt,WMI,a6de6b372ac14d905f9a91e9068dd1e5
99174280,20240703,202407,,7002,-7002,81106313,AGC,-961,81106313,81106313,DB,6601KAPO,SOUTHERN GLAZER'S OF HI-KAPO,,91 210 HANUA STREET,,,KAPOLEI,HI,96707,840,,SOUTHERN GLAZER'S OF HI-KAPO,91 210 HANUA STREET,,,KAPOLEI,HI,96707,,840,6601-KAPO,0,,,LTL,,,20,Fully Assigned To An Outbound Shipment,20240702,20240702,20240703,115000,240702P0000,N,0,0,0,2,90,Invoiced,,2,Pickticket Completely Invoiced.,,N,N,,0,74112.,0.,0.,0,32,3586867.2,0.,0.,0,32.,,TL,53,F,5,03,ACTIVITY 3,,N N,,,,14,20240702020,9,All from Reserve,2402272,13113973,961,MISCHIC,MISCHIC,DAY,,,,,,,F,***,,***,,22.,2.,2.,0.,0.,2.,2.,1.,1.,1.,CT1,XDK,3907444,7920.,90,Invoiced Complete,81106313,,20240702,154034,20240703,115000,AGUERRERO,2024-07-20 14:34:08,0,2025-04-25 01:21:23,INFAJOB,WMIPHPICK_15_Adhoc_3730955_20240719125822.txt,WMI,aea031e74e2e952e5bd564d4bfaeedb7
99248850,20240629,202406,,7002,-7002,81030580,AGC,-961,81030580,81030580,DB,6601LIHU,SOUTHERN GLAZERS OF HI -LIHU,,1556 HALEUKANA ST,,,"LIHUE, KAUAI",HI,96766,840,,SOUTHERN GLAZERS OF HI -LIHU,1556 HALEUKANA ST,,,"LIHUE, KAUAI",HI,96766,,840,6601-LIHU,0,,,LTL,,,20,Fully Assigned To An Outbound Shipment,20240627,20240627,20240629,210320,240627P0000,N,0,0,0,2,90,Invoiced,,2,Pickticket Completely Invoiced.,,N,N,,0,81060.,16212.,0.,0,35,3923136.,0.,0.,0,35.,,TL,53,F,5,03,ACTIVITY 3,,N N,,,,5,20240627014,9,All from Reserve,604212,12978507,961,MISCHIK,MISCHIK,DAY,,,,,,,F,***,,***,,22.,2.,2.,0.,0.,2.,2.,1.,1.,1.,CT1,XDK,3870477,7920.,90,Invoiced Complete,81030580,,20240627,144338,20240629,210320,EUBER,2024-07-20 14:34:08,0,2025-04-25 01:21:23,INFAJOB,WMIPHPICK_15_Adhoc_3730955_20240719125822.txt,WMI,90add749cec4be60078387cc88c0b7bd
105266457,20240709,202407,,7002,-7002,81171556,AGC,-961,81171556,81171556,DB,3201COLU,SOUTHERN GLAZER'S OF SC,,7600 RICHARD ST,,,COLUMBIA,SC,29209,840,,SOUTHERN GLAZER'S OF SC,7600 RICHARD ST,,,COLUMBIA,SC,29209,,840,3201-COLU,0,,,LTL,,,20,Fully Assigned To An Outbound Shipment,20240703,20240708,20240709,170642,240708P0000,N,0,0,0,2,90,Invoiced,,2,Pickticket Completely Invoiced.,,N,N,,0,60216.,2316.,0.,0,26,2914329.6,0.,0.,0,30.,,TL,53,F,5,03,ACTIVITY 3,,N N,,,,5,20240708007,9,All from Reserve,12685467,12945008,961,MISCCOL,MISCCOL,DAY,,,,,,,F,***,,***,,22.,3.,3.,0.,0.,3.,3.,1.,1.,1.,CT1,XDK,3923001,7920.,90,Invoiced Complete,81171556,,20240703,132845,20240709,170642,DENCINA,2024-07-20 14:34:08,0,2025-04-25 01:21:23,INFAJOB,WMIPHPICK_15_Adhoc_3730955_20240719125822.txt,WMI,8ae357efe7b1c789da3f334a6437bcd5
106090961,20240802,202408,,7002,-7002,81822194,AGC,-961,81822194,81822194,DB,6601KAWA,SOUTHERN GLAZERS OF HI - KAWA,,61 3785 MALUOKALANI PL 12,,,KAWAIHAE,HI,96743,840,,SOUTHERN GLAZERS OF HI - KAWA,61 3785 MALUOKALANI PL 12,,,KAWAIHAE,HI,96743,,840,6601-KAWA,0,,,LTL,,,20,Fully Assigned To An Outbound Shipment,20240801,20240801,20240802,130402,240801P0000,N,0,0,0,2,90,Invoiced,,2,Pickticket Completely Invoiced.,,N,N,,0,57900.,57900.,0.,0,25,2802240.,0.,0.,0,25.,,TL,53,F,5,03,ACTIVITY 3,,N N,,,,6,20240801032,9,All from Reserve,6491230,12907000,961,MISCHIB,MISCHIB,DAY,,,,,,,F,***,,***,,22.,1.,1.,0.,0.,1.,1.,1.,1.,1.,CT1,XDK,3937097,7920.,90,Invoiced Complete,81822194,,20240801,123715,20240802,130402,AGUERRERO,2024-08-01 16:17:20,0,2025-04-25 01:21:23,INFAJOB,WMIPHPICK_15_AGC_3767324_20240801110038.txt,WMI,dbcd63d4d645a4004c2345eb66bde9e1
102487054,20240805,202408,,7002,-7002,81751868,AGC,-961,81751868,81751868,DB,7201LASV,SOUTHERN GLAZER'S OF NV - LAS VEGAS,,8400 SOUTH JONES BLVD,,,LAS VEGAS,NV,89139,840,,SOUTHERN GLAZER'S OF NV - LAS VEGAS,8400 SOUTH JONES BLVD,,,LAS VEGAS,NV,89139,,840,7201-LASV,0,,,LTL,,,20,Fully Assigned To An Outbound Shipment,20240730,20240801,20240805,172001,240801P0000,N,0,0,0,2,90,Invoiced,,2,Pickticket Completely Invoiced.,,N,N,,0,57900.,4632.,0.,0,25,2802240.,0.,0.,0,25.,,TL,53,F,5,03,ACTIVITY 3,,N N,,,,3,20240801025,9,All from Reserve,428533,12991968,961,MISCNVL,MISCNVL,DAY,,,,,,,F,***,,***,,22.,3.,3.,0.,0.,3.,3.,1.,1.,1.,CT1,XDK,3937655,7920.,90,Invoiced Complete,81751868,,20240730,112510,20240805,172001,AGUERRERO,2024-07-30 16:16:49,0,2025-04-25 01:21:23,INFAJOB,WMIPHPICK_15_AGC_3760712_20240730110039.txt,WMI,9c24612034a9c023ca1f38457234f842
102476073,20240725,202407,,7002,-7002,81594677,AGC,-961,81594677,81594677,DB,6601KAPO,SOUTHERN GLAZER'S OF HI-KAPO,,91 210 HANUA STREET,,,KAPOLEI,HI,96707,840,,SOUTHERN GLAZER'S OF HI-KAPO,91 210 HANUA STREET,,,KAPOLEI,HI,96707,,840,6601-KAPO,0,,,LTL,,,20,Fully Assigned To An Outbound Shipment,20240723,20240723,20240725,211750,240723P0000,N,0,0,0,2,90,Invoiced,,2,Pickticket Completely Invoiced.,,N,N,,0,57900.,4632.,0.,0,25,2802240.,0.,0.,0,29.,,TL,53,F,5,03,ACTIVITY 3,,N N,,,,21,20240723024,9,All from Reserve,2402272,13113973,961,MISCHIC,MISCHIC,DAY,,,,,,,F,***,,***,,22.,1.,1.,0.,1.,0.,0.,1.,1.,1.,CT1,XDK,3915158,7920.,90,Invoiced Complete,81594677,,20240723,124148,20240725,211735,EUBER,2024-07-23 18:35:26,0,2025-04-25 01:21:23,INFAJOB,WMIPHPICK_15_AGC_3741365_20240723132153.txt,WMI,75e842a2cc3bcff7d2bf363f58b07aa5
102816915,20240730,202407,,7002,-7002,81680638,AGC,-961,81680638,81680638,DB,95021000,SOUTHERN GLAZERS OF MO 240756,,1 GLAZERS WAY,,,ST. CHARLES,MO,633014367,840,,SOUTHERN GLAZERS OF MO 240756,1 GLAZERS WAY,,,ST. CHARLES,MO,633014367,,840,9502-1000,0,,,LTL,,,20,Fully Assigned To An Outbound Shipment,20240726,20240729,20240730,181208,240729P0000,N,0,0,0,2,90,Invoiced,,2,Pickticket Completely Invoiced.,,N,N,,0,62532.,4632.,0.,0,27,3026419.2,0.,0.,0,27.,,TL,53,F,5,03,ACTIVITY 3,,N N,,,,9,20240729009,9,All from Reserve,114618,12934246,961,MISCMOS,MISCMOS,DAY,,,,,,,F,***,,***,,22.,1.,1.,0.,0.,1.,1.,1.,1.,1.,CT1,XDK,3939625,7920.,90,Invoiced Complete,81680638,,20240726,132514,20240730,181208,AGUERRERO,2024-07-26 16:14:26,0,2025-04-25 01:21:23,INFAJOB,WMIPHPICK_15_AGC_3750366_20240726110039.txt,WMI,131542ef55e9b68632f18ed389a30be7
105469253,20240730,202407,,7002,-7002,81718859,AGC,-961,81718859,81718859,DB,6601KAPO,SOUTHERN GLAZER'S OF HI-KAPO,,91 210 HANUA STREET,,,KAPOLEI,HI,96707,840,,SOUTHERN GLAZER'S OF HI-KAPO,91 210 HANUA STREET,,,KAPOLEI,HI,96707,,840,6601-KAPO,0,,,LTL,,,20,Fully Assigned To An Outbound Shipment,20240729,20240729,20240730,131020,240729P0000,N,0,0,0,2,90,Invoiced,,2,Pickticket Completely Invoiced.,,N,N,,0,62532.,62532.,0.,0,27,3026419.2,0.,0.,0,28.,,TL,53,F,5,03,ACTIVITY 3,,N N,,,,4,20240729006,9,All from Reserve,2402272,13113973,961,MISCHIC,MISCHIC,DAY,,,,,,,F,***,,***,,22.,1.,1.,0.,0.,1.,1.,1.,1.,1.,CT1,XDK,3940398,7920.,90,Invoiced Complete,81718859,,20240729,105622,20240730,131020,AGUERRERO,2024-07-29 16:13:39,0,2025-04-25 01:21:23,INFAJOB,WMIPHPICK_15_AGC_3757546_20240729110039.txt,WMI,c5951fc75e84d44522b52ee2d489dd7f
103886222,20240809,202408,,7002,-7002,81879268,AGC,-961,81879268,81879268,DB,2501BULK,SOUTHERN GLAZER'S OF IN,,3901 HANNA CIRCLE,,,INDIANAPOLIS,IN,46241,840,,SOUTHERN GLAZER'S OF IN,3901 HANNA CIRCLE,,,INDIANAPOLIS,IN,46241,,840,2501-BULK,0,,,LTL,,,20,Fully Assigned To An Outbound Shipment,20240806,20240808,20240810,4954,240808P0000,N,0,0,0,2,90,Invoiced,,2,Pickticket Completely Invoiced.,,N,N,,0,74112.,4632.,0.,0,32,3586867.2,0.,0.,0,32.,,TL,53,F,5,03,ACTIVITY 3,,N N,,,,8,20240808006,9,All from Reserve,2237158,12946561,961,MISCINA,MISCINA,DAY,,,,,,,F,***,,***,,22.,1.,1.,0.,0.,1.,1.,1.,1.,1.,CT1,XDK,3951742,7920.,90,Invoiced Complete,81879268,,20240806,164250,20240810,4954,DENCINA,2024-08-05 16:30:13,0,2025-04-25 01:21:23,INFAJOB,WMIPHPICK_15_AGC_3777660_20240805110040.txt,WMI,63105d4310286fe435d4126a2dd0d0b2
104131708,20240809,202408,,7002,-7002,81991920,AGC,-961,81991920,81991920,DB,6601KAPO,SOUTHERN GLAZER'S OF HI-KAPO,,91 210 HANUA STREET,,,KAPOLEI,HI,96707,840,,SOUTHERN GLAZER'S OF HI-KAPO,91 210 HANUA STREET,,,KAPOLEI,HI,96707,,840,6601-KAPO,0,,,LTL,,,20,Fully Assigned To An Outbound Shipment,20240808,20240808,20240809,153447,240808P0000,N,0,0,0,2,90,Invoiced,,2,Pickticket Completely Invoiced.,,N,N,,0,62532.,62532.,0.,0,27,3026419.2,0.,0.,0,28.,,TL,53,F,5,03,ACTIVITY 3,,N N,,,,9,20240808009,9,All from Reserve,2402272,13113973,961,MISCHIC,MISCHIC,DAY,,,,,,,F,***,,***,,22.,1.,1.,0.,0.,1.,1.,1.,1.,1.,CT1,XDK,3928162,7920.,90,Invoiced Complete,81991920,,20240808,112339,20240809,153447,AGUERRERO,2024-08-08 16:16:55,0,2025-04-25 01:21:23,INFAJOB,WMIPHPICK_15_AGC_3787000_20240808110041.txt,WMI,99980e1608f3bed2bdb27fc144b4e670
104884136,20240814,202408,,7002,-7002,81990218,AGC,-961,81990218,81990218,DB,4601SL01,SOUTHERN GLAZER'S OF NY - UPSTATE,,3063 COURT STREET,,,SYRACUSE,NY,13208,840,,SOUTHERN GLAZER'S OF NY - UPSTATE,3063 COURT STREET,,,SYRACUSE,NY,13208,,840,4601-SL01,0,,,LTL,,,20,Fully Assigned To An Outbound Shipment,20240808,20240808,20240814,140408,240808P0000,N,0,0,0,2,90,Invoiced,,2,Pickticket Completely Invoiced.,,N,N,,0,50952.,9264.,0.,0,22,2465971.2,0.,0.,0,22.,,TL,53,F,5,03,ACTIVITY 3,,N N,,,,3,20240808019,9,All from Reserve,2207720,12980385,961,MISCNYU,MISCNYU,DAY,,,,,,,F,***,,***,,22.,11.,11.,0.,0.,11.,11.,1.,1.,1.,CT1,XDK,3950888,7920.,90,Invoiced Complete,81990218,,20240808,110507,20240814,140408,AGUERRERO,2024-08-08 16:16:55,0,2025-04-25 01:21:23,INFAJOB,WMIPHPICK_15_AGC_3787000_20240808110041.txt,WMI,3ebf829aa50267c6452ad360a11f22b7
103887512,20240814,202408,,7002,-7002,82018774,AGC,-961,82018774,82018774,DB,7201LASV,SOUTHERN GLAZER'S OF NV - LAS VEGAS,,8400 SOUTH JONES BLVD,,,LAS VEGAS,NV,89139,840,,SOUTHERN GLAZER'S OF NV - LAS VEGAS,8400 SOUTH JONES BLVD,,,LAS VEGAS,NV,89139,,840,7201-LASV,0,,,LTL,,,20,Fully Assigned To An Outbound Shipment,20240809,20240813,20240814,170200,240813P0000,N,0,0,0,2,90,Invoiced,,2,Pickticket Completely Invoiced.,,N,N,,0,57900.,0.,0.,0,25,2802240.,0.,0.,0,25.,,TL,53,F,5,03,ACTIVITY 3,,N N,,,,5,20240813005,9,All from Reserve,428533,12991968,961,MISCNVL,MISCNVL,DAY,,,,,,,F,***,,***,,22.,1.,1.,0.,0.,1.,1.,1.,1.,1.,CT1,XDK,3960307,7920.,90,Invoiced Complete,82018774,,20240809,94119,20240814,170200,AGUERRERO,2024-08-09 16:15:12,0,2025-04-25 01:21:23,INFAJOB,WMIPHPICK_15_AGC_3790157_20240809110039.txt,WMI,61884f8b957460037b35a2c37c9167c4
110178021,20240828,202408,,7002,-7002,82306758,AGC,-961,82306758,82306758,DB,5201BULK,SOUTHERN GLAZER'S OF AZ,,2375 S 45TH AVE,,,PHOENIX,AZ,85043,840,,SOUTHERN GLAZER'S OF AZ,2375 S 45TH AVE,,,PHOENIX,AZ,85043,,840,5201-BULK,0,,,LTL,,,20,Fully Assigned To An Outbound Shipment,20240822,20240826,20240828,82605,240826P0000,N,0,0,0,2,90,Invoiced,,2,Pickticket Completely Invoiced.,,N,N,,0,74112.,53268.,0.,0,32,3586867.2,0.,0.,0,32.,,TL,53,F,5,03,ACTIVITY 3,,N N,,,,9,20240826022,9,All from Reserve,2028527,12886643,961,MISCPHX,MISCPHX,DAY,,,,,,,F,***,,***,,22.,1.,1.,0.,0.,1.,1.,1.,1.,1.,CT1,XDK,3954557,7920.,90,Invoiced Complete,82306758,,20240822,171057,20240828,82605,EUBER,2024-08-22 20:13:35,0,2025-04-25 01:21:23,INFAJOB,WMIPHPICK_15_AGC_3825394_20240822140033.txt,WMI,a399de6488018c8fce8812789d102671
114269095,20240829,202408,,7002,-7002,82117301,AGC,-961,82117301,82117301,DB,3201COLU,SOUTHERN GLAZER'S OF SC,,7600 RICHARD ST,,,COLUMBIA,SC,29209,840,,SOUTHERN GLAZER'S OF SC,7600 RICHARD ST,,,COLUMBIA,SC,29209,,840,3201-COLU,0,,,LTL,,,20,Fully Assigned To An Outbound Shipment,20240814,20240815,20240829,75128,240815P0000,N,0,0,0,2,90,Invoiced,,2,Pickticket Completely Invoiced.,,N,N,,0,53268.,53268.,0.,0,23,2578060.8,0.,0.,0,24.,,TL,53,F,5,03,ACTIVITY 3,,N N,,,,6,20240815013,9,All from Reserve,12685467,12945008,961,MISCCOL,MISCCOL,DAY,,,,,,,F,***,,***,,22.,1.,1.,0.,0.,1.,1.,1.,1.,1.,CT1,XDK,3947298,7920.,90,Invoiced Complete,82117301,,20240814,122017,20240829,75128,EUBER,2024-08-14 16:15:59,0,2025-04-25 01:21:23,INFAJOB,WMIPHPICK_15_AGC_3801674_20240814110032.txt,WMI,3e7bebfbadd90d8aeb00831817382ed4
131606644,20240902,202409,,7002,-7002,82402142,AGC,-961,82402142,82402142,DB,2501BULK,SOUTHERN GLAZER'S OF IN,,3901 HANNA CIRCLE,,,INDIANAPOLIS,IN,46241,840,,SOUTHERN GLAZER'S OF IN,3901 HANNA CIRCLE,,,INDIANAPOLIS,IN,46241,,840,2501-BULK,0,,,LTL,,,20,Fully Assigned To An Outbound Shipment,20240827,20240829,20240902,133132,240829P0000,N,0,0,0,2,90,Invoiced,,2,Pickticket Completely Invoiced.,,N,N,,0,64848.,64848.,0.,0,28,3138508.8,0.,0.,0,28.,,TL,53,F,5,03,ACTIVITY 3,,N N,,,,13,20240829020,9,All from Reserve,2237158,12946561,961,MISCINA,MISCINA,DAY,,,,,,,F,***,,***,,22.,1.,1.,0.,0.,1.,1.,1.,1.,1.,CT1,XDK,3951765,7920.,90,Invoiced Complete,82402142,,20240827,100433,20240902,133132,EUBER,2024-08-27 21:40:31,0,2025-04-25 01:21:23,INFAJOB,WMIPHPICK_15_AGC_3838885_20240827140032.txt,WMI,e753f453f3be1b7928ec5e397e760cde
132310845,20240902,202409,,7002,-7002,82403597,AGC,-961,82403597,82403597,DB,92011000,SOUTHERN GLAZERS OF LA - ST. ROSE 7,,111 RIVERBEND DR,,,SAINT ROSE,LA,700873318,840,,SOUTHERN GLAZERS OF LA - ST. ROSE 7,111 RIVERBEND DR,,,SAINT ROSE,LA,700873318,,840,9201-1000,0,,,LTL,,,20,Fully Assigned To An Outbound Shipment,20240829,20240829,20240902,134714,240829P0000,N,0,0,0,2,90,Invoiced,,2,Pickticket Completely Invoiced.,,N,N,,0,81060.,53268.,0.,0,35,3923136.,0.,0.,0,42.,,TL,53,F,5,03,ACTIVITY 3,,N N,,,,6,20240829013,9,All from Reserve,12685787,12882903,961,MISCLAL,MISCLAL,DAY,,,,,,,F,***,,***,,22.,1.,1.,0.,0.,1.,1.,1.,1.,1.,CT1,XDK,3936770,7920.,90,Invoiced Complete,82403597,,20240829,73703,20240902,134714,EUBER,2024-08-28 20:15:30,0,2025-04-25 01:21:23,INFAJOB,WMIPHPICK_15_AGC_3842047_20240828140035.txt,WMI,74f694db1e6d44bdbdf3aa406f7e813b
118580452,20240821,202408,,7002,-7002,82111617,AGC,-961,82111617,82111617,DB,7202SPAR,SOUTHERN GLAZER'S OF NV - SPARKS,,250 LILLARD,,,SPARKS,NV,89434,840,,SOUTHERN GLAZER'S OF NV - SPARKS,250 LILLARD,,,SPARKS,NV,89434,,840,7202-SPAR,0,,,LTL,,,20,Fully Assigned To An Outbound Shipment,20240815,20240820,20240821,164048,240820P0000,N,0,0,0,2,90,Invoiced,,2,Pickticket Completely Invoiced.,,N,N,,0,85692.,4632.,0.,0,37,4147315.2,0.,0.,0,38.,,TL,53,F,5,03,ACTIVITY 3,,N N,,,,17,20240820012,9,All from Reserve,2133484,13048097,961,MISCNVS,MISCNVS,DAY,,,,,,,F,***,,***,,22.,1.,1.,0.,0.,1.,1.,1.,1.,1.,CT1,XDK,3959635,7920.,90,Invoiced Complete,82111617,,20240815,130707,20240821,164048,AGUERRERO,2024-08-14 16:15:59,0,2025-04-25 01:21:23,INFAJOB,WMIPHPICK_15_AGC_3801674_20240814110032.txt,WMI,c30f3e16bdc37952e99b83b45a95fe83
131068455,20240904,202409,,7002,-7002,82496983,AGC,-961,82496983,82496983,DB,7801DENV,SOUTHERN GLAZER'S OF CO,,22800 EAST 19TH AVENUE,,,AURORA,CO,80019,840,,SOUTHERN GLAZER'S OF CO,22800 EAST 19TH AVENUE,,,AURORA,CO,80019,,840,7801-DENV,0,,,LTL,,,20,Fully Assigned To An Outbound Shipment,20240830,20240903,20240904,184628,240903P0000,N,0,0,0,2,90,Invoiced,,2,Pickticket Completely Invoiced.,,N,N,,0,57900.,2316.,0.,0,25,2802240.,0.,0.,0,27.,,TL,53,F,5,03,ACTIVITY 3,,N N,,,,13,20240903016,9,All from Reserve,603892,13173221,961,MISCCOA,MISCCOA,DAY,,,,,,,F,***,,***,,22.,1.,1.,0.,0.,1.,1.,1.,1.,1.,CT1,XDK,3975763,7920.,90,Invoiced Complete,82496983,,20240830,133113,20240904,184628,AGUERRERO,2024-09-03 20:13:27,0,2025-04-25 01:21:23,INFAJOB,WMIPHPICK_15_AGC_3860228_20240903140032.txt,WMI,84b9a907535f20ccd87e967a8854e196
128650735,20240909,202409,,7002,-7002,82607212,AGC,-961,82607212,82607212,DB,8001BULK,SOUTHERN GLAZER'S OF WA,,1025 VALLEY AVE NW,,,PUYALLUP,WA,98371,840,,SOUTHERN GLAZER'S OF WA,1025 VALLEY AVE NW,,,PUYALLUP,WA,98371,,840,8001-BULK,0,,,LTL,,,20,Fully Assigned To An Outbound Shipment,20240905,20240906,20240909,124203,240906P0000,N,0,0,0,2,90,Invoiced,,2,Pickticket Completely Invoiced.,,N,N,,0,46320.,2316.,0.,0,20,2241792.,0.,0.,0,20.,,TL,53,F,5,03,ACTIVITY 3,,N N,,,,1,20240906005,9,All from Reserve,2184675,13035126,961,MISCWAP,MISCWAP,DAY,,,,,,,F,***,,***,,22.,17.,17.,0.,0.,17.,17.,1.,1.,1.,CT1,XDK,3978639,7920.,90,Invoiced Complete,82607212,,20240905,111358,20240909,124203,AGUERRERO,2024-09-05 20:15:02,0,2025-04-25 01:21:23,INFAJOB,WMIPHPICK_15_AGC_3866465_20240905140032.txt,WMI,95d1dbc117fa40fbfcdd74a07de6250a
117134660,20240910,202409,,7002,-7002,82635891,AGC,-961,82635891,82635891,DB,7601BULK,SOUTHERN GLAZER'S OF NM,,123 MONTANO RD NW,,,ALBUQUERQUE,NM,87107,840,,SOUTHERN GLAZER'S OF NM,123 MONTANO RD NW,,,ALBUQUERQUE,NM,87107,,840,7601-BULK,0,,,LTL,,,20,Fully Assigned To An Outbound Shipment,20240906,20240906,20240910,154604,240906P0000,N,0,0,0,2,90,Invoiced,,2,Pickticket Completely Invoiced.,,N,N,,0,57900.,0.,0.,0,25,2802240.,0.,0.,0,27.,,TL,53,F,5,03,ACTIVITY 3,,N N,,,,10,20240906032,9,All from Reserve,603572,12819236,961,MISCALB,MISCALB,DAY,,,,,,,F,***,,***,,22.,1.,1.,0.,0.,1.,1.,1.,1.,1.,CT1,XDK,3968504,7920.,90,Invoiced Complete,82635891,,20240906,152203,20240910,154604,AGUERRERO,2024-09-06 20:14:14,0,2025-04-25 01:21:23,INFAJOB,WMIPHPICK_15_AGC_3869631_20240906140253.txt,WMI,d46853f55e829f7b5e85f6d6202ffd18
114376995,20240912,202409,,7002,-7002,82672956,AGC,-961,82672956,82672956,DB,4501METR,SOUTHERN GLAZER'S OF NY - SYOSSET,,345 UNDERHILL BLVD,,,SYOSSET,NY,11791,840,,SOUTHERN GLAZER'S OF NY - SYOSSET,345 UNDERHILL BLVD,,,SYOSSET,NY,11791,,840,4501-METR,0,,,LTL,,,20,Fully Assigned To An Outbound Shipment,20240910,20240911,20240912,195814,240911P0000,N,0,0,0,2,90,Invoiced,,2,Pickticket Completely Invoiced.,,N,N,,0,60216.,60216.,55584.,0,26,2913120.,0.,2689344.,0,26.,,TL,53,F,5,03,ACTIVITY 3,,N N,,,,7,20240911044,9,All from Reserve,2179553,12855646,961,MISCNYM,MISCNYM,DAY,,,,,,,F,***,,***,,22.,1.,1.,0.,0.,1.,1.,1.,1.,1.,CT1,XDK,3965315,7920.,90,Invoiced Complete,82672956,,20240910,101335,20240912,195814,AGUERRERO,2024-09-10 01:18:43,0,2025-04-25 01:21:23,INFAJOB,WMIPHPICK_15_AGC_3877927_20240909190031.txt,WMI,b4bab2ea1f4d40a3163dd7ef24341a63
132015496,20240913,202409,,7002,-7002,82671954,AGC,-961,82671954,82671954,DB,94011000,SOUTHERN GLAZERS OF KS - EDWARDSVI,,1100 BLAKE STREET,,,EDWARDSVILLE,KS,66111,840,,SOUTHERN GLAZERS OF KS - EDWARDSVI,1100 BLAKE STREET,,,EDWARDSVILLE,KS,66111,,840,9401-1000,0,,,LTL,,,20,Fully Assigned To An Outbound Shipment,20240911,20240911,20240913,134437,240911P0000,N,0,0,0,2,90,Invoiced,,2,Pickticket Completely Invoiced.,,N,N,,0,74112.,74112.,0.,0,32,3586867.2,0.,0.,0,32.,,TL,53,F,5,03,ACTIVITY 3,,N N,,,,3,20240911042,9,All from Reserve,1865328,12938428,961,MISCKSE,MISCKSE,DAY,,,,,,,F,***,,***,,22.,1.,1.,0.,0.,1.,1.,1.,1.,1.,CT1,XDK,3970204,7920.,90,Invoiced Complete,82671954,,20240911,131333,20240913,134437,AGUERRERO,2024-09-10 01:18:43,0,2025-04-25 01:21:23,INFAJOB,WMIPHPICK_15_AGC_3877927_20240909190031.txt,WMI,76624991cba7d2643498439f1a39a10e
144520373,20240913,202409,,7002,-7002,82658076,AGC,-961,82658076,82658076,DB,85011000,SOUTHERN GLAZER'S OF OK,,315 S 85TH E AVE,,,TULSA,OK,74112,840,,SOUTHERN GLAZER'S OF OK,315 S 85TH E AVE,,,TULSA,OK,74112,,840,8501-1000,0,,,LTL,,,20,Fully Assigned To An Outbound Shipment,20240909,20240913,20240914,20357,240913P0000,N,0,0,0,2,90,Invoiced,,2,Pickticket Completely Invoiced.,,N,N,,0,90324.,90324.,0.,0,39,4371494.4,0.,0.,0,39.,,TL,53,F,5,03,ACTIVITY 3,,N N,,,,7,20240913014,9,All from Reserve,2402592,12898760,961,MISCOKT,MISCOKT,DAY,,,,,,,F,***,,***,,22.,1.,1.,0.,0.,1.,1.,1.,1.,1.,CT1,XDK,3965534,7920.,90,Invoiced Complete,82658076,,20240909,181343,20240914,20357,ZNOEFL,2024-09-10 01:18:43,0,2025-04-25 01:21:23,INFAJOB,WMIPHPICK_15_AGC_3877927_20240909190031.txt,WMI,4bd704d174cf04709ba14ae85ca64cec
117108180,20240917,202409,,7002,-7002,82720970,AGC,-961,82720970,82720970,DB,87021000,SOUTHERN GLAZER'S OF TX W 512532,,525 CANE ISLAND PARKWAY,,,KATY,TX,77494,840,,SOUTHERN GLAZER'S OF TX W 512532,525 CANE ISLAND PARKWAY,,,KATY,TX,77494,,840,8702-1000,0,,,LTL,,,20,Fully Assigned To An Outbound Shipment,20240912,20240913,20240917,83208,240913P0000,N,0,0,0,2,90,Invoiced,,2,Pickticket Completely Invoiced.,,N,N,,0,55584.,53268.,0.,0,24,2690150.4,0.,0.,0,24.,,TL,53,F,5,03,ACTIVITY 3,,N N,,,,4,20240913010,9,All from Reserve,2180193,12920171,961,MISCTXH,MISCTXH,DAY,,,,,,,F,***,,***,,22.,6.,6.,0.,0.,6.,6.,1.,1.,1.,CT1,XDK,3980638,7920.,90,Invoiced Complete,82720970,,20240912,140725,20240917,83208,AGUERRERO,2024-09-12 01:45:12,0,2025-04-25 01:21:23,INFAJOB,WMIPHPICK_15_AGC_3884351_20240911190032.txt,WMI,e40d015fd0a662314d88ff6d06c0ffd0
115188140,20240919,202409,,7002,-7002,82637861,AGC,-961,82637861,82637861,DB,87021000,SOUTHERN GLAZER'S OF TX W 512532,,525 CANE ISLAND PARKWAY,,,KATY,TX,77494,840,,SOUTHERN GLAZER'S OF TX W 512532,525 CANE ISLAND PARKWAY,,,KATY,TX,77494,,840,8702-1000,0,,,LTL,,,20,Fully Assigned To An Outbound Shipment,20240906,20240906,20240919,83102,240906P0000,N,0,0,0,2,90,Invoiced,,2,Pickticket Completely Invoiced.,,N,N,,0,53268.,2316.,0.,0,23,2578060.8,0.,0.,0,25.,,TL,53,F,5,03,ACTIVITY 3,,N N,,,,6,20240906036,9,All from Reserve,2180193,12920171,961,MISCTXH,MISCTXH,DAY,,,,,,,F,***,,***,,22.,1.,1.,0.,0.,1.,1.,1.,1.,1.,CT1,XDK,3959148,7920.,90,Invoiced Complete,82637861,,20240906,112519,20240919,83102,EUBER,2024-09-06 20:14:14,0,2025-04-25 01:21:23,INFAJOB,WMIPHPICK_15_AGC_3869631_20240906140253.txt,WMI,202e3f188c256eaa04460665cfc92892
132293202,20240920,202409,,7002,-7002,82942721,AGC,-961,82942721,82942721,DB,6601KAPO,SOUTHERN GLAZER'S OF HI-KAPO,,91 210 HANUA STREET,,,KAPOLEI,HI,96707,840,,SOUTHERN GLAZER'S OF HI-KAPO,91 210 HANUA STREET,,,KAPOLEI,HI,96707,,840,6601-KAPO,0,,,LTL,,,20,Fully Assigned To An Outbound Shipment,20240919,20240919,20240920,172220,240919P0000,N,0,0,0,2,90,Invoiced,,2,Pickticket Completely Invoiced.,,N,N,,0,55584.,11580.,0.,0,24,2690150.4,0.,0.,0,24.,,TL,53,F,5,03,ACTIVITY 3,,N N,,,,4,20240919014,9,All from Reserve,2402272,13113973,961,MISCHIC,MISCHIC,DAY,,,,,,,F,***,,***,,22.,1.,1.,0.,0.,1.,1.,1.,1.,1.,CT1,XDK,3981468,7920.,90,Invoiced Complete,82942721,,20240919,112822,20240920,172220,AGUERRERO,2024-09-20 01:18:00,0,2025-04-25 01:21:23,INFAJOB,WMIPHPICK_15_AGC_3907242_20240919190033.txt,WMI,69c94b6d9139b093ddbd56622ee6dddc
193458230,20240923,202409,,7002,-7002,82777495,AGC,-961,82777495,82777495,DB,83011000,SOUTHERN GLAZERS OF IA WA 0000085,,4377 112TH STREET,,,URBANDALE,IA,503222073,840,,SOUTHERN GLAZERS OF IA WA 0000085,4377 112TH STREET,,,URBANDALE,IA,503222073,,840,8301-1000,0,,,LTL,,,20,Fully Assigned To An Outbound Shipment,20240913,20240919,20240923,113051,240919P0000,N,0,0,0,2,90,Invoiced,,2,Pickticket Completely Invoiced.,,N,N,,0,60216.,60216.,0.,0,26,2914329.6,0.,0.,0,26.,,TL,53,F,5,03,ACTIVITY 3,,N N,,,,4,20240919007,9,All from Reserve,9594909,12906807,961,MISCIAU,MISCIAU,DAY,,,,,,,F,***,,***,,22.,1.,1.,0.,0.,1.,1.,1.,1.,1.,CT1,XDK,3986799,7920.,90,Invoiced Complete,82777495,,20240913,152018,20240923,113051,AGUERRERO,2024-09-14 01:37:57,0,2025-04-25 01:21:23,INFAJOB,WMIPHPICK_15_AGC_3890769_20240913190031.txt,WMI,31b16ed7fdf535ee4f8c2c2041a5e2cb
139032231,20240930,202409,,7002,-7002,82893293,AGC,-961,82893293,82893293,DB,7202SPAR,SOUTHERN GLAZER'S OF NV - SPARKS,,250 LILLARD,,,SPARKS,NV,89434,840,,SOUTHERN GLAZER'S OF NV - SPARKS,250 LILLARD,,,SPARKS,NV,89434,,840,7202-SPAR,0,,,,,,20,Fully Assigned To An Outbound Shipment,20240918,20240924,20240930,182611,240924P0000,N,0,0,0,2,90,Invoiced,,2,Pickticket Completely Invoiced.,,N,N,,0,69480.,20844.,0.,0,30,3362688.,0.,0.,0,31.,,TL,53,F,5,03,ACTIVITY 3,,N N,,,,14,20240924016,9,All from Reserve,2133484,13048097,961,MISCNVS,MISCNVS,DAY,,,,,,,F,***,,***,,22.,1.,1.,0.,0.,1.,1.,1.,1.,1.,CT1,XDK,3956372,7920.,90,Invoiced Complete,82893293,,20240918,161248,20240930,182611,EUBER,2024-09-19 01:44:31,0,2025-04-25 01:21:23,INFAJOB,WMIPHPICK_15_AGC_3904037_20240918190032.txt,WMI,9e6902db1f643f164558faba68857c27
122494522,20241003,202410,,7002,-7002,83162862,AGC,-961,83162862,83162862,DB,5601BULK,SOUTHERN GLAZER'S OF MN,,3350 4TH AVENUE EAST,,,SHAKOPEE,MN,55379,840,,SOUTHERN GLAZER'S OF MN,3350 4TH AVENUE EAST,,,SHAKOPEE,MN,55379,,840,5601-BULK,0,,,LTL,,,20,Fully Assigned To An Outbound Shipment,20241002,20241003,20241003,184838,241003P0000,N,0,0,0,2,90,Invoiced,,2,Pickticket Completely Invoiced.,,N,N,,0,60216.,60216.,0.,0,26,2914329.6,0.,0.,0,26.,,TL,53,F,5,03,ACTIVITY 3,,N N,,,,5,20241003004,9,All from Reserve,12772823,12985326,961,MISCMIN,MISCMIN,DAY,,,,,,,F,***,,***,,22.,3.,3.,0.,0.,3.,3.,1.,1.,1.,CT1,XDK,4004834,7920.,90,Invoiced Complete,83162862,,20241002,180138,20241003,184838,DENCINA,2024-10-03 01:44:42,0,2025-04-25 01:21:23,INFAJOB,WMIPHPICK_15_AGC_3940824_20241002190033.txt,WMI,d6a25d2a9154bc9dd06ec7c5cb93c4be
154924323,20241008,202410,,7002,-7002,83257881,AGC,-961,83257881,83257881,DB,2501BULK,SOUTHERN GLAZER'S OF IN,,3901 HANNA CIRCLE,,,INDIANAPOLIS,IN,46241,840,,SOUTHERN GLAZER'S OF IN,3901 HANNA CIRCLE,,,INDIANAPOLIS,IN,46241,,840,2501-BULK,0,,,LTL,,,20,Fully Assigned To An Outbound Shipment,20241003,20241007,20241009,10441,241007P0000,N,0,0,0,2,90,Invoiced,,2,Pickticket Completely Invoiced.,,N,N,,0,62532.,62532.,0.,0,27,3026419.2,0.,0.,0,27.,,TL,53,F,5,03,ACTIVITY 3,,N N,,,,6,20241007012,9,All from Reserve,2237158,12946561,961,MISCINA,MISCINA,DAY,,,,,,,F,***,,***,,22.,1.,1.,0.,0.,1.,1.,1.,1.,1.,CT1,XDK,3959864,7920.,90,Invoiced Complete,83257881,,20241003,104303,20241009,10441,DENCINA,2024-10-04 01:26:17,0,2025-04-25 01:21:23,INFAJOB,WMIPHPICK_15_AGC_3944014_20241003190033.txt,WMI,87625dfe88a008aa99d1abd05de205b9
155193443,20241011,202410,,7002,-7002,83287072,AGC,-961,83287072,83287072,DB,95021000,SOUTHERN GLAZERS OF MO 240756,,1 GLAZERS WAY,,,ST. CHARLES,MO,633014367,840,,SOUTHERN GLAZERS OF MO 240756,1 GLAZERS WAY,,,ST. CHARLES,MO,633014367,,840,9502-1000,0,,,LTL,,,20,Fully Assigned To An Outbound Shipment,20241004,20241010,20241011,191007,241010P0000,N,0,0,0,2,90,Invoiced,,2,Pickticket Completely Invoiced.,,N,N,,0,41688.,41688.,0.,0,18,2017612.8,0.,0.,0,19.,,TL,53,F,5,03,ACTIVITY 3,,N N,,,,1,20241010018,9,All from Reserve,114618,12934246,961,MISCMOS,MISCMOS,DAY,,,,,,,F,***,,***,,22.,1.,1.,0.,1.,0.,0.,1.,1.,1.,CT1,XDK,3940054,7920.,90,Invoiced Complete,83287072,,20241004,102251,20241011,190959,DENCINA,2024-10-05 01:31:50,0,2025-04-25 01:21:23,INFAJOB,WMIPHPICK_15_AGC_3947209_20241004190033.txt,WMI,3f5260c4dce67a6be5421dc76920b1d6
136247879,20241010,202410,,7002,-7002,83286838,AGC,-961,83286838,83286838,DB,7202SPAR,SOUTHERN GLAZER'S OF NV - SPARKS,,250 LILLARD,,,SPARKS,NV,89434,840,,SOUTHERN GLAZER'S OF NV - SPARKS,250 LILLARD,,,SPARKS,NV,89434,,840,7202-SPAR,0,,,LTL,,,20,Fully Assigned To An Outbound Shipment,20241008,20241009,20241011,1536,241009P0000,N,0,0,0,2,90,Invoiced,,2,Pickticket Completely Invoiced.,,N,N,,0,69480.,2316.,0.,0,30,3362688.,0.,0.,0,34.,,TL,53,F,5,03,ACTIVITY 3,,N N,,,,9,20241009018,9,All from Reserve,2133484,13048097,961,MISCNVS,MISCNVS,DAY,,,,,,,F,***,,***,,22.,1.,1.,0.,0.,1.,1.,1.,1.,1.,CT1,XDK,4008537,7920.,90,Invoiced Complete,83286838,,20241008,140142,20241011,1536,DENCINA,2024-10-05 01:31:50,0,2025-04-25 01:21:23,INFAJOB,WMIPHPICK_15_AGC_3947209_20241004190033.txt,WMI,08add175bd3dcc732bd52f519c3d7890
123385172,20241012,202410,,7002,-7002,83088923,AGC,-961,83088923,83088923,DB,2501BULK,SOUTHERN GLAZER'S OF IN,,3901 HANNA CIRCLE,,,INDIANAPOLIS,IN,46241,840,,SOUTHERN GLAZER'S OF IN,3901 HANNA CIRCLE,,,INDIANAPOLIS,IN,46241,,840,2501-BULK,0,,,LTL,,,20,Fully Assigned To An Outbound Shipment,20240930,20241001,20241012,102414,241001P0000,N,0,0,0,2,90,Invoiced,,2,Pickticket Completely Invoiced.,,N,N,,0,81060.,81060.,0.,0,35,3923136.,0.,0.,0,36.,,TL,53,F,5,03,ACTIVITY 3,,N N,,,,11,20241001016,9,All from Reserve,2237158,12946561,961,MISCINA,MISCINA,DAY,,,,,,,F,***,,***,,22.,1.,1.,0.,0.,1.,1.,1.,1.,1.,CT1,XDK,3994209,7920.,90,Invoiced Complete,83088923,,20240930,121141,20241012,102414,EUBER,2024-09-27 02:51:34,0,2025-04-25 01:21:23,INFAJOB,WMIPHPICK_15_AGC_3923497_20240926190037.txt,WMI,5ff8a834f56db9597e5316b00a6b2b78
138689921,20241011,202410,,7002,-7002,83257836,AGC,-961,83257836,83257836,DB,94011000,SOUTHERN GLAZERS OF KS - EDWARDSVI,,1100 BLAKE STREET,,,EDWARDSVILLE,KS,66111,840,,SOUTHERN GLAZERS OF KS - EDWARDSVI,1100 BLAKE STREET,,,EDWARDSVILLE,KS,66111,,840,9401-1000,0,,,LTL,,,20,Fully Assigned To An Outbound Shipment,20241007,20241010,20241012,11756,241010P0000,N,0,0,0,2,90,Invoiced,,2,Pickticket Completely Invoiced.,,N,N,,0,60216.,60216.,0.,0,26,2914329.6,0.,0.,0,26.,,TL,53,F,5,03,ACTIVITY 3,,N N,,,,7,20241010003,9,All from Reserve,1865328,12938428,961,MISCKSE,MISCKSE,DAY,,,,,,,F,***,,***,,22.,2.,2.,0.,0.,2.,2.,1.,1.,1.,CT1,XDK,3990178,7920.,90,Invoiced Complete,83257836,,20241007,171735,20241012,11756,DENCINA,2024-10-04 01:26:17,0,2025-04-25 01:21:23,INFAJOB,WMIPHPICK_15_AGC_3944014_20241003190033.txt,WMI,edbd2d6686f384a1aeaaeaec01ac643d
137082694,20241017,202410,,7002,-7002,83516296,AGC,-961,83516296,83516296,DB,85011000,SOUTHERN GLAZER'S OF OK,,315 S 85TH E AVE,,,TULSA,OK,74112,840,,SOUTHERN GLAZER'S OF OK,315 S 85TH E AVE,,,TULSA,OK,74112,,840,8501-1000,0,,,LTL,,,20,Fully Assigned To An Outbound Shipment,20241015,20241016,20241017,191244,241016P0000,N,0,0,0,2,90,Invoiced,,2,Pickticket Completely Invoiced.,,N,N,,0,62532.,0.,0.,0,27,3026419.2,0.,0.,0,27.,,TL,53,F,5,03,ACTIVITY 3,,N N,,,,1,20241016015,9,All from Reserve,2402592,12898760,961,MISCOKT,MISCOKT,DAY,,,,,,,F,***,,***,,22.,10.,10.,0.,0.,10.,10.,1.,1.,1.,CT1,XDK,3986071,7920.,90,Invoiced Complete,83516296,,20241015,143518,20241017,191244,DENCINA,2024-10-16 02:04:00,0,2025-04-25 01:21:23,INFAJOB,WMIPHPICK_15_AGC_3977816_20241015190034.txt,WMI,694144b4b5537a1567e4e99131e1bfcd
143340324,20241019,202410,,7002,-7002,83482551,AGC,-961,83482551,83482551,DB,77011000,SOUTHERN GLAZERS OF TN,,6290 SHELBY VIEW DR,,,MEMPHIS,TN,381347662,840,,SOUTHERN GLAZERS OF TN,6290 SHELBY VIEW DR,,,MEMPHIS,TN,381347662,,840,7701-1000,0,,,LTL,,,20,Fully Assigned To An Outbound Shipment,20241016,20241017,20241019,94731,241017P0000,N,0,0,0,2,90,Invoiced,,2,Pickticket Completely Invoiced.,,N,N,,0,67164.,67164.,0.,0,29,3250598.4,0.,0.,0,37.,,TL,53,F,5,03,ACTIVITY 3,,N N,,,,12,20241017020,9,All from Reserve,6491550,12968114,961,MISCTEN,MISCTEN,DAY,,,,,,,F,***,,***,,22.,1.,1.,0.,0.,1.,1.,1.,1.,1.,CT1,XDK,4013092,7920.,90,Invoiced Complete,83482551,,20241016,113026,20241019,94731,DENCINA,2024-10-15 01:58:37,0,2025-04-25 01:21:23,INFAJOB,WMIPHPICK_15_AGC_3974612_20241014190034.txt,WMI,cf0c734f66bb4a427590406b9b2b529a
153077866,20241021,202410,,7002,-7002,83403505,AGC,-961,83403505,83403505,DB,5601BULK,SOUTHERN GLAZER'S OF MN,,3350 4TH AVENUE EAST,,,SHAKOPEE,MN,55379,840,,SOUTHERN GLAZER'S OF MN,3350 4TH AVENUE EAST,,,SHAKOPEE,MN,55379,,840,5601-BULK,0,,,LTL,,,20,Fully Assigned To An Outbound Shipment,20241010,20241018,20241021,213643,241018P0000,N,0,0,0,2,90,Invoiced,,2,Pickticket Completely Invoiced.,,N,N,,0,97272.,97272.,0.,0,42,4707763.2,0.,0.,0,43.,,TL,53,F,5,03,ACTIVITY 3,,N N,,,,21,20241018021,9,All from Reserve,12772823,12985326,961,MISCMIN,MISCMIN,DAY,,,,,,,F,***,,***,,22.,1.,1.,0.,0.,1.,1.,1.,1.,1.,CT1,XDK,3978311,7920.,90,Invoiced Complete,83403505,,20241010,90801,20241021,213643,DENCINA,2024-10-11 01:27:52,0,2025-04-25 01:21:23,INFAJOB,WMIPHPICK_15_AGC_3964100_20241010190034.txt,WMI,47a5c6016464b0625b643e799187d863
162234213,20241022,202410,,7002,-7002,83548898,AGC,-961,83548898,83548898,DB,3201COLU,SOUTHERN GLAZER'S OF SC,,7600 RICHARD ST,,,COLUMBIA,SC,29209,840,,SOUTHERN GLAZER'S OF SC,7600 RICHARD ST,,,COLUMBIA,SC,29209,,840,3201-COLU,0,,,LTL,,,20,Fully Assigned To An Outbound Shipment,20241016,20241019,20241022,155634,241019P0000,N,0,0,0,2,90,Invoiced,,2,Pickticket Completely Invoiced.,,N,N,,0,44004.,11580.,0.,0,19,2129702.4,0.,0.,0,19.,,TL,53,F,5,03,ACTIVITY 3,,N N,,,,11,20241019003,9,All from Reserve,12685467,12945008,961,MISCCOL,MISCCOL,DAY,,,,,,,F,***,,***,,22.,3.,3.,0.,0.,3.,3.,1.,1.,1.,CT1,XDK,4009019,7920.,90,Invoiced Complete,83548898,,20241016,160511,20241022,155634,AGUERRERO,2024-10-17 01:22:45,0,2025-04-25 01:21:23,INFAJOB,WMIPHPICK_15_AGC_3981008_20241016190034.txt,WMI,2b3e43563f7a2520a7afb78b1b8bc1cc
134694487,20241022,202410,,7002,-7002,83582422,AGC,-961,83582422,83582422,DB,8201BULK,SOUTHERN GLAZER'S OF OR,,9805 SW BOECKMAN ROAD,,,WILSONVILLE,OR,97070,840,,SOUTHERN GLAZER'S OF OR,9805 SW BOECKMAN ROAD,,,WILSONVILLE,OR,97070,,840,8201-BULK,0,,,LTL,,,20,Fully Assigned To An Outbound Shipment,20241017,20241019,20241022,140449,241019P0000,N,0,0,0,2,90,Invoiced,,2,Pickticket Completely Invoiced.,,N,N,,0,46320.,46320.,0.,0,20,2241792.,0.,0.,0,20.,,TL,53,F,5,03,ACTIVITY 3,,N N,,,,4,20241019009,9,All from Reserve,1292530,13056607,961,MISCORE,MISCORE,DAY,,,,,,,F,***,,***,,22.,2.,2.,0.,0.,2.,2.,1.,1.,1.,CT1,XDK,3989557,7920.,90,Invoiced Complete,83582422,,20241017,93807,20241022,140449,AGUERRERO,2024-10-18 02:04:28,0,2025-04-25 01:21:23,INFAJOB,WMIPHPICK_15_AGC_3984203_20241017190034.txt,WMI,99c59058ce50df5cc95b1853e8f08488
131358543,20241025,202410,,7002,-7002,83716877,AGC,-961,83716877,83716877,DB,95011000,SOUTHERN GLAZER'S OF MO - RAYMORE M,,1100 S DEAN AVE,,,RAYMORE,MO,64083,840,,SOUTHERN GLAZER'S OF MO - RAYMORE M,1100 S DEAN AVE,,,RAYMORE,MO,64083,,840,9501-1000,0,,,LTL,,,20,Fully Assigned To An Outbound Shipment,20241023,20241024,20241025,210718,241024P0000,N,0,0,0,2,90,Invoiced,,2,Pickticket Completely Invoiced.,,N,N,,0,55584.,11580.,0.,0,24,2690150.4,0.,0.,0,24.,,TL,53,F,5,03,ACTIVITY 3,,N N,,,,10,20241024014,9,All from Reserve,12686107,12910067,961,MISCMOR,MISCMOR,DAY,,,,,,,F,***,,***,,22.,3.,3.,0.,0.,3.,3.,1.,1.,1.,CT1,XDK,4014384,7920.,90,Invoiced Complete,83716877,,20241023,161121,20241025,210718,DENCINA,2024-10-24 02:20:01,0,2025-04-25 01:21:23,INFAJOB,WMIPHPICK_15_AGC_4023955_20241023190036.txt,WMI,2b3aa89a115bf1b79126a0ae97d455ce
101133729,20241030,202410,,7002,-7002,80570334,AGC,-961,80570334,80570334,DB,8001BULK,SOUTHERN GLAZERS OF WA,,1025 VALLEY AVE NW,,,PUYALLUP,WA,98371,840,,SOUTHERN GLAZERS OF WA,1025 VALLEY AVE NW,,,PUYALLUP,WA,98371,,840,8001-BULK,0,,,LTL,,,,Not Assigned To An Outbound Shipment,20240621,0,20241030,0,,,,,,,99,Cancelled,,3,Pickticket Cancelled.,,Y,N,,0,0.,0.,0.,0,0,0.,0.,0.,0,0.,,TL,53,F,0,,,,N N,,,,1,,,,2184675,13035126,961,MISCWAP,MISCWAP,,,,,,,,F,,,,,22.,0.,0.,0.,0.,0.,0.,1.,0.,0.,CT1,XDK,3906029,0.,,,,,20240621,134222,20241030,184032,LKOESTERS,2024-07-20 14:34:08,0,2025-04-25 01:21:23,INFAJOB,WMIPHPICK_15_Adhoc_3730955_20240719125822.txt,WMI,b7907450b3abca662a7452acd1d2b224
101962838,20241030,202410,,7002,-7002,80393833,AGC,-961,80393833,80393833,DB,2501BULK,SOUTHERN GLAZERS OF IN,,3901 HANNA CIRCLE,,,INDIANAPOLIS,IN,46241,840,,SOUTHERN GLAZERS OF IN,3901 HANNA CIRCLE,,,INDIANAPOLIS,IN,46241,,840,2501-BULK,0,,,LTL,,,,Not Assigned To An Outbound Shipment,20240614,0,20241030,0,,,,,,,99,Cancelled,,3,Pickticket Cancelled.,,Y,N,,0,0.,0.,0.,0,0,0.,0.,0.,0,0.,,TL,53,F,0,,,,N N,,,,10,,,,2237158,12946561,961,MISCINA,MISCINA,,,,,,,,F,,,,,22.,0.,0.,0.,0.,0.,0.,1.,0.,0.,CT1,XDK,3898346,0.,,,,,20240614,92940,20241030,184255,LKOESTERS,2024-07-20 14:34:08,0,2025-04-25 01:21:23,INFAJOB,WMIPHPICK_15_Adhoc_3730955_20240719125822.txt,WMI,38da620961e4f3f3e8a8df84c49bfe20
100302615,20241030,202410,,7002,-7002,80537279,AGC,-961,80537279,80537279,DB,51011000,SOUTHERN GLAZER'S OF OH 3214991-000,,4800 POTH ROAD,,,COLUMBUS,OH,432131332,840,,SOUTHERN GLAZER'S OF OH 3214991-000,4800 POTH ROAD,,,COLUMBUS,OH,432131332,,840,5101-1000,0,,,LTL,,,,Not Assigned To An Outbound Shipment,20240625,0,20241030,0,,,,,,,99,Cancelled,,3,Pickticket Cancelled.,,Y,N,,0,0.,0.,0.,0,0,0.,0.,0.,0,0.,,TL,53,F,0,,,,N N,,,,5,,,,9595229,13006627,961,MISCOHC,MISCOHC,,,,,,,,F,,,,,22.,0.,0.,0.,0.,0.,0.,1.,0.,0.,CT1,XDK,3907062,0.,,,,,20240625,72507,20241030,184050,LKOESTERS,2024-07-20 14:34:08,0,2025-04-25 01:21:23,INFAJOB,WMIPHPICK_15_Adhoc_3730955_20240719125822.txt,WMI,bfaa8300c23935d4a61a18c2d584d60a
103256110,20241030,202410,,7002,-7002,80570462,AGC,-961,80570462,80570462,DB,51011000,SOUTHERN GLAZER'S OF OH 3214991-000,,4800 POTH ROAD,,,COLUMBUS,OH,432131332,840,,SOUTHERN GLAZER'S OF OH 3214991-000,4800 POTH ROAD,,,COLUMBUS,OH,432131332,,840,5101-1000,0,,,LTL,,,,Not Assigned To An Outbound Shipment,20240620,0,20241030,0,,,,,,,99,Cancelled,,3,Pickticket Cancelled.,,Y,N,,0,0.,0.,0.,0,0,0.,0.,0.,0,0.,,TL,53,F,0,,,,N N,,,,18,,,,9595229,13006627,961,MISCOHC,MISCOHC,,,,,,,,F,,,,,22.,0.,0.,0.,0.,0.,0.,1.,0.,0.,CT1,XDK,3894104,0.,,,,,20240620,73049,20241030,184032,LKOESTERS,2024-07-20 14:34:08,0,2025-04-25 01:21:23,INFAJOB,WMIPHPICK_15_Adhoc_3730955_20240719125822.txt,WMI,fc93e2aeefda4478c286b342e263547e
101663754,20241030,202410,,7002,-7002,80537287,AGC,-961,80537287,80537287,DB,87011000,SOUTHERN GLAZER'S OF TX W -10722102,,15245 HERITAGE PARKWAY,,,FORT WORTH,TX,76177,840,,SOUTHERN GLAZER'S OF TX W -10722102,15245 HERITAGE PARKWAY,,,FORT WORTH,TX,76177,,840,8701-1000,0,,,LTL,,,,Not Assigned To An Outbound Shipment,20240626,0,20241030,0,,,,,,,99,Cancelled,,3,Pickticket Cancelled.,,Y,N,,0,0.,0.,0.,0,0,0.,0.,0.,0,0.,,TL,53,F,0,,,,N N,,,,4,,,,2179873,13026456,961,MISCTXD,MISCTXD,,,,,,,,F,,,,,22.,0.,0.,0.,0.,0.,0.,1.,0.,0.,CT1,XDK,3909535,0.,,,,,20240626,101904,20241030,184050,LKOESTERS,2024-07-20 14:34:08,0,2025-04-25 01:21:23,INFAJOB,WMIPHPICK_15_Adhoc_3730955_20240719125822.txt,WMI,261645a855e443c0af921fb098e03930
100036032,20241030,202410,,7002,-7002,80718621,AGC,-961,80718621,80718621,DB,5901BULK,SOUTHERN GLAZERS OF NE,,13855 CORNHUSKER ROAD,,,OMAHA,NE,68138,840,,SOUTHERN GLAZERS OF NE,13855 CORNHUSKER ROAD,,,OMAHA,NE,68138,,840,5901-BULK,0,,,LTL,,,,Not Assigned To An Outbound Shipment,20240617,0,20241030,0,,,,,,,99,Cancelled,,3,Pickticket Cancelled.,,Y,N,,0,0.,0.,0.,0,0,0.,0.,0.,0,0.,,TL,53,F,0,,,,N N,,,,14,,,,278135,12930629,961,MISCNEO,MISCNEO,,,,,,,,F,,,,,22.,0.,0.,0.,0.,0.,0.,1.,0.,0.,CT1,XDK,3901856,0.,,,,,20240617,122336,20241030,183807,LKOESTERS,2024-07-20 14:34:08,0,2025-04-25 01:21:23,INFAJOB,WMIPHPICK_15_Adhoc_3730955_20240719125822.txt,WMI,33cdb7955a8f42b6ea72a9462b13f47a
102047801,20241030,202410,,7002,-7002,80570334,AGC,-961,80570334,80570334,DB,8001BULK,SOUTHERN GLAZERS OF WA,,1025 VALLEY AVE NW,,,PUYALLUP,WA,98371,840,,SOUTHERN GLAZERS OF WA,1025 VALLEY AVE NW,,,PUYALLUP,WA,98371,,840,8001-BULK,0,,,LTL,,,,Not Assigned To An Outbound Shipment,20240621,0,20241030,0,,,,,,,99,Cancelled,,3,Pickticket Cancelled.,,Y,N,,0,0.,0.,0.,0,0,0.,0.,0.,0,0.,,TL,53,F,0,,,,N N,,,,6,,,,2184675,13035126,961,MISCWAP,MISCWAP,,,,,,,,F,,,,,22.,0.,0.,0.,0.,0.,0.,1.,0.,0.,CT1,XDK,3907063,0.,,,,,20240621,134222,20241030,184032,LKOESTERS,2024-07-20 14:34:08,0,2025-04-25 01:21:23,INFAJOB,WMIPHPICK_15_Adhoc_3730955_20240719125822.txt,WMI,f600ce71733f3be782414f4a9d3baaa9
100854444,20241030,202410,,7002,-7002,80671278,AGC,-961,80671278,80671278,DB,7201LASV,SOUTHERN GLAZERS OF NV - LAS VEGAS,,8400 SOUTH JONES BLVD,,,LAS VEGAS,NV,89139,840,,SOUTHERN GLAZERS OF NV - LAS VEGAS,8400 SOUTH JONES BLVD,,,LAS VEGAS,NV,89139,,840,7201-LASV,0,,,LTL,,,,Not Assigned To An Outbound Shipment,20240619,0,20241030,0,,,,,,,99,Cancelled,,3,Pickticket Cancelled.,,Y,N,,0,0.,0.,0.,0,0,0.,0.,0.,0,0.,,TL,53,F,0,,,,N N,,,,8,,,,428533,12991968,961,MISCNVL,MISCNVL,,,,,,,,F,,,,,22.,0.,0.,0.,0.,0.,0.,1.,0.,0.,CT1,XDK,3911539,0.,,,,,20240619,133220,20241030,183905,LKOESTERS,2024-07-20 14:34:08,0,2025-04-25 01:21:23,INFAJOB,WMIPHPICK_15_Adhoc_3730955_20240719125822.txt,WMI,868576c586241a9965dc25eb84524af6
100425202,20241030,202410,,7002,-7002,80242935,AGC,-961,80242935,80242935,DB,6601KAHU,SOUTHERN GLAZERS OF HI - KAHU,,231 LALO PLACE,,,"KAHULUI, MAUI",HI,96732,840,,SOUTHERN GLAZERS OF HI - KAHU,231 LALO PLACE,,,"KAHULUI, MAUI",HI,96732,,840,6601-KAHU,0,,,LTL,,,,Not Assigned To An Outbound Shipment,20240612,0,20241030,0,,,,,,,99,Cancelled,,3,Pickticket Cancelled.,,Y,N,,0,0.,0.,0.,0,0,0.,0.,0.,0,0.,,TL,53,F,0,,,,N N,,,,2,,,,920691,13016240,961,MISCHIM,MISCHIM,,,,,,,,F,,,,,22.,0.,0.,0.,0.,0.,0.,1.,0.,0.,CT1,XDK,3881556,0.,,,,,20240612,191133,20241030,185415,LKOESTERS,2024-07-20 14:34:08,0,2025-04-25 01:21:23,INFAJOB,WMIPHPICK_15_Adhoc_3730955_20240719125822.txt,WMI,8a68c68c117939bc78c22d09f4b37193
100270837,20241030,202410,,7002,-7002,80602117,AGC,-961,80602117,80602117,DB,87021000,SOUTHERN GLAZER'S OF TX W 512532,,525 CANE ISLAND PARKWAY,,,KATY,TX,77494,840,,SOUTHERN GLAZER'S OF TX W 512532,525 CANE ISLAND PARKWAY,,,KATY,TX,77494,,840,8702-1000,0,,,LTL,,,,Not Assigned To An Outbound Shipment,20240617,0,20241030,0,,,,,,,99,Cancelled,,3,Pickticket Cancelled.,,Y,N,,0,0.,0.,0.,0,0,0.,0.,0.,0,0.,,TL,53,F,0,,,,N N,,,,8,,,,2180193,12920171,961,MISCTXH,MISCTXH,,,,,,,,F,,,,,22.,0.,0.,0.,0.,0.,0.,1.,0.,0.,CT1,XDK,3907789,0.,,,,,20240617,102930,20241030,183957,LKOESTERS,2024-07-20 14:34:08,0,2025-04-25 01:21:23,INFAJOB,WMIPHPICK_15_Adhoc_3730955_20240719125822.txt,WMI,31b27da3bd7d64185adc3dd54da57a4c
99843100,20241030,202410,,7002,-7002,80722721,AGC,-961,80722721,80722721,DB,5401BULK,SOUTHERN GLAZERS OF DE,,615 LAMBSON LANE,,,NEW CASTLE,DE,19720,840,,SOUTHERN GLAZERS OF DE,615 LAMBSON LANE,,,NEW CASTLE,DE,19720,,840,5401-BULK,0,,,LTL,,,,Not Assigned To An Outbound Shipment,20240626,0,20241030,0,,,,,,,99,Cancelled,,3,Pickticket Cancelled.,,Y,N,,0,0.,0.,0.,0,0,0.,0.,0.,0,0.,,TL,53,F,0,,,,N N,,,,14,,,,2111406,12918618,961,MISCMRD,MISCMRD,,,,,,,,F,,,,,22.,0.,0.,0.,0.,0.,0.,1.,0.,0.,CT1,XDK,3913453,0.,,,,,20240626,154323,20241030,183807,LKOESTERS,2024-07-20 14:34:08,0,2025-04-25 01:21:23,INFAJOB,WMIPHPICK_15_Adhoc_3730955_20240719125822.txt,WMI,689c8f097337be9ede79f89b7529bb35
99843621,20241030,202410,,7002,-7002,80332102,AGC,-961,80332102,80332102,DB,7201LASV,SOUTHERN GLAZERS OF NV - LAS VEGAS,,8400 SOUTH JONES BLVD,,,LAS VEGAS,NV,89139,840,,SOUTHERN GLAZERS OF NV - LAS VEGAS,8400 SOUTH JONES BLVD,,,LAS VEGAS,NV,89139,,840,7201-LASV,0,,,LTL,,,,Not Assigned To An Outbound Shipment,20240604,0,20241030,0,,,,,,,99,Cancelled,,3,Pickticket Cancelled.,,Y,N,,0,0.,0.,0.,0,0,0.,0.,0.,0,0.,,TL,53,F,0,,,,N N,,,,11,,,,428533,12991968,961,MISCNVL,MISCNVL,,,,,,,,F,,,,,22.,0.,0.,0.,0.,0.,0.,1.,0.,0.,CT1,XDK,3895077,0.,,,,,20240604,173647,20241030,184326,LKOESTERS,2024-07-20 14:34:08,0,2025-04-25 01:21:23,INFAJOB,WMIPHPICK_15_Adhoc_3730955_20240719125822.txt,WMI,ff649efe935a923af742dd0235ef1163
102529704,20241030,202410,,7002,-7002,80500629,AGC,-961,80500629,80500629,DB,94011000,SOUTHERN GLAZERS OF KS - EDWARDSVI,,1100 BLAKE STREET,,,EDWARDSVILLE,KS,66111,840,,SOUTHERN GLAZERS OF KS - EDWARDSVI,1100 BLAKE STREET,,,EDWARDSVILLE,KS,66111,,840,9401-1000,0,,,LTL,,,,Not Assigned To An Outbound Shipment,20240612,0,20241030,0,,,,,,,99,Cancelled,,3,Pickticket Cancelled.,,Y,N,,0,0.,0.,0.,0,0,0.,0.,0.,0,0.,,TL,53,F,0,,,,N N,,,,11,,,,1865328,12938428,961,MISCKSE,MISCKSE,,,,,,,,F,,,,,22.,0.,0.,0.,0.,0.,0.,1.,0.,0.,CT1,XDK,3903327,0.,,,,,20240612,134814,20241030,184122,LKOESTERS,2024-07-20 14:34:08,0,2025-04-25 01:21:23,INFAJOB,WMIPHPICK_15_Adhoc_3730955_20240719125822.txt,WMI,88718c44bbbe4a485ac6c07c87f5b713
99148691,20241030,202410,,7002,-7002,80394525,AGC,-961,80394525,80394525,DB,87021000,SOUTHERN GLAZER'S OF TX W 512532,,525 CANE ISLAND PARKWAY,,,KATY,TX,77494,840,,SOUTHERN GLAZER'S OF TX W 512532,525 CANE ISLAND PARKWAY,,,KATY,TX,77494,,840,8702-1000,0,,,LTL,,,,Not Assigned To An Outbound Shipment,20240607,0,20241030,0,,,,,,,99,Cancelled,,3,Pickticket Cancelled.,,Y,N,,0,0.,0.,0.,0,0,0.,0.,0.,0,0.,,TL,53,F,0,,,,N N,,,,6,,,,2180193,12920171,961,MISCTXH,MISCTXH,,,,,,,,F,,,,,22.,0.,0.,0.,0.,0.,0.,1.,0.,0.,CT1,XDK,3898324,0.,,,,,20240607,165512,20241030,184240,LKOESTERS,2024-07-20 14:34:08,0,2025-04-25 01:21:23,INFAJOB,WMIPHPICK_15_Adhoc_3730955_20240719125822.txt,WMI,67ca302771787c1355725cd8964ee86f
98932686,20241030,202410,,7002,-7002,80572833,AGC,-961,80572833,80572833,DB,6601KAPO,SOUTHERN GLAZERS OF HI - KAPO,,91 210 HANUA STREET,,,KAPOLEI,HI,96707,840,,SOUTHERN GLAZERS OF HI - KAPO,91 210 HANUA STREET,,,KAPOLEI,HI,96707,,840,6601-KAPO,0,,,LTL,,,,Not Assigned To An Outbound Shipment,20240701,0,20241030,0,,,,,,,99,Cancelled,,3,Pickticket Cancelled.,,Y,N,,0,0.,0.,0.,0,0,0.,0.,0.,0,0.,,TL,53,F,0,,,,N N,,,,13,,,,2402272,13113973,961,MISCHIC,MISCHIC,,,,,,,,F,,,,,22.,0.,0.,0.,0.,0.,0.,1.,0.,0.,CT1,XDK,3903059,0.,,,,,20240701,151116,20241030,183958,LKOESTERS,2024-07-20 14:34:08,0,2025-04-25 01:21:23,INFAJOB,WMIPHPICK_15_Adhoc_3730955_20240719125822.txt,WMI,e7289abd8674303335284d6aa9c4184b
99646938,20241030,202410,,7002,-7002,80773266,AGC,-961,80773266,80773266,DB,6601LIHU,SOUTHERN GLAZERS OF HI -LIHU,,1556 HALEUKANA ST,,,"LIHUE, KAUAI",HI,96766,840,,SOUTHERN GLAZERS OF HI -LIHU,1556 HALEUKANA ST,,,"LIHUE, KAUAI",HI,96766,,840,6601-LIHU,0,,,LTL,,,,Not Assigned To An Outbound Shipment,20240701,0,20241030,0,,,,,,,99,Cancelled,,3,Pickticket Cancelled.,,Y,N,,0,0.,0.,0.,0,0,0.,0.,0.,0,0.,,TL,53,F,0,,,,N N,,,,8,,,,604212,12978507,961,MISCHIK,MISCHIK,,,,,,,,F,,,,,22.,0.,0.,0.,0.,0.,0.,1.,0.,0.,CT1,XDK,3904623,0.,,,,,20240701,143614,20241030,183731,LKOESTERS,2024-07-20 14:34:08,0,2025-04-25 01:21:23,INFAJOB,WMIPHPICK_15_Adhoc_3730955_20240719125822.txt,WMI,f5b620a73c2844a00ed0a10168fa7b67
135108532,20241104,202411,,7002,-7002,83849420,AGC,-961,83849420,83849420,DB,5301BULK,SOUTHERN GLAZER'S OF MD,,SUITE C 7001 QUAD AVENUE,,,ROSEDALE,MD,21237,840,,SOUTHERN GLAZER'S OF MD,SUITE C 7001 QUAD AVENUE,,,ROSEDALE,MD,21237,,840,5301-BULK,0,,,LTL,,,20,Fully Assigned To An Outbound Shipment,20241030,20241030,20241104,152834,241030P0000,N,0,0,0,2,90,Invoiced,,2,Pickticket Completely Invoiced.,,N,N,,0,62532.,62532.,0.,0,27,3026419.2,0.,0.,0,27.,,TL,53,F,5,03,ACTIVITY 3,,N N,,,,7,20241030015,9,All from Reserve,2111406,12918618,961,MISCMRD,MISCMRD,DAY,,,,,,,F,***,,***,,22.,1.,1.,0.,0.,1.,1.,1.,1.,1.,CT1,XDK,4024840,7920.,90,Invoiced Complete,83849420,,20241030,163209,20241104,152834,VRINCON,2024-10-30 01:19:18,0,2025-04-25 01:21:23,INFAJOB,WMIPHPICK_15_AGC_4040736_20241029190041.txt,WMI,1660d25b06dafa153cd2f19f8ba06cd2
167089132,20241105,202411,,7002,-7002,83881020,AGC,-961,83881020,83881020,DB,7202SPAR,SOUTHERN GLAZER'S OF NV - SPARKS,,250 LILLARD,,,SPARKS,NV,89434,840,,SOUTHERN GLAZER'S OF NV - SPARKS,250 LILLARD,,,SPARKS,NV,89434,,840,7202-SPAR,0,,,LTL,,,20,Fully Assigned To An Outbound Shipment,20241031,20241101,20241105,133332,241101P0000,N,0,0,0,2,90,Invoiced,,2,Pickticket Completely Invoiced.,,N,N,,0,53268.,53268.,0.,0,23,2578060.8,0.,0.,0,23.,,TL,53,F,5,03,ACTIVITY 3,,N N,,,,5,20241101029,9,All from Reserve,2133484,13048097,961,MISCNVS,MISCNVS,DAY,,,,,,,F,***,,***,,22.,1.,1.,0.,0.,1.,1.,1.,1.,1.,CT1,XDK,4003168,7920.,90,Invoiced Complete,83881020,,20241031,90331,20241105,133332,AGUERRERO,2024-10-31 01:36:43,0,2025-04-25 01:21:23,INFAJOB,WMIPHPICK_15_AGC_4043934_20241030190037.txt,WMI,3ecc3b68f23721cf1af633338eedee53
144323817,20241105,202411,,7002,-7002,83716745,AGC,-961,83716745,83716745,DB,7801DENV,SOUTHERN GLAZER'S OF CO,,22800 EAST 19TH AVENUE,,,AURORA,CO,80019,840,,SOUTHERN GLAZER'S OF CO,22800 EAST 19TH AVENUE,,,AURORA,CO,80019,,840,7801-DENV,0,,,LTL,,,20,Fully Assigned To An Outbound Shipment,20241023,20241028,20241105,92657,241028P0000,N,0,0,0,2,90,Invoiced,,2,Pickticket Completely Invoiced.,,N,N,,0,53268.,2316.,0.,0,23,2577657.2,0.,0.,0,23.,,TL,53,F,5,03,ACTIVITY 3,,N N,,,,4,20241028029,9,All from Reserve,603892,13173221,961,MISCCOA,MISCCOA,DAY,,,,,,,F,***,,***,,22.,1.,1.,0.,0.,1.,1.,1.,1.,1.,CT1,XDK,3978109,7920.,90,Invoiced Complete,83716745,,20241023,111204,20241105,92657,AGUERRERO,2024-10-24 02:20:01,0,2025-04-25 01:21:23,INFAJOB,WMIPHPICK_15_AGC_4023955_20241023190036.txt,WMI,d8c0c2bde91315dc7d4bcc58e3dbb8c5
150764624,20241107,202411,,7002,-7002,83940912,AGC,-961,83940912,83940912,DB,8001BULK,SOUTHERN GLAZER'S OF WA,,1025 VALLEY AVE NW,,,PUYALLUP,WA,98371,840,,SOUTHERN GLAZER'S OF WA,1025 VALLEY AVE NW,,,PUYALLUP,WA,98371,,840,8001-BULK,0,,,LTL,,,20,Fully Assigned To An Outbound Shipment,20241105,20241106,20241107,101458,241106P0000,N,0,0,0,2,90,Invoiced,,2,Pickticket Completely Invoiced.,,N,N,,0,60216.,2316.,0.,0,26,2914329.6,0.,0.,0,26.,,TL,53,F,5,03,ACTIVITY 3,,N N,,,,4,20241106005,9,All from Reserve,2184675,13035126,961,MISCWAP,MISCWAP,DAY,,,,,,,F,***,,***,,22.,10.,10.,0.,0.,10.,10.,1.,1.,1.,CT1,XDK,4025036,7920.,90,Invoiced Complete,83940912,,20241105,133650,20241107,101458,AGUERRERO,2024-11-02 01:19:34,0,2025-04-25 01:21:23,INFAJOB,WMIPHPICK_15_AGC_4050564_20241101190113.txt,WMI,3acc4b7b05ab7ce657aa505cb35f3fbc
139262600,20241108,202411,,7002,-7002,83482383,AGC,-961,83482383,83482383,DB,92021000,SOUTHERN GLAZERS OF LA - LAFAYETTE,,939 W PONT DES MOUTON RD,,,LAFAYETTE,LA,705074007,840,,SOUTHERN GLAZERS OF LA - LAFAYETTE,939 W PONT DES MOUTON RD,,,LAFAYETTE,LA,705074007,,840,9202-1000,0,,,LTL,,,20,Fully Assigned To An Outbound Shipment,20241015,20241017,20241108,170817,241017P0000,N,0,0,0,2,90,Invoiced,,2,Pickticket Completely Invoiced.,,N,N,,0,64848.,64848.,0.,0,28,3138508.8,0.,0.,0,33.,,TL,53,F,5,03,ACTIVITY 3,,N N,,,,1,20241017010,9,All from Reserve,12685787,12882903,961,MISCLAL,MISCLAL,DAY,,,,,,,F,***,,***,,22.,9.,9.,0.,0.,9.,9.,1.,1.,1.,CT1,XDK,3973256,7920.,90,Invoiced Complete,83482383,,20241015,141116,20241108,170817,LKOESTERS,2024-10-15 01:58:37,0,2025-04-25 01:21:23,INFAJOB,WMIPHPICK_15_AGC_3974612_20241014190034.txt,WMI,8e54da72722043cc242809a725005420
149854495,20241108,202411,,7002,-7002,83849442,AGC,-961,83849442,83849442,DB,2201LOUI,SOUTHERN GLAZER'S OF KY,,2801 CONSTANT COMMENT PLACE,,,LOUISVILLE,KY,40299,840,,SOUTHERN GLAZER'S OF KY,2801 CONSTANT COMMENT PLACE,,,LOUISVILLE,KY,40299,,840,2201-LOUI,0,,,LTL,0002145711,0002145471,10,Partially Assigned To An Outbound Shipment,20241029,20241106,20241108,200019,241106P0000,N,0,0,0,2,90,Invoiced,,2,Pickticket Completely Invoiced.,,N,N,,0,50952.,0.,0.,0,22,2465971.2,0.,0.,0,23.,,TL,53,F,5,03,ACTIVITY 3,,N N,,,,4,20241106015,9,All from Reserve,2213802,12990002,961,MISCLOU,MISCLOU,DAY,,,,,,,F,***,,***,,22.,1.,1.,0.,0.,1.,1.,1.,1.,1.,CT1,XDK,4013739,7920.,90,Invoiced Complete,83849442,,20241029,101900,20241108,200019,AGUERRERO,2024-10-30 01:19:18,0,2025-04-25 01:21:23,INFAJOB,WMIPHPICK_15_AGC_4040736_20241029190041.txt,WMI,57a7c2f064b7f0fafbf625b06c1a4aeb
144140217,20241108,202411,,7002,-7002,83940943,AGC,-961,83940943,83940943,DB,5301BULK,SOUTHERN GLAZER'S OF MD,,SUITE C 7001 QUAD AVENUE,,,ROSEDALE,MD,21237,840,,SOUTHERN GLAZER'S OF MD,SUITE C 7001 QUAD AVENUE,,,ROSEDALE,MD,21237,,840,5301-BULK,0,,,LTL,,,20,Fully Assigned To An Outbound Shipment,20241107,20241107,20241108,134813,241107P0000,N,0,0,0,2,90,Invoiced,,2,Pickticket Completely Invoiced.,,N,N,,0,64848.,64848.,0.,0,28,3138508.8,0.,0.,0,28.,,TL,53,F,5,03,ACTIVITY 3,,N N,,,,12,20241107019,9,All from Reserve,2111406,12918618,961,MISCMRD,MISCMRD,DAY,,,,,,,F,***,,***,,22.,1.,1.,0.,0.,1.,1.,1.,1.,1.,CT1,XDK,4001421,7920.,90,Invoiced Complete,83940943,,20241107,160609,20241108,134813,AGUERRERO,2024-11-02 01:19:34,0,2025-04-25 01:21:23,INFAJOB,WMIPHPICK_15_AGC_4050564_20241101190113.txt,WMI,4e6af8fb7a0caebf4a1ec299485f43bb
128610499,20241113,202411,,7002,-7002,84013451,AGC,-961,84013451,84013451,DB,94011000,SOUTHERN GLAZERS OF KS - EDWARDSVI,,1100 BLAKE STREET,,,EDWARDSVILLE,KS,66111,840,,SOUTHERN GLAZERS OF KS - EDWARDSVI,1100 BLAKE STREET,,,EDWARDSVILLE,KS,66111,,840,9401-1000,0,,,LTL,,,20,Fully Assigned To An Outbound Shipment,20241105,20241108,20241113,112803,241108P0000,N,0,0,0,2,90,Invoiced,,2,Pickticket Completely Invoiced.,,N,N,,0,53268.,53268.,0.,0,23,2578060.8,0.,0.,0,23.,,TL,53,F,5,03,ACTIVITY 3,,N N,,,,8,20241108001,9,All from Reserve,1865328,12938428,961,MISCKSE,MISCKSE,DAY,,,,,,,F,***,,***,,22.,1.,1.,0.,0.,1.,1.,1.,1.,1.,CT1,XDK,4033756,7920.,90,Invoiced Complete,84013451,,20241105,123146,20241113,112803,AGUERRERO,2024-11-06 02:25:27,0,2025-04-25 01:21:23,INFAJOB,WMIPHPICK_15_AGC_4061130_20241105190037.txt,WMI,d143c0b2efab0c63e2f13e785f4ad0ee
153086992,20241113,202411,,7002,-7002,84049377,AGC,-961,84049377,84049377,DB,8201BULK,SOUTHERN GLAZER'S OF OR,,9805 SW BOECKMAN ROAD,,,WILSONVILLE,OR,97070,840,,SOUTHERN GLAZER'S OF OR,9805 SW BOECKMAN ROAD,,,WILSONVILLE,OR,97070,,840,8201-BULK,0,,,LTL,,,20,Fully Assigned To An Outbound Shipment,20241107,20241111,20241113,103935,241111P0000,N,0,0,0,2,90,Invoiced,,2,Pickticket Completely Invoiced.,,N,N,,0,60223.2,60223.2,0.,0,20,2914329.6,0.,0.,0,26.,,TL,53,F,5,03,ACTIVITY 3,,N N,,,,2,20241111016,9,All from Reserve,1292530,13056607,961,MISCORE,MISCORE,DAY,,,,,,,F,***,,***,,22.,12.,12.,0.,0.,12.,12.,1.,1.,1.,CT1,XDK,4011136,7920.,90,Invoiced Complete,84049377,,20241107,170612,20241113,103935,AGUERRERO,2024-11-07 02:36:12,0,2025-04-25 01:21:23,INFAJOB,WMIPHPICK_15_AGC_4064351_20241106190037.txt,WMI,b83ac864fb62307d92ef0e00ead3f980
128755754,20241118,202411,,7002,-7002,84146464,AGC,-961,84146464,84146464,DB,1401BULK,SOUTHERN GLAZER'S OF FL,,4440 OLD TAMPA HIGHWAY,,,LAKELAND,FL,33811,840,,SOUTHERN GLAZER'S OF FL,4440 OLD TAMPA HIGHWAY,,,LAKELAND,FL,33811,,840,1401-BULK,0,,,LTL,,,20,Fully Assigned To An Outbound Shipment,20241111,20241114,20241118,113659,241114P0000,N,0,0,0,2,90,Invoiced,,2,Pickticket Completely Invoiced.,,N,N,,0,90344.4,90344.4,0.,0,22,4371494.4,0.,0.,0,44.,,TL,53,F,5,03,ACTIVITY 3,,N N,,,,6,20241114018,9,All from Reserve,161017,13060051,961,MISCLAK,MISCLAK,DAY,,,,,,,F,***,,***,,22.,1.,1.,0.,0.,1.,1.,1.,1.,1.,CT1,XDK,4031400,7920.,90,Invoiced Complete,84146464,,20241111,110704,20241118,113659,AGUERRERO,2024-11-12 02:17:36,0,2025-04-25 01:21:23,INFAJOB,WMIPHPICK_15_AGC_4078195_20241111190036.txt,WMI,66bcd8743ecf215907dcb1a9c4c1004b
167533533,20241126,202411,,7002,-7002,84244534,AGC,-961,84244534,84244534,DB,6601KAPO,SOUTHERN GLAZER'S OF HI-KAPO,,91 210 HANUA STREET,,,KAPOLEI,HI,96707,840,,SOUTHERN GLAZER'S OF HI-KAPO,91 210 HANUA STREET,,,KAPOLEI,HI,96707,,840,6601-KAPO,0,,,LTL,,,20,Fully Assigned To An Outbound Shipment,20241120,20241122,20241126,171006,241122P0000,N,0,0,0,2,90,Invoiced,,2,Pickticket Completely Invoiced.,,N,N,,0,78744.,78744.,0.,0,34,3811046.4,0.,0.,0,40.,,TL,53,F,5,03,ACTIVITY 3,,N N,,,,9,20241122003,9,All from Reserve,2402272,13113973,961,MISCHIC,MISCHIC,DAY,,,,,,,F,***,,***,,22.,1.,1.,0.,1.,0.,0.,1.,1.,1.,CT1,XDK,4040314,7920.,90,Invoiced Complete,84244534,,20241120,132330,20241126,170856,JLUNA,2024-11-15 02:32:22,0,2025-04-25 01:21:23,INFAJOB,WMIPHPICK_15_AGC_4087861_20241114190036.txt,WMI,f7f36f176777d0dba05b21a9db890787
181944025,20241127,202411,,7002,-7002,84387726,AGC,-961,84387726,84387726,DB,6601KAPO,SOUTHERN GLAZER'S OF HI-KAPO,,91 210 HANUA STREET,,,KAPOLEI,HI,96707,840,,SOUTHERN GLAZER'S OF HI-KAPO,91 210 HANUA STREET,,,KAPOLEI,HI,96707,,840,6601-KAPO,0,,,LTL,,,20,Fully Assigned To An Outbound Shipment,20241120,20241126,20241127,120632,241126P0000,N,0,0,0,2,90,Invoiced,,2,Pickticket Completely Invoiced.,,N,N,,0,2506559.4,2506559.4,0.,0,27,121280947.2,0.,0.,0,1092.,,TL,53,F,5,03,ACTIVITY 3,,N N,,,,1,20241126009,9,All from Reserve,2402272,13113973,961,MISCHIC,MISCHIC,DAY,,,,,,,F,***,,***,,22.,1.,1.,0.,0.,1.,1.,1.,1.,1.,CT1,XDK,4031528,7920.,90,Invoiced Complete,84387726,,20241120,164711,20241127,120632,AGUERRERO,2024-11-21 02:18:17,0,2025-04-25 01:21:23,INFAJOB,WMIPHPICK_15_AGC_4104973_20241120190035.txt,WMI,3a9280f5c76d4277cefac26e78015892
155710876,20241202,202412,,7002,-7002,84494838,AGC,-961,84494838,84494838,DB,7201LASV,SOUTHERN GLAZER'S OF NV - LAS VEGAS,,8400 SOUTH JONES BLVD,,,LAS VEGAS,NV,89139,840,,SOUTHERN GLAZER'S OF NV - LAS VEGAS,8400 SOUTH JONES BLVD,,,LAS VEGAS,NV,89139,,840,7201-LASV,0,,,LTL,,,20,Fully Assigned To An Outbound Shipment,20241125,20241127,20241202,170918,241127P0000,N,0,0,0,2,90,Invoiced,,2,Pickticket Completely Invoiced.,,N,N,,0,1355205.6,1355205.6,0.,0,31,65570801.6,0.,0.,0,631.,,TL,53,F,5,03,ACTIVITY 3,,N N,,,,18,20241127030,9,All from Reserve,428533,12991968,961,MISCNVL,MISCNVL,DAY,,,,,,,F,***,,***,,22.,1.,1.,0.,0.,1.,1.,1.,1.,1.,CT1,XDK,3952680,7920.,90,Invoiced Complete,84494838,,20241125,163606,20241202,170918,AGUERRERO,2024-11-26 02:19:39,0,2025-04-25 01:21:23,INFAJOB,WMIPHPICK_15_AGC_4118758_20241125190037.txt,WMI,0a4ee56bcb7a4c8b8898d4d7422a9df0
215715427,20241203,202412,,7002,-7002,84494832,AGC,-961,84494832,84494832,DB,51011000,SOUTHERN GLAZER'S OF OH 3214991-000,,4800 POTH ROAD,,,COLUMBUS,OH,432131332,840,,SOUTHERN GLAZER'S OF OH 3214991-000,4800 POTH ROAD,,,COLUMBUS,OH,432131332,,840,5101-1000,0,,,LTL,,,20,Fully Assigned To An Outbound Shipment,20241125,20241202,20241203,115849,241202P0000,N,0,0,0,2,90,Invoiced,,2,Pickticket Completely Invoiced.,,N,N,,0,3412351.8,3412351.8,0.,0,26,165107980.8,0.,0.,0,1473.,,TL,53,F,5,03,ACTIVITY 3,,N N,,,,1,20241202004,9,All from Reserve,9595229,13006627,961,MISCOHC,MISCOHC,DAY,,,,,,,F,***,,***,,22.,20.,20.,0.,0.,20.,20.,1.,1.,1.,CT1,XDK,4054981,7920.,90,Invoiced Complete,84494832,,20241125,115951,20241203,115849,AGUERRERO,2024-11-26 02:19:39,0,2025-04-25 01:21:23,INFAJOB,WMIPHPICK_15_AGC_4118758_20241125190037.txt,WMI,32af0b2c386f64d2c42eb87a3cde81e4
188091284,20241203,202412,,7002,-7002,84494795,AGC,-961,84494795,84494795,DB,7801DENV,SOUTHERN GLAZER'S OF CO,,22800 EAST 19TH AVENUE,,,AURORA,CO,80019,840,,SOUTHERN GLAZER'S OF CO,22800 EAST 19TH AVENUE,,,AURORA,CO,80019,,840,7801-DENV,0,,,LTL,,,20,Fully Assigned To An Outbound Shipment,20241125,20241202,20241203,174237,241202P0000,N,0,0,0,2,90,Invoiced,,2,Pickticket Completely Invoiced.,,N,N,,0,1813893.,1813893.,0.,0,23,87766156.8,0.,0.,0,783.,,TL,53,F,5,03,ACTIVITY 3,,N N,,,,3,20241202017,9,All from Reserve,603892,13173221,961,MISCCOA,MISCCOA,DAY,,,,,,,F,***,,***,,22.,3.,3.,0.,0.,3.,3.,1.,1.,1.,CT1,XDK,4047914,7920.,90,Invoiced Complete,84494795,,20241125,134057,20241203,174237,AGUERRERO,2024-11-26 02:19:39,0,2025-04-25 01:21:23,INFAJOB,WMIPHPICK_15_AGC_4118758_20241125190037.txt,WMI,1162cf7d997462e797abcbf56e016134
160329365,20241206,202412,,7002,-7002,84537993,AGC,-961,84537993,84537993,DB,83011000,SOUTHERN GLAZERS OF IA WA 0000085,,4377 112TH STREET,,,URBANDALE,IA,503222073,840,,SOUTHERN GLAZERS OF IA WA 0000085,4377 112TH STREET,,,URBANDALE,IA,503222073,,840,8301-1000,0,,,LTL,,,20,Fully Assigned To An Outbound Shipment,20241127,20241204,20241206,132102,241204P0000,N,0,0,0,2,90,Invoiced,,2,Pickticket Completely Invoiced.,,N,N,,0,2545942.8,493435.2,0.,0,28,123186470.4,0.,0.,0,1136.,,TL,53,F,5,03,ACTIVITY 3,,N N,,,,12,20241204032,9,All from Reserve,9594909,12906807,961,MISCIAU,MISCIAU,DAY,,,,,,,F,***,,***,,22.,40.,40.,0.,0.,40.,40.,1.,1.,1.,CT1,XDK,4051267,7920.,90,Invoiced Complete,84537993,,20241127,135536,20241206,132102,JBENTZ,2024-11-27 02:18:23,0,2025-04-25 01:21:23,INFAJOB,WMIPHPICK_15_AGC_4121981_20241126190036.txt,WMI,b1ae5d66e36f52bd23217793905bfccf
164832607,20241211,202412,,7002,-7002,84702732,AGC,-961,84702732,84702732,DB,3201COLU,SOUTHERN GLAZER'S OF SC,,7600 RICHARD ST,,,COLUMBIA,SC,29209,840,,SOUTHERN GLAZER'S OF SC,7600 RICHARD ST,,,COLUMBIA,SC,29209,,840,3201-COLU,0,,,LTL,,,20,Fully Assigned To An Outbound Shipment,20241204,20241205,20241211,181648,241205P0000,N,0,0,0,2,90,Invoiced,,2,Pickticket Completely Invoiced.,,N,N,,0,2967564.,2967564.,0.,0,25,143568212.,0.,0.,0,1281.,,TL,53,F,5,03,ACTIVITY 3,,N N,,,,2,20241205033,9,All from Reserve,12685467,12945008,961,MISCCOL,MISCCOL,DAY,,,,,,,F,***,,***,,22.,283.,283.,0.,0.,283.,283.,1.,1.,1.,CT1,XDK,4054643,7920.,90,Invoiced Complete,84702732,,20241204,132325,20241211,181648,AGUERRERO,2024-12-05 03:02:53,0,2025-04-25 01:21:23,INFAJOB,WMIPHPICK_15_AGC_4150217_20241204190037.txt,WMI,72a77587a0c7ee01609286eb9805dfba
172560733,20241212,202412,,7002,-7002,84671247,AGC,-961,84671247,84671247,DB,6601KAPO,SOUTHERN GLAZER'S OF HI-KAPO,,91 210 HANUA STREET,,,KAPOLEI,HI,96707,840,,SOUTHERN GLAZER'S OF HI-KAPO,91 210 HANUA STREET,,,KAPOLEI,HI,96707,,840,6601-KAPO,0,,,LTL,,,20,Fully Assigned To An Outbound Shipment,20241203,20241210,20241212,142406,241210P0000,N,0,0,0,2,90,Invoiced,,2,Pickticket Completely Invoiced.,,N,N,,0,1593814.8,1593814.8,0.,0,26,76839972.,0.,0.,0,688.,,TL,53,F,5,03,ACTIVITY 3,,N N,,,,2,20241210026,9,All from Reserve,2402272,13113973,961,MISCHIC,MISCHIC,DAY,,,,,,,F,***,,***,,22.,162.,162.,0.,0.,162.,162.,1.,1.,1.,CT1,XDK,4058649,7920.,90,Invoiced Complete,84671247,,20241203,181423,20241212,142406,AGUERRERO,2024-12-04 02:19:04,0,2025-04-25 01:21:23,INFAJOB,WMIPHPICK_15_AGC_4146993_20241203190036.txt,WMI,80be7c832ff320a6db8be3c5b2f1cdac
140806873,20241213,202412,,7002,-7002,84873827,AGC,-961,84873827,84873827,DB,83011000,SOUTHERN GLAZERS OF IA WA 0000085,,4377 112TH STREET,,,URBANDALE,IA,503222073,840,,SOUTHERN GLAZERS OF IA WA 0000085,4377 112TH STREET,,,URBANDALE,IA,503222073,,840,8301-1000,0,,,LTL,,,20,Fully Assigned To An Outbound Shipment,20241211,20241211,20241213,121742,241211P0000,N,0,0,0,2,90,Invoiced,,2,Pickticket Completely Invoiced.,,N,N,,0,1725864.6,1725864.6,0.,0,24,83246835.2,0.,0.,0,745.,,TL,53,F,5,03,ACTIVITY 3,,N N,,,,7,20241211016,9,All from Reserve,9594909,12906807,961,MISCIAU,MISCIAU,DAY,,,,,,,F,***,,***,,22.,15.,15.,0.,0.,15.,15.,1.,1.,1.,CT1,XDK,4062851,7920.,90,Invoiced Complete,84873827,,20241211,153528,20241213,121742,AGUERRERO,2024-12-12 02:20:10,0,2025-04-25 01:21:23,INFAJOB,WMIPHPICK_15_AGC_4170353_20241211190040.txt,WMI,edca65589683024616438247ed3d72c3
153510896,20241211,202412,,7002,-7002,84494793,AGC,-961,84494793,84494793,DB,7601BULK,SOUTHERN GLAZER'S OF NM,,123 MONTANO RD NW,,,ALBUQUERQUE,NM,87107,840,,SOUTHERN GLAZER'S OF NM,123 MONTANO RD NW,,,ALBUQUERQUE,NM,87107,,840,7601-BULK,0,,,LTL,,,,Not Assigned To An Outbound Shipment,20241125,20241127,20241211,0,241127P0000,,,,,,99,Cancelled,,3,Pickticket Cancelled.,,N,N,,0,16216.2,0.,0.,0,0,781802.,0.,0.,0,908.,,TL,53,F,5,03,ACTIVITY 3,,N N,,,,7,,,,603572,12819236,961,MISCALB,MISCALB,,,,,,,,F,,,,,22.,70.,70.,0.,70.,0.,0.,1.,0.,0.,CT1,XDK,4022557,0.,,,84494793,,20241125,133557,20241211,121338,MCASTANE,2024-11-26 02:19:39,0,2025-04-25 01:21:23,INFAJOB,WMIPHPICK_15_AGC_4118758_20241125190037.txt,WMI,840dd718152222b65c26f405a8f75f7d
165199287,20241216,202412,,7002,-7002,84905959,AGC,-961,84905959,84905959,DB,87021000,SOUTHERN GLAZER'S OF TX W 512532,,525 CANE ISLAND PARKWAY,,,KATY,TX,77494,840,,SOUTHERN GLAZER'S OF TX W 512532,525 CANE ISLAND PARKWAY,,,KATY,TX,77494,,840,8702-1000,0,,,LTL,,,20,Fully Assigned To An Outbound Shipment,20241212,20241212,20241216,154301,241212P0000,N,0,0,0,2,90,Invoiced,,2,Pickticket Completely Invoiced.,,N,N,,0,2675673.,166795.2,0.,0,23,129463488.,0.,0.,0,1155.,,TL,53,F,5,03,ACTIVITY 3,,N N,,,,4,20241212027,9,All from Reserve,2180193,12920171,961,MISCTXH,MISCTXH,DAY,,,,,,,F,***,,***,,22.,10.,10.,0.,0.,10.,10.,1.,1.,1.,CT1,XDK,4072282,7920.,90,Invoiced Complete,84905959,,20241212,173123,20241216,154301,AGUERRERO,2024-12-13 02:37:29,0,2025-04-25 01:21:23,INFAJOB,WMIPHPICK_15_AGC_4173394_20241212190036.txt,WMI,a6792dd47e43a535d7863b0fbcd635bd
140387992,20241217,202412,,7002,-7002,84732638,AGC,-961,84732638,84732638,DB,6601KAPO,SOUTHERN GLAZER'S OF HI-KAPO,,91 210 HANUA STREET,,,KAPOLEI,HI,96707,840,,SOUTHERN GLAZER'S OF HI-KAPO,91 210 HANUA STREET,,,KAPOLEI,HI,96707,,840,6601-KAPO,0,,,LTL,,,20,Fully Assigned To An Outbound Shipment,20241205,20241213,20241217,164933,241213P0000,N,0,0,0,2,90,Invoiced,,2,Pickticket Completely Invoiced.,,N,N,,0,2640924.,2640924.,0.,0,23,127322040.,0.,0.,0,1141.,,TL,53,F,5,03,ACTIVITY 3,,N N,,,,2,20241213025,9,All from Reserve,2402272,13113973,961,MISCHIC,MISCHIC,DAY,,,,,,,F,***,,***,,22.,345.,345.,0.,0.,345.,345.,1.,1.,1.,CT1,XDK,4055563,7920.,90,Invoiced Complete,84732638,,20241205,121940,20241217,164933,AGUERRERO,2024-12-06 02:19:31,0,2025-04-25 01:21:23,INFAJOB,WMIPHPICK_15_AGC_4153308_20241205190036.txt,WMI,c91436548398b07cfe2e1f1ece279a98
204195465,20241218,202412,,7002,-7002,84732727,AGC,-961,84732727,84732727,DB,6601KAPO,SOUTHERN GLAZER'S OF HI-KAPO,,91 210 HANUA STREET,,,KAPOLEI,HI,96707,840,,SOUTHERN GLAZER'S OF HI-KAPO,91 210 HANUA STREET,,,KAPOLEI,HI,96707,,840,6601-KAPO,0,,,LTL,,,20,Fully Assigned To An Outbound Shipment,20241205,20241213,20241218,120603,241213P0000,N,0,0,0,2,90,Invoiced,,2,Pickticket Completely Invoiced.,,N,N,,0,2332813.8,2332813.8,0.,0,26,112467803.6,0.,0.,0,1189.,,TL,53,F,5,03,ACTIVITY 3,,N N,,,,12,20241213003,9,All from Reserve,2402272,13113973,961,MISCHIC,MISCHIC,DAY,,,,,,,F,***,,***,,22.,96.,96.,0.,0.,96.,96.,1.,1.,1.,CT1,XDK,4049499,7920.,90,Invoiced Complete,84732727,,20241205,123141,20241218,120603,AGUERRERO,2024-12-06 02:19:31,0,2025-04-25 01:21:23,INFAJOB,WMIPHPICK_15_AGC_4153308_20241205190036.txt,WMI,2f6d6db96ec15e4793c45b686e51c30b
148251130,20241218,202412,,7002,-7002,84671391,AGC,-961,84671391,84671391,DB,95011000,SOUTHERN GLAZER'S OF MO - RAYMORE M,,1100 S DEAN AVE,,,RAYMORE,MO,64083,840,,SOUTHERN GLAZER'S OF MO - RAYMORE M,1100 S DEAN AVE,,,RAYMORE,MO,64083,,840,9501-1000,0,,,LTL,,,20,Fully Assigned To An Outbound Shipment,20241204,20241205,20241218,105715,241205P0000,N,0,0,0,2,90,Invoiced,,2,Pickticket Completely Invoiced.,,N,N,,0,2705787.,2705787.,0.,0,23,130868184.8,0.,0.,0,1168.,,TL,53,F,5,03,ACTIVITY 3,,N N,,,,5,20241205005,9,All from Reserve,12686107,12910067,961,MISCMOR,MISCMOR,DAY,,,,,,,F,***,,***,,22.,2.,2.,0.,0.,2.,2.,1.,1.,1.,CT1,XDK,4053604,7920.,90,Invoiced Complete,84671391,,20241204,172839,20241218,105715,AGUERRERO,2024-12-04 02:19:04,0,2025-04-25 01:21:23,INFAJOB,WMIPHPICK_15_AGC_4146993_20241203190036.txt,WMI,4c9ca20bb02310046ec7939453b2f778
157424982,20241219,202412,,7002,-7002,84765676,AGC,-961,84765676,84765676,DB,6601KAWA,SOUTHERN GLAZERS OF HI - KAWA,,61 3785 MALUOKALANI PL 12,,,KAWAIHAE,HI,96743,840,,SOUTHERN GLAZERS OF HI - KAWA,61 3785 MALUOKALANI PL 12,,,KAWAIHAE,HI,96743,,840,6601-KAWA,0,,,LTL,0002149348,0002149185,10,Partially Assigned To An Outbound Shipment,20241206,20241217,20241219,134512,241217P0000,N,0,0,0,2,90,Invoiced,,2,Pickticket Completely Invoiced.,,N,N,,0,690336.6,0.,0.,0,28,33282434.8,0.,0.,0,303.,,TL,53,F,5,03,ACTIVITY 3,,N N,,,,16,20241217009,9,All from Reserve,6491230,12907000,961,MISCHIB,MISCHIB,DAY,,,,,,,F,***,,***,,22.,51.,51.,0.,0.,51.,51.,1.,1.,1.,CT1,XDK,4057573,7920.,90,Invoiced Complete,84765676,,20241206,112656,20241219,134512,AGUERRERO,2024-12-07 02:19:15,0,2025-04-25 01:21:23,INFAJOB,WMIPHPICK_15_AGC_4156528_20241206190036.txt,WMI,ecd342f3f98e3eede8f668908a04c8bd
173454844,20241220,202412,,7002,-7002,85003283,AGC,-961,85003283,85003283,DB,93011000,SOUTHERN GLAZERS OF AR 06379,,11101 SMITTY LANE,,,NORTH LITTLE ROCK,AR,721175390,840,,SOUTHERN GLAZERS OF AR 06379,11101 SMITTY LANE,,,NORTH LITTLE ROCK,AR,721175390,,840,9301-1000,0,,,LTL,,,20,Fully Assigned To An Outbound Shipment,20241217,20241218,20241220,213950,241218P0000,N,0,0,0,2,90,Invoiced,,2,Pickticket Completely Invoiced.,,N,N,,0,1315821.6,1315821.6,0.,0,25,63564383.2,0.,0.,0,568.,,TL,53,F,5,03,ACTIVITY 3,,N N,,,,3,20241218010,9,All from Reserve,9594589,13052294,961,MISCARL,MISCARL,DAY,,,,,,,F,***,,***,,22.,1.,1.,0.,0.,1.,1.,1.,1.,1.,CT1,XDK,4068361,7920.,90,Invoiced Complete,85003283,,20241217,140236,20241220,213950,MCASTANE,2024-12-18 02:20:33,0,2025-04-25 01:21:23,INFAJOB,WMIPHPICK_15_AGC_4187236_20241217190037.txt,WMI,92c14d31ef733ab4400c4594f490bd34
172923828,20241224,202412,,7002,-7002,84967098,AGC,-961,84967098,84967098,DB,93011000,SOUTHERN GLAZERS OF AR 06379,,11101 SMITTY LANE,,,NORTH LITTLE ROCK,AR,721175390,840,,SOUTHERN GLAZERS OF AR 06379,11101 SMITTY LANE,,,NORTH LITTLE ROCK,AR,721175390,,840,9301-1000,0,,,LTL,,,20,Fully Assigned To An Outbound Shipment,20241216,20241220,20241224,90536,241220P0000,N,0,0,0,2,90,Invoiced,,2,Pickticket Completely Invoiced.,,N,N,,0,2138214.6,2138214.6,0.,0,33,103086182.8,0.,0.,0,923.,,TL,53,F,5,03,ACTIVITY 3,,N N,,,,1,20241220009,9,All from Reserve,9594589,13052294,961,MISCARL,MISCARL,DAY,,,,,,,F,***,,***,,22.,338.,338.,0.,0.,338.,338.,1.,1.,1.,CT1,XDK,4067881,7920.,90,Invoiced Complete,84967098,,20241216,162456,20241224,90536,AGUERRERO,2024-12-17 02:18:38,0,2025-04-25 01:21:23,INFAJOB,WMIPHPICK_15_AGC_4184010_20241216190037.txt,WMI,e6b76965555f7679ed11a65dcd4f1fa1
163884384,20241224,202412,,7002,-7002,85003300,AGC,-961,85003300,85003300,DB,3501BOLI,SOUTHERN GLAZER'S OF IL,,300 EAST CROSSROADS PARKWAY,,,BOLINGBROOK,IL,60440,840,,SOUTHERN GLAZER'S OF IL,300 EAST CROSSROADS PARKWAY,,,BOLINGBROOK,IL,60440,,840,3501-BOLI,0,,,LTL,,,20,Fully Assigned To An Outbound Shipment,20241220,20241220,20241224,92148,241220P0000,N,0,0,0,2,90,Invoiced,,2,Pickticket Completely Invoiced.,,N,N,,0,2300383.2,2300383.2,0.,0,22,111262998.8,0.,0.,0,993.,,TL,53,F,5,03,ACTIVITY 3,,N N,,,,8,20241220022,9,All from Reserve,2401952,12888203,961,MISCBOL,MISCBOL,DAY,,,,,,,F,***,,***,,22.,28.,28.,0.,0.,28.,28.,1.,1.,1.,CT1,XDK,4066155,7920.,90,Invoiced Complete,85003300,,20241220,120600,20241224,92148,SYOUSEFI,2024-12-19 03:10:02,0,2025-04-25 01:21:23,INFAJOB,WMIPHPICK_15_AGC_4190461_20241218190036.txt,WMI,f709960afcdebfeb3279285023233660
161057672,20241227,202412,,7002,-7002,85033595,AGC,-961,85033595,85033595,DB,92011000,SOUTHERN GLAZERS OF LA - ST. ROSE 7,,111 RIVERBEND DR,,,SAINT ROSE,LA,700873318,840,,SOUTHERN GLAZERS OF LA - ST. ROSE 7,111 RIVERBEND DR,,,SAINT ROSE,LA,700873318,,840,9201-1000,0,,,LTL,,,20,Fully Assigned To An Outbound Shipment,20241218,20241223,20241227,162018,241223P0000,N,0,0,0,2,90,Invoiced,,2,Pickticket Completely Invoiced.,,N,N,,0,2006173.2,2006173.2,0.,0,29,96720077.6,0.,0.,0,866.,,TL,53,F,5,03,ACTIVITY 3,,N N,,,,17,20241223020,9,All from Reserve,604532,12852462,961,MISCLAS,MISCLAS,DAY,,,,,,,F,***,,***,,22.,16.,16.,0.,0.,16.,16.,1.,1.,1.,CT1,XDK,4065932,7920.,90,Invoiced Complete,85033595,,20241218,113716,20241227,162018,AGUERRERO,2024-12-19 03:10:02,0,2025-04-25 01:21:23,INFAJOB,WMIPHPICK_15_AGC_4190461_20241218190036.txt,WMI,fecb9bf306fbcca99d150a1bcce4b66d
146895275,20241230,202412,,7002,-7002,85120852,AGC,-961,85120852,85120852,DB,4501METR,SOUTHERN GLAZERS OF NY - SYOSSET,,345 UNDERHILL BLVD,,,SYOSSET,NY,11791,840,,SOUTHERN GLAZERS OF NY - SYOSSET,345 UNDERHILL BLVD,,,SYOSSET,NY,11791,,840,4501-METR,0,,,LTL,,,20,Fully Assigned To An Outbound Shipment,20241224,20241226,20241230,133057,241226P0000,N,0,0,0,2,90,Invoiced,,2,Pickticket Completely Invoiced.,,N,N,,0,2538990.6,2538990.6,0.,0,28,122407858.,0.,0.,0,1096.,,TL,53,F,5,03,ACTIVITY 3,,N N,,,,3,20241226007,9,All from Reserve,2179553,12855646,961,MISCNYM,MISCNYM,DAY,,,,,,,F,***,,***,,22.,44.,44.,0.,0.,44.,44.,1.,1.,1.,CT1,XDK,4072136,7920.,90,Invoiced Complete,85120852,,20241224,145511,20241230,133057,AGUERRERO,2024-12-24 02:19:16,0,2025-04-25 01:21:23,INFAJOB,WMIPHPICK_15_AGC_4204257_20241223190037.txt,WMI,52aa8386daf854eb4f6ded9bfde302a6
151176196,20241231,202412,,7002,-7002,85142954,AGC,-961,85142954,85142954,DB,8201BULK,SOUTHERN GLAZER'S OF OR,,9805 SW BOECKMAN ROAD,,,WILSONVILLE,OR,97070,840,,SOUTHERN GLAZER'S OF OR,9805 SW BOECKMAN ROAD,,,WILSONVILLE,OR,97070,,840,8201-BULK,0,,,LTL,,,20,Fully Assigned To An Outbound Shipment,20241224,20241227,20241231,82647,241227P0000,N,0,0,0,2,90,Invoiced,,2,Pickticket Completely Invoiced.,,N,N,,0,2719688.4,2719688.4,0.,0,20,131485025.6,0.,0.,0,1174.,,TL,53,F,5,03,ACTIVITY 3,,N N,,,,2,20241227028,9,All from Reserve,1292530,13056607,961,MISCORE,MISCORE,DAY,,,,,,,F,***,,***,,22.,201.,201.,0.,0.,201.,201.,1.,1.,1.,CT1,XDK,4073512,7920.,90,Invoiced Complete,85142954,,20241224,110058,20241231,82647,AGUERRERO,2024-12-25 02:20:10,0,2025-04-25 01:21:23,INFAJOB,WMIPHPICK_15_AGC_4207482_20241224190037.txt,WMI,4533ce3f34f451677871ad1510b31815
158210912,20250102,202501,,7002,-7002,85142952,AGC,-961,85142952,85142952,DB,87021000,SOUTHERN GLAZER'S OF TX W 512532,,525 CANE ISLAND PARKWAY,,,KATY,TX,77494,840,,SOUTHERN GLAZER'S OF TX W 512532,525 CANE ISLAND PARKWAY,,,KATY,TX,77494,,840,8702-1000,0,,,LTL,,,20,Fully Assigned To An Outbound Shipment,20241224,20241227,20250102,124452,241227P0000,N,0,0,0,2,90,Invoiced,,2,Pickticket Completely Invoiced.,,N,N,,0,3319687.2,3319687.2,0.,0,28,160463764.4,0.,0.,0,1433.,,TL,53,F,5,03,ACTIVITY 3,,N N,,,,14,20241227030,9,All from Reserve,2180193,12920171,961,MISCTXH,MISCTXH,DAY,,,,,,,F,***,,***,,22.,10.,10.,0.,0.,10.,10.,1.,1.,1.,CT1,XDK,4049749,7920.,90,Invoiced Complete,85142952,,20241224,115501,20250102,124452,VRINCON,2024-12-25 02:20:10,0,2025-04-25 01:21:23,INFAJOB,WMIPHPICK_15_AGC_4207482_20241224190037.txt,WMI,edb8af4a37070048baf37eebe7fd5a20
222825783,20250102,202501,,7002,-7002,85089458,AGC,-961,85089458,85089458,DB,5601BULK,SOUTHERN GLAZER'S OF MN,,3350 4TH AVENUE EAST,,,SHAKOPEE,MN,55379,840,,SOUTHERN GLAZER'S OF MN,3350 4TH AVENUE EAST,,,SHAKOPEE,MN,55379,,840,5601-BULK,0,,,LTL,,,20,Fully Assigned To An Outbound Shipment,20241220,20241230,20250102,112420,241230P0000,N,0,0,0,2,90,Invoiced,,2,Pickticket Completely Invoiced.,,N,N,,0,2884161.,23166.,0.,0,43,139049074.,0.,0.,0,1322.,,TL,53,F,5,03,ACTIVITY 3,,N N,,,,21,20241230004,9,All from Reserve,12772823,12985326,961,MISCMIN,MISCMIN,DAY,,,,,,,F,***,,***,,22.,1.,1.,0.,0.,1.,1.,1.,1.,1.,CT1,XDK,4061773,7920.,90,Invoiced Complete,85089458,,20241220,152911,20250102,112420,AGUERRERO,2024-12-21 03:20:52,0,2025-04-25 01:21:23,INFAJOB,WMIPHPICK_15_AGC_4196893_20241220190037.txt,WMI,09c213f9c974106caed64770096c491c
151311732,20250103,202501,,7002,-7002,85120881,AGC,-961,85120881,85120881,DB,3201COLU,SOUTHERN GLAZER'S OF SC,,7600 RICHARD ST,,,COLUMBIA,SC,29209,840,,SOUTHERN GLAZER'S OF SC,7600 RICHARD ST,,,COLUMBIA,SC,29209,,840,3201-COLU,0,,,LTL,,,20,Fully Assigned To An Outbound Shipment,20241223,20241226,20250103,154547,241226P0000,N,0,0,0,2,90,Invoiced,,2,Pickticket Completely Invoiced.,,N,N,,0,136666.2,136666.2,0.,0,26,6589482.8,0.,0.,0,59.,,TL,53,F,5,03,ACTIVITY 3,,N N,,,,7,20241226015,9,All from Reserve,12685467,12945008,961,MISCCOL,MISCCOL,DAY,,,,,,,F,***,,***,,22.,11.,11.,0.,0.,11.,11.,1.,1.,1.,CT1,XDK,4058583,7920.,90,Invoiced Complete,85120881,,20241223,123144,20250103,154547,VRINCON,2024-12-24 02:19:16,0,2025-04-25 01:21:23,INFAJOB,WMIPHPICK_15_AGC_4204257_20241223190037.txt,WMI,de6ff57f7bdd4bc3e88d319fdaec12f6
196178403,20250109,202501,,7002,-7002,85290424,AGC,-961,85290424,85290424,DB,7202SPAR,SOUTHERN GLAZERS OF NV - SPARKS,,250 LILLARD,,,SPARKS,NV,89434,840,,SOUTHERN GLAZERS OF NV - SPARKS,250 LILLARD,,,SPARKS,NV,89434,,840,7202-SPAR,0,,,LTL,,,20,Fully Assigned To An Outbound Shipment,20250108,20250109,20250109,181001,250109P0000,N,0,0,0,2,90,Invoiced,,2,Pickticket Completely Invoiced.,,N,N,,0,1825471.8,1825471.8,0.,0,37,88008574.,0.,0.,0,788.,,TL,53,F,5,02,ACTIVITY 2,,N N,,,,21,20250109004,9,All from Reserve,2133484,13048097,961,MISCNVS,MISCNVS,DAY,,,,,,,F,***,,***,,22.,1.,1.,0.,0.,1.,1.,1.,1.,1.,CT1,XDK,4073993,7920.,90,Invoiced Complete,85290424,,20250108,161833,20250109,181001,AGUERRERO,2025-01-04 02:20:28,0,2025-04-25 01:21:23,INFAJOB,WMIPHPICK_15_AGC_4238224_20250103190037.txt,WMI,84d40b7189516f588426998461c44f60
215601655,20250114,202501,,7002,-7002,85443418,AGC,-961,85443418,85443418,DB,7601BULK,SOUTHERN GLAZER'S OF NM,,123 MONTANO RD NW,,,ALBUQUERQUE,NM,87107,840,,SOUTHERN GLAZER'S OF NM,123 MONTANO RD NW,,,ALBUQUERQUE,NM,87107,,840,7601-BULK,0,,,LTL,,,20,Fully Assigned To An Outbound Shipment,20250110,20250110,20250114,182833,250110P0000,N,0,0,0,2,90,Invoiced,,2,Pickticket Completely Invoiced.,,N,N,,0,2154438.,2154438.,0.,0,24,104220322.8,0.,0.,0,930.,,TL,53,F,5,03,ACTIVITY 3,,N N,,,,16,20250110006,9,All from Reserve,603572,12819236,961,MISCALB,MISCALB,DAY,,,,,,,F,***,,***,,22.,7.,7.,0.,0.,7.,7.,1.,1.,1.,CT1,XDK,4085329,7920.,90,Invoiced Complete,85443418,,20250110,110126,20250114,182833,AGUERRERO,2025-01-11 02:27:05,0,2025-04-25 01:21:23,INFAJOB,WMIPHPICK_15_AGC_4258506_20250110190037.txt,WMI,0184b2c63f6f84e9c9541b995c3eb9d7
195742097,20250116,202501,,7002,-7002,85475787,AGC,-961,85475787,85475787,DB,87021000,SOUTHERN GLAZER'S OF TX W 512532,,525 CANE ISLAND PARKWAY,,,KATY,TX,77494,840,,SOUTHERN GLAZER'S OF TX W 512532,525 CANE ISLAND PARKWAY,,,KATY,TX,77494,,840,8702-1000,0,,,LTL,,,20,Fully Assigned To An Outbound Shipment,20250113,20250113,20250116,143648,250113P0000,N,0,0,0,2,90,Invoiced,,2,Pickticket Completely Invoiced.,,N,N,,0,3979918.2,3979918.2,0.,0,23,191876548.4,0.,0.,0,1718.,,TL,53,F,5,03,ACTIVITY 3,,N N,,,,5,20250113019,9,All from Reserve,2180193,12920171,961,MISCTXH,MISCTXH,DAY,,,,,,,F,***,,***,,22.,1.,1.,0.,0.,1.,1.,1.,1.,1.,CT1,XDK,4084761,7920.,90,Invoiced Complete,85475787,,20250113,105540,20250116,143648,AGUERRERO,2025-01-14 02:20:53,0,2025-04-25 01:21:23,INFAJOB,WMIPHPICK_15_AGC_4265675_20250113190036.txt,WMI,d005c8ca3b760364d0371f110027ba3d
183528571,20250116,202501,,7002,-7002,85475730,AGC,-961,85475730,85475730,DB,77011000,SOUTHERN GLAZERS OF TN,,6290 SHELBY VIEW DR,,,MEMPHIS,TN,381347662,840,,SOUTHERN GLAZERS OF TN,6290 SHELBY VIEW DR,,,MEMPHIS,TN,381347662,,840,7701-1000,0,,,LTL,,,20,Fully Assigned To An Outbound Shipment,20250113,20250113,20250116,142905,250113P0000,N,0,0,0,2,90,Invoiced,,2,Pickticket Completely Invoiced.,,N,N,,0,2344398.,2344398.,0.,0,26,113026232.8,0.,0.,0,1012.,,TL,53,F,5,03,ACTIVITY 3,,N N,,,,3,20250113020,9,All from Reserve,6491550,12968114,961,MISCTEN,MISCTEN,DAY,,,,,,,F,***,,***,,22.,145.,145.,0.,0.,145.,145.,1.,1.,1.,CT1,XDK,4086985,7920.,90,Invoiced Complete,85475730,,20250113,110740,20250116,142905,AGUERRERO,2025-01-14 02:20:53,0,2025-04-25 01:21:23,INFAJOB,WMIPHPICK_15_AGC_4265675_20250113190036.txt,WMI,bcb3d0824db2f56c1fde64ab69fb3c8e
155684994,20250116,202501,,7002,-7002,85475765,AGC,-961,85475765,85475765,DB,83011000,SOUTHERN GLAZERS OF IA WA 0000085,,4377 112TH STREET,,,URBANDALE,IA,503222073,840,,SOUTHERN GLAZERS OF IA WA 0000085,4377 112TH STREET,,,URBANDALE,IA,503222073,,840,8301-1000,0,,,LTL,,,20,Fully Assigned To An Outbound Shipment,20250114,20250115,20250116,142153,250115P0000,N,0,0,0,2,90,Invoiced,,2,Pickticket Completely Invoiced.,,N,N,,0,1899608.4,1899608.4,0.,0,27,91582522.4,0.,0.,0,820.,,TL,53,F,5,03,ACTIVITY 3,,N N,,,,15,20250115001,9,All from Reserve,9594909,12906807,961,MISCIAU,MISCIAU,DAY,,,,,,,F,***,,***,,22.,57.,57.,0.,0.,57.,57.,1.,1.,1.,CT1,XDK,4068454,7920.,90,Invoiced Complete,85475765,,20250114,121000,20250116,142153,AGUERRERO,2025-01-14 02:20:53,0,2025-04-25 01:21:23,INFAJOB,WMIPHPICK_15_AGC_4265675_20250113190036.txt,WMI,2e96672222e1b6348ffa5f037ba8af52
209754825,20250117,202501,,7002,-7002,85033661,AGC,-961,85033661,85033661,DB,6601KAPO,SOUTHERN GLAZER'S OF HI-KAPO,,91 210 HANUA STREET,,,KAPOLEI,HI,96707,840,,SOUTHERN GLAZER'S OF HI-KAPO,91 210 HANUA STREET,,,KAPOLEI,HI,96707,,840,6601-KAPO,0,,,LTL,,,20,Fully Assigned To An Outbound Shipment,20241219,20241226,20250117,170821,241226P0000,N,0,0,0,2,90,Invoiced,,2,Pickticket Completely Invoiced.,,N,N,,0,3996133.8,3996133.8,0.,0,27,192658350.8,0.,0.,0,1725.,,TL,53,F,5,03,ACTIVITY 3,,N N,,,,9,20241226025,9,All from Reserve,2402272,13113973,961,MISCHIC,MISCHIC,DAY,,,,,,,F,***,,***,,22.,13.,13.,0.,0.,13.,13.,1.,1.,1.,CT1,XDK,4060800,7920.,90,Invoiced Complete,85033661,,20241219,120942,20250117,170821,VRINCON,2024-12-19 03:10:02,0,2025-04-25 01:21:23,INFAJOB,WMIPHPICK_15_AGC_4190461_20241218190036.txt,WMI,b715a815ddd4eb60c9079640a14f0633
165383176,20250120,202501,,7002,-7002,85272572,AGC,-961,85272572,85272572,DB,2201LOUI,SOUTHERN GLAZER'S OF KY,,2801 CONSTANT COMMENT PLACE,,,LOUISVILLE,KY,40299,840,,SOUTHERN GLAZER'S OF KY,2801 CONSTANT COMMENT PLACE,,,LOUISVILLE,KY,40299,,840,2201-LOUI,0,,,LTL,,,20,Fully Assigned To An Outbound Shipment,20250102,20250109,20250120,113526,250109P0000,N,0,0,0,2,90,Invoiced,,2,Pickticket Completely Invoiced.,,N,N,,0,2015437.2,2015437.2,0.,0,27,97166823.2,0.,0.,0,870.,,TL,53,F,5,03,ACTIVITY 3,,N N,,,,9,20250109029,9,All from Reserve,2213802,12990002,961,MISCLOU,MISCLOU,DAY,,,,,,,F,***,,***,,22.,1.,1.,0.,0.,1.,1.,1.,1.,1.,CT1,XDK,4064569,7920.,90,Invoiced Complete,85272572,,20250102,155122,20250120,113526,AGUERRERO,2025-01-03 03:03:14,0,2025-04-25 01:21:23,INFAJOB,WMIPHPICK_15_AGC_4235004_20250102190040.txt,WMI,34edb94f544e005ec94e21572be62966
173433603,20250124,202501,,7002,-7002,85539757,AGC,-961,85539757,85539757,DB,93011000,SOUTHERN GLAZERS OF AR 06379,,11101 SMITTY LANE,,,NORTH LITTLE ROCK,AR,721175390,840,,SOUTHERN GLAZERS OF AR 06379,11101 SMITTY LANE,,,NORTH LITTLE ROCK,AR,721175390,,840,9301-1000,0,,,LTL,,,20,Fully Assigned To An Outbound Shipment,20250115,20250116,20250124,211018,250116P0000,N,0,0,0,2,90,Invoiced,,2,Pickticket Completely Invoiced.,,N,N,,0,667167.,667167.,0.,0,31,32170415.6,0.,0.,0,289.,,TL,53,F,5,03,ACTIVITY 3,,N N,,,,1,20250116013,9,All from Reserve,9594589,13052294,961,MISCARL,MISCARL,DAY,,,,,,,F,***,,***,,22.,1.,1.,0.,1.,0.,0.,1.,1.,1.,CT1,XDK,4067840,7920.,90,Invoiced Complete,85539757,,20250115,124921,20250124,121313,SYOUSEFI,2025-01-16 03:15:41,0,2025-04-25 01:21:23,INFAJOB,WMIPHPICK_15_AGC_4272119_20250115190037.txt,WMI,54bb36aa71566161dd6c03aa857fbed1
152563443,20250128,202501,,7002,-7002,85601559,AGC,-961,85601559,85601559,DB,7601BULK,SOUTHERN GLAZER'S OF NM,,123 MONTANO RD NW,,,ALBUQUERQUE,NM,87107,840,,SOUTHERN GLAZER'S OF NM,123 MONTANO RD NW,,,ALBUQUERQUE,NM,87107,,840,7601-BULK,0,,,LTL,,,20,Fully Assigned To An Outbound Shipment,20250117,20250127,20250128,172353,250127P0000,N,0,0,0,2,90,Invoiced,,2,Pickticket Completely Invoiced.,,N,N,,0,507322.2,6948.,0.,0,26,24459242.8,0.,0.,0,219.,,TL,53,F,5,03,ACTIVITY 3,,N N,,,,6,20250127004,9,All from Reserve,603572,12819236,961,MISCALB,MISCALB,DAY,,,,,,,F,***,,***,,22.,2.,2.,0.,0.,2.,2.,1.,1.,1.,CT1,XDK,4093034,7920.,90,Invoiced Complete,85601559,,20250117,103852,20250128,172353,AGUERRERO,2025-01-18 03:06:37,0,2025-04-25 01:21:23,INFAJOB,WMIPHPICK_15_AGC_4278548_20250117190036.txt,WMI,5034c8089d6dbdf88934ab97248283cd
184458358,20250129,202501,,7002,-7002,85694190,AGC,-961,85694190,85694190,DB,7202SPAR,SOUTHERN GLAZER'S OF NV - SPARKS,,250 LILLARD,,,SPARKS,NV,89434,840,,SOUTHERN GLAZER'S OF NV - SPARKS,250 LILLARD,,,SPARKS,NV,89434,,840,7202-SPAR,0,,,LTL,,,20,Fully Assigned To An Outbound Shipment,20250124,20250127,20250129,103139,250127P0000,N,0,0,0,2,90,Invoiced,,2,Pickticket Completely Invoiced.,,N,N,,0,94965.,41697.,0.,0,27,4579136.4,0.,0.,0,41.,,TL,53,F,5,03,ACTIVITY 3,,N N,,,,8,20250127010,9,All from Reserve,2133484,13048097,961,MISCNVS,MISCNVS,DAY,,,,,,,F,***,,***,,22.,1.,1.,0.,0.,1.,1.,1.,1.,1.,CT1,XDK,4093121,7920.,90,Invoiced Complete,85694190,,20250124,162914,20250129,103139,AGUERRERO,2025-01-23 02:57:54,0,2025-04-25 01:21:23,INFAJOB,WMIPHPICK_15_AGC_4292279_20250122190038.txt,WMI,c320ef5285a392484e60b952fe61870a
153794442,20250129,202501,,7002,-7002,85792221,AGC,-961,85792221,85792221,DB,8201BULK,SOUTHERN GLAZER'S OF OR,,9805 SW BOECKMAN ROAD,,,WILSONVILLE,OR,97070,840,,SOUTHERN GLAZER'S OF OR,9805 SW BOECKMAN ROAD,,,WILSONVILLE,OR,97070,,840,8201-BULK,0,,,LTL,,,20,Fully Assigned To An Outbound Shipment,20250127,20250128,20250129,180111,250128P0000,N,0,0,0,2,90,Invoiced,,2,Pickticket Completely Invoiced.,,N,N,,0,1118909.4,1118909.4,0.,0,25,53944343.6,0.,0.,0,483.,,TL,53,F,5,03,ACTIVITY 3,,N N,,,,5,20250128005,9,All from Reserve,1292530,13056607,961,MISCORE,MISCORE,DAY,,,,,,,F,***,,***,,22.,143.,143.,0.,0.,143.,143.,1.,1.,1.,CT1,XDK,4102752,7920.,90,Invoiced Complete,85792221,,20250127,154324,20250129,180111,AGUERRERO,2025-01-28 03:21:14,0,2025-04-25 01:21:23,INFAJOB,WMIPHPICK_15_AGC_4306236_20250127190038.txt,WMI,1bd3599cc165fd8ccf07be05759f0c6b
189658664,20250210,202502,,7002,-7002,85959522,AGC,-961,85959522,85959522,DB,87011000,SOUTHERN GLAZER'S OF TX W -10722102,,15245 HERITAGE PARKWAY,,,FORT WORTH,TX,76177,840,,SOUTHERN GLAZER'S OF TX W -10722102,15245 HERITAGE PARKWAY,,,FORT WORTH,TX,76177,,840,8701-1000,0,,,LTL,,,20,Fully Assigned To An Outbound Shipment,20250203,20250205,20250210,120645,250205P0000,N,0,0,0,2,90,Invoiced,,2,Pickticket Completely Invoiced.,,N,N,,0,1908874.8,1908874.8,0.,0,26,92029266.4,0.,0.,0,824.,,TL,53,F,5,03,ACTIVITY 3,,N N,,,,10,20250205040,9,All from Reserve,2179873,13026456,961,MISCTXD,MISCTXD,DAY,,,,,,,F,***,,***,,22.,80.,80.,0.,0.,80.,80.,1.,1.,1.,CT1,XDK,3984608,7920.,90,Invoiced Complete,85959522,,20250203,192508,20250210,120645,AGUERRERO,2025-02-04 02:17:14,0,2025-04-25 01:21:23,INFAJOB,WMIPHPICK_15_AGC_4325965_20250203190038.txt,WMI,0b98f03aa956d31af49f464bed4e7189
177875387,20250210,202502,,7002,-7002,85959400,AGC,-961,85959400,85959400,DB,4601SL01,SOUTHERN GLAZERS OF NY - UPSTATE,,3063 COURT STREET,,,SYRACUSE,NY,13208,840,,SOUTHERN GLAZERS OF NY - UPSTATE,3063 COURT STREET,,,SYRACUSE,NY,13208,,840,4601-SL01,0,,,LTL,,,20,Fully Assigned To An Outbound Shipment,20250204,20250207,20250210,193201,250207P0000,N,0,0,0,2,90,Invoiced,,2,Pickticket Completely Invoiced.,,N,N,,0,2038602.6,16215.6,0.,0,28,98283683.6,0.,0.,0,880.,,TL,53,F,5,03,ACTIVITY 3,,N N,,,,3,20250207010,9,All from Reserve,2207720,12980385,961,MISCNYU,MISCNYU,DAY,,,,,,,F,***,,***,,22.,1.,1.,0.,0.,1.,1.,1.,1.,1.,CT1,XDK,4102509,7920.,90,Invoiced Complete,85959400,,20250204,103458,20250210,193201,AGUERRERO,2025-02-04 02:17:14,0,2025-04-25 01:21:23,INFAJOB,WMIPHPICK_15_AGC_4325965_20250203190038.txt,WMI,caa28ff4acaeeaf1bdb3960444122382
175322567,20250211,202502,,7002,-7002,85855681,AGC,-961,85855681,85855681,DB,5601BULK,SOUTHERN GLAZER'S OF SD,,3350 4TH AVENUE EAST,,,SHAKOPEE,MN,55379,840,,SOUTHERN GLAZER'S OF SD,3350 4TH AVENUE EAST,,,SHAKOPEE,MN,55379,,840,5601-BULK,0,,,LTL,,,20,Fully Assigned To An Outbound Shipment,20250129,20250210,20250211,161058,250210P0000,N,0,0,0,2,90,Invoiced,,2,Pickticket Completely Invoiced.,,N,N,,0,2172964.8,2172964.8,0.,0,42,104761472.,0.,0.,0,985.,,TL,53,F,5,03,ACTIVITY 3,,N N,,,,18,20250210020,9,All from Reserve,12772823,12985326,961,MISCMIN,MISCMIN,DAY,,,,,,,F,***,,***,,22.,2.,2.,0.,0.,2.,2.,1.,1.,1.,CT1,XDK,4106886,7920.,90,Invoiced Complete,85855681,,20250129,121520,20250211,161058,AGUERRERO,2025-01-30 02:19:17,0,2025-04-25 01:21:23,INFAJOB,WMIPHPICK_15_AGC_4312602_20250129190038.txt,WMI,679c562f4af96e0d917c74d09a2deca8
176526974,20250211,202502,,7002,-7002,86058813,AGC,-961,86058813,86058813,DB,7801DENV,SOUTHERN GLAZER'S OF CO,,22800 EAST 19TH AVENUE,,,AURORA,CO,80019,840,,SOUTHERN GLAZER'S OF CO,22800 EAST 19TH AVENUE,,,AURORA,CO,80019,,840,7801-DENV,0,,,LTL,,,20,Fully Assigned To An Outbound Shipment,20250206,20250207,20250211,104113,250207P0000,N,0,0,0,2,90,Invoiced,,2,Pickticket Completely Invoiced.,,N,N,,0,2677989.6,2677989.6,0.,0,22,129575577.6,0.,0.,0,1201.,,TL,53,F,5,03,ACTIVITY 3,,N N,,,,1,20250207018,9,All from Reserve,603892,13173221,961,MISCCOA,MISCCOA,DAY,,,,,,,F,***,,***,,22.,2.,2.,0.,0.,2.,2.,1.,1.,1.,CT1,XDK,4073069,7920.,90,Invoiced Complete,86058813,,20250206,144120,20250211,104113,AGUERRERO,2025-02-07 02:19:54,0,2025-04-25 01:21:23,INFAJOB,WMIPHPICK_15_AGC_4334659_20250206191233.txt,WMI,988acf71b850b747ba76850189f7f78d
173668750,20250213,202502,,7002,-7002,85414363,AGC,-961,85414363,85414363,DB,6601KAWA,SOUTHERN GLAZERS OF HI - KAWA,,61 3785 MALUOKALANI PL 12,,,KAWAIHAE,HI,96743,840,,SOUTHERN GLAZERS OF HI - KAWA,61 3785 MALUOKALANI PL 12,,,KAWAIHAE,HI,96743,,840,6601-KAWA,0,,,LTL,,,20,Fully Assigned To An Outbound Shipment,20250115,20250116,20250213,112637,250116P0000,N,0,0,0,2,90,Invoiced,,2,Pickticket Completely Invoiced.,,N,N,,0,1216212.,1216212.,0.,0,20,58635152.,0.,0.,0,525.,,TL,53,F,5,03,ACTIVITY 3,,N N,,,,4,20250116009,9,All from Reserve,6491230,12907000,961,MISCHIB,MISCHIB,DAY,,,,,,,F,***,,***,,22.,40.,40.,0.,0.,40.,40.,1.,1.,1.,CT1,XDK,4091908,7920.,90,Invoiced Complete,85414363,,20250115,114917,20250213,112637,VRINCON,2025-01-10 02:25:19,0,2025-04-25 01:21:23,INFAJOB,WMIPHPICK_15_AGC_4255285_20250109190037.txt,WMI,dde46b0cf79701492b43a0a5e7a9fe79
205145951,20250217,202502,,7002,-7002,86189607,AGC,-961,86189607,86189607,DB,6601KAHU,SOUTHERN GLAZERS OF HI - KAHU,,231 LALO PLACE,,,"KAHULUI, MAUI",HI,96732,840,,SOUTHERN GLAZERS OF HI - KAHU,231 LALO PLACE,,,"KAHULUI, MAUI",HI,96732,,840,6601-KAHU,0,,,LTL,,,20,Fully Assigned To An Outbound Shipment,20250212,20250213,20250217,134149,250213P0000,N,0,0,0,2,90,Invoiced,,2,Pickticket Completely Invoiced.,,N,N,,0,3062545.2,0.,0.,0,21,147710642.8,0.,0.,0,1322.,,TL,53,F,5,03,ACTIVITY 3,,N N,,,,6,20250213002,9,All from Reserve,920691,13016240,961,MISCHIM,MISCHIM,DAY,,,,,,,F,***,,***,,22.,1169.,1169.,0.,0.,1169.,1169.,1.,1.,1.,CT1,XDK,4094504,7920.,90,Invoiced Complete,86189607,,20250212,170408,20250217,134149,AGUERRERO,2025-02-13 02:19:13,0,2025-04-25 01:21:23,INFAJOB,WMIPHPICK_15_AGC_4351312_20250212190039.txt,WMI,3e21414bbd54d72e6fecbdb05614d8cd
190792664,20250219,202502,,7002,-7002,86189834,AGC,-961,86189834,86189834,DB,5601BULK,SOUTHERN GLAZER'S OF MN,,3350 4TH AVENUE EAST,,,SHAKOPEE,MN,55379,840,,SOUTHERN GLAZER'S OF MN,3350 4TH AVENUE EAST,,,SHAKOPEE,MN,55379,,840,5601-BULK,0,,,LTL,,,20,Fully Assigned To An Outbound Shipment,20250212,20250212,20250219,103229,250212P0000,N,0,0,0,2,90,Invoiced,,2,Pickticket Completely Invoiced.,,N,N,,0,3046329.,3046329.,0.,0,33,147205710.4,0.,0.,0,1315.,,TL,53,F,5,03,ACTIVITY 3,,N N,,,,9,20250212032,9,All from Reserve,12772823,12985326,961,MISCMIN,MISCMIN,DAY,,,,,,,F,***,,***,,22.,148.,148.,0.,0.,148.,148.,1.,1.,1.,CT1,XDK,4119887,7920.,90,Invoiced Complete,86189834,,20250212,175041,20250219,103229,MCERTEZA,2025-02-13 02:19:13,0,2025-04-25 01:21:23,INFAJOB,WMIPHPICK_15_AGC_4351312_20250212190039.txt,WMI,c5beb93cf5dad7c6f21e1b6a8f5b914d
164200824,20250219,202502,,7002,-7002,86287324,AGC,-961,86287324,86287324,DB,7202SPAR,SOUTHERN GLAZERS OF NV - SPARKS,,250 LILLARD,,,SPARKS,NV,89434,840,,SOUTHERN GLAZERS OF NV - SPARKS,250 LILLARD,,,SPARKS,NV,89434,,840,7202-SPAR,0,,,LTL,,,20,Fully Assigned To An Outbound Shipment,20250217,20250217,20250219,165948,250217P0000,N,0,0,0,2,90,Invoiced,,2,Pickticket Completely Invoiced.,,N,N,,0,2045554.8,2045554.8,0.,0,23,98618740.,0.,0.,0,911.,,TL,53,F,5,03,ACTIVITY 3,,N N,,,,4,20250217028,9,All from Reserve,2133484,13048097,961,MISCNVS,MISCNVS,DAY,,,,,,,F,***,,***,,22.,28.,28.,0.,28.,0.,0.,1.,1.,1.,CT1,XDK,4099871,7920.,90,Invoiced Complete,86287324,,20250217,173101,20250219,165840,MCERTEZA,2025-02-18 02:18:15,0,2025-04-25 01:21:23,INFAJOB,WMIPHPICK_15_AGC_4364908_20250217190039.txt,WMI,0e93963fe01cce16bd7caf76b585db37
191692782,20250224,202502,,7002,-7002,86221402,AGC,-961,86221402,86221402,DB,77011000,SOUTHERN GLAZERS OF TN,,6290 SHELBY VIEW DR,,,MEMPHIS,TN,381347662,840,,SOUTHERN GLAZERS OF TN,6290 SHELBY VIEW DR,,,MEMPHIS,TN,381347662,,840,7701-1000,0,,,LTL,,,20,Fully Assigned To An Outbound Shipment,20250214,20250218,20250224,110204,250218P0000,N,0,0,0,2,90,Invoiced,,2,Pickticket Completely Invoiced.,,N,N,,0,1276441.8,1276441.8,0.,0,28,61538989.2,0.,0.,0,589.,,TL,53,F,5,03,ACTIVITY 3,,N N,,,,6,20250218055,9,All from Reserve,6491550,12968114,961,MISCTEN,MISCTEN,DAY,,,,,,,F,***,,***,,22.,110.,110.,0.,0.,110.,110.,1.,1.,1.,CT1,XDK,4101288,7920.,90,Invoiced Complete,86221402,,20250214,83919,20250224,110204,MCERTEZA,2025-02-14 02:19:46,0,2025-04-25 01:21:23,INFAJOB,WMIPHPICK_15_AGC_4354457_20250213190040.txt,WMI,e65238400812c5d0182ce0f9414ed5bd
212530089,20250227,202502,,7002,-7002,86390238,AGC,-961,86390238,86390238,DB,5201BULK,SOUTHERN GLAZER'S OF AZ,,2375 S 45TH AVE,,,PHOENIX,AZ,85043,840,,SOUTHERN GLAZER'S OF AZ,2375 S 45TH AVE,,,PHOENIX,AZ,85043,,840,5201-BULK,0,,,LTL,,,20,Fully Assigned To An Outbound Shipment,20250220,20250225,20250227,194745,250225P0000,N,0,0,0,2,90,Invoiced,,2,Pickticket Completely Invoiced.,,N,N,,0,2555209.8,2555209.8,0.,0,18,123189658.,0.,0.,0,1103.,,TL,53,F,5,03,ACTIVITY 3,,N N,,,,4,20250225006,9,All from Reserve,2028527,12886643,961,MISCPHX,MISCPHX,DAY,,,,,,,F,***,,***,,22.,420.,420.,0.,0.,420.,420.,1.,1.,1.,CT1,XDK,4116058,7920.,90,Invoiced Complete,86390238,,20250220,121912,20250227,194745,AGUERRERO,2025-02-21 02:21:17,0,2025-04-25 01:21:23,INFAJOB,WMIPHPICK_15_AGC_4374320_20250220190039.txt,WMI,df18e4ae4c7cc739d53d4c496eb0de69
198890551,20250227,202502,,7002,-7002,86390355,AGC,-961,86390355,86390355,DB,6601KAPO,SOUTHERN GLAZER'S OF HI-KAPO,,91 210 HANUA STREET,,,KAPOLEI,HI,96707,840,,SOUTHERN GLAZER'S OF HI-KAPO,91 210 HANUA STREET,,,KAPOLEI,HI,96707,,840,6601-KAPO,0,,,LTL,,,20,Fully Assigned To An Outbound Shipment,20250220,20250225,20250227,194532,250225P0000,N,0,0,0,2,90,Invoiced,,2,Pickticket Completely Invoiced.,,N,N,,0,657914.4,657914.4,0.,0,6,31718824.,0.,0.,0,284.,,TL,53,F,5,03,ACTIVITY 3,,N N,,,,1,20250225034,9,All from Reserve,2402272,13113973,961,MISCHIC,MISCHIC,DAY,,,,,,,F,***,,***,,22.,284.,284.,0.,0.,284.,284.,1.,1.,1.,CT1,XDK,4084497,7920.,90,Invoiced Complete,86390355,,20250220,151923,20250227,194532,MCERTEZA,2025-02-21 02:21:17,0,2025-04-25 01:21:23,INFAJOB,WMIPHPICK_15_AGC_4374320_20250220190039.txt,WMI,2a2b7de5b6c16344bde2c2e3167be165
211445381,20250227,202502,,7002,-7002,86390312,AGC,-961,86390312,86390312,DB,6601KAPO,SOUTHERN GLAZER'S OF HI-KAPO,,91 210 HANUA STREET,,,KAPOLEI,HI,96707,840,,SOUTHERN GLAZER'S OF HI-KAPO,91 210 HANUA STREET,,,KAPOLEI,HI,96707,,840,6601-KAPO,0,,,LTL,,,20,Fully Assigned To An Outbound Shipment,20250220,20250225,20250227,195248,250225P0000,N,0,0,0,2,90,Invoiced,,2,Pickticket Completely Invoiced.,,N,N,,0,2668723.2,0.,0.,0,22,128662272.,0.,0.,0,1152.,,TL,53,F,5,03,ACTIVITY 3,,N N,,,,1,20250225030,9,All from Reserve,2402272,13113973,961,MISCHIC,MISCHIC,DAY,,,,,,,F,***,,***,,22.,409.,409.,0.,0.,409.,409.,1.,1.,1.,CT1,XDK,4105372,7920.,90,Invoiced Complete,86390312,,20250220,151923,20250227,195248,MCERTEZA,2025-02-21 02:21:17,0,2025-04-25 01:21:23,INFAJOB,WMIPHPICK_15_AGC_4374320_20250220190039.txt,WMI,50d7d9cbb2ba5cd46c42aab5661642ec
199434321,20250228,202502,,7002,-7002,86404491,AGC,-961,86404491,86404491,DB,51011000,SOUTHERN GLAZER'S OF OH 3214991-000,,4800 POTH ROAD,,,COLUMBUS,OH,432131332,840,,SOUTHERN GLAZER'S OF OH 3214991-000,4800 POTH ROAD,,,COLUMBUS,OH,432131332,,840,5101-1000,0,,,LTL,,,20,Fully Assigned To An Outbound Shipment,20250226,20250227,20250301,11416,250227P0000,N,0,0,0,2,90,Invoiced,,2,Pickticket Completely Invoiced.,,N,N,,0,2717371.8,0.,0.,0,20,131007678.,0.,0.,0,1173.,,TL,53,F,5,03,ACTIVITY 3,,N N,,,,2,20250227008,9,All from Reserve,9595229,13006627,961,MISCOHC,MISCOHC,DAY,,,,,,,F,***,,***,,22.,729.,729.,0.,0.,729.,729.,1.,1.,1.,CT1,XDK,4118265,7920.,90,Invoiced Complete,86404491,,20250226,100520,20250301,11416,BCALDWELL,2025-02-22 02:21:59,0,2025-04-25 01:21:23,INFAJOB,WMIPHPICK_15_AGC_4377468_20250221190046.txt,WMI,f459dbdd99e213314ef2ee223db1704c
201415927,20250303,202503,,7002,-7002,86496047,AGC,-961,86496047,86496047,DB,8001BULK,SOUTHERN GLAZER'S OF WA,,1025 VALLEY AVE NW,,,PUYALLUP,WA,98371,840,,SOUTHERN GLAZER'S OF WA,1025 VALLEY AVE NW,,,PUYALLUP,WA,98371,,840,8001-BULK,0,,,LTL,,,20,Fully Assigned To An Outbound Shipment,20250226,20250227,20250303,84150,250227P0000,N,0,0,0,2,90,Invoiced,,2,Pickticket Completely Invoiced.,,N,N,,0,889574.4,227026.8,0.,0,11,42887424.,0.,0.,0,504.,,TL,53,F,5,03,ACTIVITY 3,,N N,,,,4,20250227036,9,All from Reserve,2184675,13035126,961,MISCWAP,MISCWAP,DAY,,,,,,,F,***,,***,,22.,168.,168.,0.,0.,168.,168.,1.,1.,1.,CT1,XDK,4084653,7920.,90,Invoiced Complete,86496047,,20250226,94118,20250303,84150,MCERTEZA,2025-02-26 02:21:27,0,2025-04-25 01:21:23,INFAJOB,WMIPHPICK_15_AGC_4387671_20250225190038.txt,WMI,db323acf52434c0e47d691ea9ac720f2
209276504,20250306,202503,,7002,-7002,86645384,AGC,-961,86645384,86645384,DB,83011000,SOUTHERN GLAZERS OF IA WA 0000085,,4377 112TH STREET,,,URBANDALE,IA,503222073,840,,SOUTHERN GLAZERS OF IA WA 0000085,4377 112TH STREET,,,URBANDALE,IA,503222073,,840,8301-1000,0,,,LTL,,,20,Fully Assigned To An Outbound Shipment,20250303,20250304,20250306,152753,250304P0000,N,0,0,0,2,90,Invoiced,,2,Pickticket Completely Invoiced.,,N,N,,0,1528948.2,0.,0.,0,29,73712765.2,0.,0.,0,660.,,TL,53,F,5,03,ACTIVITY 3,,N N,,,,20,20250304040,9,All from Reserve,9594909,12906807,961,MISCIAU,MISCIAU,DAY,,,,,,,F,***,,***,,22.,9.,9.,0.,0.,9.,9.,1.,1.,1.,CT1,XDK,4131916,7920.,90,Invoiced Complete,86645384,,20250303,155930,20250306,152753,MCERTEZA,2025-03-04 02:18:31,0,2025-04-25 01:21:23,INFAJOB,WMIPHPICK_15_AGC_4405035_20250303190044.txt,WMI,86c6d1fadbf3ac90da076ceb4eb002ed
193435957,20250307,202503,,7002,-7002,86671704,AGC,-961,86671704,86671704,DB,5301BULK,SOUTHERN GLAZER'S OF DC,,SUITE C 7001 QUAD AVENUE,,,ROSEDALE,MD,21237,840,,SOUTHERN GLAZER'S OF DC,SUITE C 7001 QUAD AVENUE,,,ROSEDALE,MD,21237,,840,5301-BULK,0,,,LTL,,,20,Fully Assigned To An Outbound Shipment,20250305,20250306,20250307,123624,250306P0000,N,0,0,0,2,90,Invoiced,,2,Pickticket Completely Invoiced.,,N,N,,0,2504239.2,76447.2,0.,0,38,120786247.6,0.,0.,0,1081.,,TL,53,F,5,03,ACTIVITY 3,,N N,,,,22,20250306028,9,All from Reserve,2111406,12918618,961,MISCMRD,MISCMRD,DAY,,,,,,,F,***,,***,,22.,187.,187.,0.,0.,187.,187.,1.,1.,1.,CT1,XDK,4132709,7920.,90,Invoiced Complete,86671704,,20250305,164512,20250307,123624,MCERTEZA,2025-03-05 02:21:05,0,2025-04-25 01:21:23,INFAJOB,WMIPHPICK_15_AGC_4408185_20250304190039.txt,WMI,fedb9bbba3b73a210961a1c9e8838fd4
237404150,20250308,202503,,7002,-7002,86603386,AGC,-961,86603386,86603386,DB,5901BULK,SOUTHERN GLAZERS OF NE,,13855 CORNHUSKER ROAD,,,OMAHA,NE,681383906,840,,SOUTHERN GLAZERS OF NE,13855 CORNHUSKER ROAD,,,OMAHA,NE,681383906,,840,5901-BULK,0,,,LTL,,,20,Fully Assigned To An Outbound Shipment,20250303,20250306,20250308,104723,250306P0000,N,0,0,0,2,90,Invoiced,,2,Pickticket Completely Invoiced.,,N,N,,0,1945938.6,1945938.6,0.,0,25,93816243.6,0.,0.,0,840.,,TL,53,F,5,03,ACTIVITY 3,,N N,,,,3,20250306008,9,All from Reserve,278135,12930629,961,MISCNEO,MISCNEO,DAY,,,,,,,F,***,,***,,22.,1.,1.,0.,0.,1.,1.,1.,1.,1.,CT1,XDK,4129640,7920.,90,Invoiced Complete,86603386,,20250303,142324,20250308,104723,MCERTEZA,2025-03-01 02:20:35,0,2025-04-25 01:21:23,INFAJOB,WMIPHPICK_15_AGC_4397220_20250228190038.txt,WMI,6de89619f5011b7956f66a632ebf2d71
184014644,20250311,202503,,7002,-7002,86606325,AGC,-961,86606325,86606325,DB,87011000,SOUTHERN GLAZER'S OF TX W -10722102,,15245 HERITAGE PARKWAY,,,FORT WORTH,TX,76177,840,,SOUTHERN GLAZER'S OF TX W -10722102,15245 HERITAGE PARKWAY,,,FORT WORTH,TX,76177,,840,8701-1000,0,,,LTL,,,20,Fully Assigned To An Outbound Shipment,20250303,20250306,20250311,111429,250306P0000,N,0,0,0,2,90,Invoiced,,2,Pickticket Completely Invoiced.,,N,N,,0,1969101.6,0.,0.,0,28,94933105.6,0.,0.,0,850.,,TL,53,F,5,03,ACTIVITY 3,,N N,,,,5,20250306050,9,All from Reserve,2179873,13026456,961,MISCTXD,MISCTXD,DAY,,,,,,,F,***,,***,,22.,2.,2.,0.,0.,2.,2.,1.,1.,1.,CT1,XDK,4125528,7920.,90,Invoiced Complete,86606325,,20250303,113014,20250311,111429,MCERTEZA,2025-03-01 02:20:35,0,2025-04-25 01:21:23,INFAJOB,WMIPHPICK_15_AGC_4397220_20250228190038.txt,WMI,ad7e921e9a0f106b9b65e53fef228fe2
239002870,20250319,202503,,7002,-7002,86736940,AGC,-961,86736940,86736940,DB,92031000,SOUTHERN GLAZER'S OF LA - GEISMAR,,6602 INDUSTRIAL DRIVE,,,GEISMAR,LA,70734,840,,SOUTHERN GLAZER'S OF LA - GEISMAR,6602 INDUSTRIAL DRIVE,,,GEISMAR,LA,70734,,840,9203-1000,0,,,LTL,,,20,Fully Assigned To An Outbound Shipment,20250310,20250312,20250320,24104,250312P0000,N,0,0,0,2,90,Invoiced,,2,Pickticket Completely Invoiced.,,N,N,,0,1716591.6,1716591.6,0.,0,39,82759332.,0.,0.,0,741.,,TL,53,F,5,03,ACTIVITY 3,,N N,,,,33,20250312014,9,All from Reserve,604532,12852462,961,MISCLAS,MISCLAS,DAY,,,,,,,F,***,,***,,22.,60.,60.,0.,0.,60.,60.,1.,1.,1.,CT1,XDK,4139290,7920.,90,Invoiced Complete,86736940,,20250310,131248,20250320,24104,BCALDWELL,2025-03-07 02:28:32,0,2025-04-25 01:21:23,INFAJOB,WMIPHPICK_15_AGC_4414603_20250306190038.txt,WMI,9404e064fc4794e795c8d82054462766
199082038,20250321,202503,,7002,-7002,86939143,AGC,-961,86939143,86939143,DB,5601BULK,SOUTHERN GLAZER'S OF MN,,3350 4TH AVENUE EAST,,,SHAKOPEE,MN,55379,840,,SOUTHERN GLAZER'S OF MN,3350 4TH AVENUE EAST,,,SHAKOPEE,MN,55379,,840,5601-BULK,0,,,LTL,,,20,Fully Assigned To An Outbound Shipment,20250317,20250320,20250321,191348,250320P0000,N,0,0,0,2,90,Invoiced,,2,Pickticket Completely Invoiced.,,N,N,,0,3597679.8,3597679.8,0.,0,30,173448358.,0.,0.,0,1553.,,TL,53,F,5,03,ACTIVITY 3,,N N,,,,9,20250320003,9,All from Reserve,12772823,12985326,961,MISCMIN,MISCMIN,DAY,,,,,,,F,***,,***,,22.,751.,751.,0.,0.,751.,751.,1.,1.,1.,CT1,XDK,4139313,7920.,90,Invoiced Complete,86939143,,20250317,90701,20250321,191348,MCERTEZA,2025-03-15 02:16:07,0,2025-04-25 01:21:23,INFAJOB,WMIPHPICK_15_AGC_4437666_20250314190038.txt,WMI,faf0e29252ae78ce387044b985d81c56
189474806,20250323,202503,,7002,-7002,86171211,AGC,-961,86171211,86171211,DB,6601KAHU,SOUTHERN GLAZERS OF HI - KAHU,,231 LALO PLACE,,,"KAHULUI, MAUI",HI,96732,840,,SOUTHERN GLAZERS OF HI - KAHU,231 LALO PLACE,,,"KAHULUI, MAUI",HI,96732,,840,6601-KAHU,0,,,LTL,,,20,Fully Assigned To An Outbound Shipment,20250211,20250213,20250323,153132,250213P0000,N,0,0,0,2,90,Invoiced,,2,Pickticket Completely Invoiced.,,N,N,,0,676446.6,155212.2,0.,0,10,32614330.4,0.,0.,0,292.,,TL,53,F,5,03,ACTIVITY 3,,N N,,,,6,20250213012,9,All from Reserve,920691,13016240,961,MISCHIM,MISCHIM,DAY,,,,,,,F,***,,***,,22.,39.,39.,0.,0.,39.,39.,1.,1.,1.,CT1,XDK,4114714,7920.,90,Invoiced Complete,86171211,,20250211,171849,20250323,153132,EUBER,2025-02-12 02:22:03,0,2025-04-25 01:21:23,INFAJOB,WMIPHPICK_15_AGC_4348131_20250211190037.txt,WMI,5abf2cc04eabb37b32f525ee51b276ea
185114978,20250325,202503,,7002,-7002,87096360,AGC,-961,87096360,87096360,DB,7601BULK,SOUTHERN GLAZER'S OF NM,,123 MONTANO RD NW,,,ALBUQUERQUE,NM,87107,840,,SOUTHERN GLAZER'S OF NM,123 MONTANO RD NW,,,ALBUQUERQUE,NM,87107,,840,7601-BULK,0,,,LTL,,,20,Fully Assigned To An Outbound Shipment,20250324,20250324,20250325,171111,250324P0000,N,0,0,0,2,90,Invoiced,,2,Pickticket Completely Invoiced.,,N,N,,0,1670267.4,1670267.4,0.,0,19,80525606.8,0.,0.,0,726.,,TL,53,F,5,03,ACTIVITY 3,,N N,,,,13,20250324025,9,All from Reserve,603572,12819236,961,MISCALB,MISCALB,DAY,,,,,,,F,***,,***,,22.,42.,42.,0.,0.,42.,42.,1.,1.,1.,CT1,XDK,4144897,7920.,90,Invoiced Complete,87096360,,20250324,164130,20250325,171111,MCERTEZA,2025-03-21 01:22:00,0,2025-04-25 01:21:23,INFAJOB,WMIPHPICK_15_AGC_4454500_20250320190038.txt,WMI,60146d7202ff16ac1dd7fe3ef41450c2
210676242,20250401,202504,,7002,-7002,87183799,AGC,-961,87183799,87183799,DB,8001BULK,TQYLFCA - FAIRFIELD-WA-,,1025 VALLEY AVE NW,,,PUYALLUP,WA,98371,840,,TQYLFCA - FAIRFIELD-WA-,1025 VALLEY AVE NW,,,PUYALLUP,WA,98371,,840,8001-BULK,0,,,LTL,,,20,Fully Assigned To An Outbound Shipment,20250326,20250331,20250401,174733,250331P0000,N,0,0,0,2,90,Invoiced,,2,Pickticket Completely Invoiced.,,N,N,,0,2314282.8,2314282.8,0.,0,24,111574314.4,0.,0.,0,1063.,,TL,53,F,5,03,ACTIVITY 3,,N N,,,,10,20250331009,9,All from Reserve,2184675,13035126,961,MISCWAP,MISCWAP,DAY,,,,,,,F,***,,***,,22.,14.,14.,0.,0.,14.,14.,1.,1.,1.,CT1,XDK,4142779,7920.,90,Invoiced Complete,87183799,,20250326,140528,20250401,174733,MCERTEZA,2025-03-26 01:49:29,0,2025-04-25 01:21:23,INFAJOB,WMIPHPICK_15_AGC_4468213_20250325190038.txt,WMI,7015968911c974bf9f20cd5d92e1e313
189521744,20250401,202504,,7002,-7002,87226957,AGC,-961,87226957,87226957,DB,6601KAPO,PHHDFCA - FAIRFIELD-HI-KAPO-,,91 210 HANUA STREET,,,KAPOLEI,HI,96707,840,,PHHDFCA - FAIRFIELD-HI-KAPO-,91 210 HANUA STREET,,,KAPOLEI,HI,96707,,840,6601-KAPO,0,,,LTL,,,20,Fully Assigned To An Outbound Shipment,20250326,20250328,20250401,85700,250328P0000,N,0,0,0,2,90,Invoiced,,2,Pickticket Completely Invoiced.,,N,N,,0,2423163.6,2423163.6,0.,0,19,117221505.6,0.,0.,0,1090.,,TL,53,F,5,03,ACTIVITY 3,,N N,,,,2,20250328005,9,All from Reserve,2402272,13113973,961,MISCHIC,MISCHIC,DAY,,,,,,,F,***,,***,,22.,4.,4.,0.,4.,0.,0.,1.,1.,1.,CT1,XDK,4149182,7920.,90,Invoiced Complete,87226957,,20250326,163537,20250401,85622,MCERTEZA,2025-03-27 01:28:33,0,2025-04-25 01:21:23,INFAJOB,WMIPHPICK_15_AGC_4471419_20250326190039.txt,WMI,8633fe3bd3067ae013c83f2a0c1ea64d
188867441,20250404,202504,,7002,-7002,87259719,AGC,-961,87259719,87259719,DB,2201LOUI,PRIUFCA - FAIRFIELD-KY-,,2801 CONSTANT COMMENT PLACE,,,LOUISVILLE,KY,40299,840,,PRIUFCA - FAIRFIELD-KY-,2801 CONSTANT COMMENT PLACE,,,LOUISVILLE,KY,40299,,840,2201-LOUI,0,,,LTL,,,20,Fully Assigned To An Outbound Shipment,20250328,20250402,20250404,180300,250402P0000,N,0,0,0,2,90,Invoiced,,2,Pickticket Completely Invoiced.,,N,N,,0,2054824.2,217760.4,0.,0,21,99065482.,0.,0.,0,887.,,TL,53,F,5,03,ACTIVITY 3,,N N,,,,2,20250402032,9,All from Reserve,2213802,12990002,961,MISCLOU,MISCLOU,DAY,,,,,,,F,***,,***,,22.,41.,41.,0.,0.,41.,41.,1.,1.,1.,CT1,XDK,4137734,7920.,90,Invoiced Complete,87259719,,20250328,75448,20250404,180300,MCERTEZA,2025-03-28 01:20:06,0,2025-04-25 01:21:23,INFAJOB,WMIPHPICK_15_AGC_4474625_20250327190041.txt,WMI,27a09564cee714ed26c51ff49aed4179
193434076,20250404,202504,,7002,-7002,87359930,AGC,-961,87359930,87359930,DB,51011000,9DARFCA - FAIRFIELD-OH 3214991-0001,,4800 POTH ROAD,,,COLUMBUS,OH,432131332,840,,9DARFCA - FAIRFIELD-OH 3214991-0001,4800 POTH ROAD,,,COLUMBUS,OH,432131332,,840,5101-1000,0,,,LTL,,,20,Fully Assigned To An Outbound Shipment,20250402,20250402,20250404,180841,250402P0000,N,0,0,0,2,90,Invoiced,,2,Pickticket Completely Invoiced.,,N,N,,0,1721233.2,176061.,0.,0,20,83019022.4,0.,0.,0,745.,,TL,53,F,5,03,ACTIVITY 3,,N N,,,,6,20250402010,9,All from Reserve,9595229,13006627,961,MISCOHC,MISCOHC,DAY,,,,,,,F,***,,***,,22.,90.,90.,0.,0.,90.,90.,1.,1.,1.,CT1,XDK,4155621,7920.,90,Invoiced Complete,87359930,,20250402,145528,20250404,180841,MCERTEZA,2025-04-02 01:23:18,0,2025-04-25 01:21:23,INFAJOB,WMIPHPICK_15_AGC_4488688_20250401190039.txt,WMI,a6992b56cd9766eb984962494e1da4cf
190258567,20250407,202504,,7002,-7002,87250825,AGC,-961,87250825,87250825,DB,3501BOLI,SNKSFCA - FAIRFIELD-IL-,,300 EAST CROSSROADS PARKWAY,,,BOLINGBROOK,IL,60440,840,,SNKSFCA - FAIRFIELD-IL-,300 EAST CROSSROADS PARKWAY,,,BOLINGBROOK,IL,60440,,840,3501-BOLI,0,,,LTL,,,20,Fully Assigned To An Outbound Shipment,20250327,20250403,20250408,3515,250403P0000,N,0,0,0,2,90,Invoiced,,2,Pickticket Completely Invoiced.,,N,N,,0,3039379.2,3039379.2,0.,0,25,146532032.,0.,0.,0,1312.,,TL,53,F,5,03,ACTIVITY 3,,N N,,,,8,20250403018,9,All from Reserve,2401952,12888203,961,MISCBOL,MISCBOL,DAY,,,,,,,F,***,,***,,22.,380.,380.,0.,0.,380.,380.,1.,1.,1.,CT1,XDK,4153791,7920.,90,Invoiced Complete,87250825,,20250327,152323,20250408,3515,BCALDWELL,2025-03-28 01:20:06,0,2025-04-25 01:21:23,INFAJOB,WMIPHPICK_15_AGC_4474625_20250327190041.txt,WMI,946ff4fca52c59a74040169f37730bec
222337861,20250409,202504,,7002,-7002,87448396,AGC,-961,87448396,87448396,DB,2201LOUI,SGWSGFCA - FAIRFIELDKY-,,2801 CONSTANT COMMENT PLACE,,,LOUISVILLE,KY,40299,840,,SGWSGFCA - FAIRFIELDKY-,2801 CONSTANT COMMENT PLACE,,,LOUISVILLE,KY,40299,,840,2201-LOUI,0,,,LTL,,,20,Fully Assigned To An Outbound Shipment,20250407,20250407,20250409,182029,250407P0000,N,0,0,0,2,90,Invoiced,,2,Pickticket Completely Invoiced.,,N,N,,0,2696522.4,2696522.4,0.,0,25,130002504.,0.,0.,0,1164.,,TL,53,F,5,03,ACTIVITY 3,,N N,,,,5,20250407022,9,All from Reserve,2213802,12990002,961,MISCLOU,MISCLOU,DAY,,,,,,,F,***,,***,,22.,88.,88.,0.,0.,88.,88.,1.,1.,1.,CT1,XDK,4159226,7920.,90,Invoiced Complete,87448396,,20250407,173631,20250409,182029,MCERTEZA,2025-04-05 01:21:52,0,2025-04-25 01:21:23,INFAJOB,WMIPHPICK_15_AGC_4498183_20250404190039.txt,WMI,819cbeb8656ca61d6a7934960dd7f488
179510088,20250409,202504,,7002,-7002,87453434,AGC,-961,87453434,87453434,DB,7801DENV,SGWSGFCA - FAIRFIELDCO-,,22800 EAST 19TH AVENUE,,,AURORA,CO,80019,840,,SGWSGFCA - FAIRFIELDCO-,22800 EAST 19TH AVENUE,,,AURORA,CO,80019,,840,7801-DENV,0,,,LTL,,,20,Fully Assigned To An Outbound Shipment,20250407,20250407,20250409,181452,250407P0000,N,0,0,0,2,90,Invoiced,,2,Pickticket Completely Invoiced.,,N,N,,0,2601538.8,0.,0.,0,29,125423380.,0.,0.,0,1187.,,TL,53,F,5,03,ACTIVITY 3,,N N,,,,17,20250407024,9,All from Reserve,603892,13173221,961,MISCCOA,MISCCOA,DAY,,,,,,,F,***,,***,,22.,1.,1.,0.,0.,1.,1.,1.,1.,1.,CT1,XDK,4163055,7920.,90,Invoiced Complete,87453434,,20250407,162926,20250409,181452,MCERTEZA,2025-04-05 01:21:52,0,2025-04-25 01:21:23,INFAJOB,WMIPHPICK_15_AGC_4498183_20250404190039.txt,WMI,8666b0d99f7018eae383b5ae8940833e
205057973,20250422,202504,,7002,-7002,85823874,AGC,-961,85823874,85823874,DB,7202SPAR,SOUTHERN GLAZER'S OF NV - SPARKS,,250 LILLARD,,,SPARKS,NV,89434,840,,SOUTHERN GLAZER'S OF NV - SPARKS,250 LILLARD,,,SPARKS,NV,89434,,840,7202-SPAR,0,,,LTL,,,20,Fully Assigned To An Outbound Shipment,20250129,20250129,20250422,175955,250129P0000,N,0,0,0,2,90,Invoiced,,2,Pickticket Completely Invoiced.,,N,N,,0,1290340.2,1290340.2,0.,0,22,62372564.,0.,0.,0,558.,,TL,53,F,5,03,ACTIVITY 3,,N N,,,,2,20250129013,9,All from Reserve,2133484,13048097,961,MISCNVS,MISCNVS,DAY,,,,,,,F,***,,***,,22.,1.,1.,0.,0.,1.,1.,1.,1.,1.,CT1,XDK,4109948,7920.,90,Invoiced Complete,85823874,,20250129,133925,20250422,175955,EUBER,2025-01-29 04:10:48,0,2025-04-25 01:21:23,INFAJOB,WMIPHPICK_15_AGC_4309433_20250128190039.txt,WMI,beafcbd4566bf50c9d529af49495c793
238926766,20250422,202504,,7002,-7002,87586660,AGC,-961,87586660,87586660,DB,7601BULK,SGWSGFCA - FAIRFIELDAA CA RDC FAIRF,,123 MONTANO RD NW,,,ALBUQUERQUE,NM,87107,840,,SGWSGFCA - FAIRFIELDAA CA RDC FAIRF,123 MONTANO RD NW,,,ALBUQUERQUE,NM,87107,,840,7601-BULK,0,,,LTL,,,20,Fully Assigned To An Outbound Shipment,20250414,20250418,20250422,125324,250418P0000,N,0,0,0,2,90,Invoiced,,2,Pickticket Completely Invoiced.,,N,N,,0,2163704.4,2163704.4,0.,0,23,104314724.,0.,0.,0,934.,,TL,53,F,5,03,ACTIVITY 3,,N N,,,,9,20250418006,9,All from Reserve,603572,12819236,961,MISCALB,MISCALB,DAY,,,,,,,F,***,,***,,22.,134.,134.,0.,0.,134.,134.,1.,1.,200.,CT1,XDK,4167600,7920.,90,Invoiced Complete,87586660,,20250414,150326,20250422,125324,MCERTEZA,2025-04-11 01:19:49,0,2025-04-25 01:21:23,INFAJOB,WMIPHPICK_15_AGC_4514921_20250410190040.txt,WMI,2a77899cc20c6565f8e95da4d229927b
176801580,20250423,202504,,7002,-7002,HI7519497,AGC,-961,HI7519497,HI7519497,DB,331,SGWS BIG ISLAND WHSE 4,SGWS BIG ISLAND WHSE 4,"61 3785 MALUOKALANI PLACE, #12",,,KAWAIHAE,HI,96743,840,,SGWS BIG ISLAND WHSE 4,"61 3785 MALUOKALANI PLACE, #12",,,KAWAIHAE,HI,96743,8088821841,840,HI0000331,20250219,,,LTL,,,20,Fully Assigned To An Outbound Shipment,20250218,20250226,20250424,140556,250226P0000,N,0,0,0,2,90,Invoiced,,2,Pickticket Completely Invoiced.,,N,N,07519497,1,7222.2,7222.2,0.,0,16,353386.518,0.,0.,0,1878.,,TL,53,F,5,02,ACTIVITY 2,6600,N N,,,,8,20250226021,9,All from Reserve,1887085,11961299,961,442540,442540,DAY,,,,,,,F,***,,***,,66.,66.,66.,0.,66.,0.,0.,6.,720.,180.,CT1,HIC,*,379.06,90,Invoiced Complete,4134141,6600,20250218,144543,20250423,162506,VRINCON,2025-02-19 02:21:22,0,2025-04-25 01:21:23,INFAJOB,WMIPHPICK_15_AGC_4368092_20250218190039.txt,WMI,ef893957afe6e131f9a746f17386dbd2
201167461,20250425,202504,,7002,-7002,HI7519999,AGC,-961,HI7519999,HI7519999,DB,331,SGWS BIG ISLAND WHSE 4,SGWS BIG ISLAND WHSE 4,"61 3785 MALUOKALANI PLACE, #12",,,KAWAIHAE,HI,96743,840,,SGWS BIG ISLAND WHSE 4,"61 3785 MALUOKALANI PLACE, #12",,,KAWAIHAE,HI,96743,8088821841,840,HI0000331,20250419,,,LTL,,,20,Fully Assigned To An Outbound Shipment,20250418,20250423,20250425,164335,250423P0000,N,0,0,0,2,90,Invoiced,,2,Pickticket Completely Invoiced.,,N,N,07519999,1,16132.15,16132.15,0.,0,34,857806.883,0.,0.,0,5262.,,TL,53,F,5,02,ACTIVITY 2,6600,N N,,,,31,20250423014,9,All from Reserve,2190120,12148962,961,960821,960821,DAY,,,,,,,F,***,,***,,228.,228.,228.,0.,0.,228.,228.,12.,816.,204.,CT1,HIC,*,1915.39,90,Invoiced Complete,4186521,6600,20250418,130837,20250425,164335,VRINCON,2025-04-19 01:23:48,0,2025-04-26 01:20:07,INFAJOB,WMIPHPICK_15_AGC_4538241_20250418190039.txt,WMI,37f9c3a5fe78f274cdd3c13dc4490e2b
227615993,20250426,202504,,7002,-7002,87481813,AGC,-961,87481813,87481813,DB,93011000,SGWSGFCA - FAIRFIELDR 06379-,,11101 SMITTY LANE,,,NORTH LITTLE ROCK,AR,721175390,840,,SGWSGFCA - FAIRFIELDR 06379-,11101 SMITTY LANE,,,NORTH LITTLE ROCK,AR,721175390,,840,9301-1000,0,,,LTL,,,20,Fully Assigned To An Outbound Shipment,20250408,20250410,20250426,144807,250410P0000,N,0,0,0,2,90,Invoiced,,2,Pickticket Completely Invoiced.,,N,N,,0,3630107.4,3630107.4,0.,0,32,175011965.2,0.,0.,0,1567.,,TL,53,F,5,03,ACTIVITY 3,,N N,,,,15,20250410040,9,All from Reserve,9594589,13052294,961,MISCARL,MISCARL,DAY,,,,,,,F,***,,***,,22.,33.,33.,0.,0.,33.,33.,1.,1.,1.,CT1,XDK,4156445,7920.,90,Invoiced Complete,87481813,,20250408,162548,20250426,144807,EUBER,2025-04-08 01:18:05,0,2025-04-27 01:16:13,INFAJOB,WMIPHPICK_15_AGC_4505438_20250407190039.txt,WMI,e7d6db0daac65f724d5248ed615ba673
223024354,20250429,202504,,7002,-7002,87874940,AGC,-961,87874940,87874940,DB,87011000,SGWSGFCA - FAIRFIELDTX W -107221028,,15245 HERITAGE PARKWAY,,,FORT WORTH,TX,76177,840,,SGWSGFCA - FAIRFIELDTX W -107221028,15245 HERITAGE PARKWAY,,,FORT WORTH,TX,76177,,840,8701-1000,0,,,LTL,,,20,Fully Assigned To An Outbound Shipment,20250424,20250425,20250429,75344,250425P0000,N,0,0,0,2,90,Invoiced,,2,Pickticket Completely Invoiced.,,N,N,,0,3157525.2,3157525.2,0.,0,21,152446365.6,0.,0.,0,1363.,,TL,53,F,5,03,ACTIVITY 3,,N N,,,,3,20250425002,9,All from Reserve,2179873,13026456,961,MISCTXD,MISCTXD,DAY,,,,,,,F,***,,***,,22.,28.,28.,0.,0.,28.,28.,1.,1.,200.,CT1,XDK,4178087,7920.,90,Invoiced Complete,87874940,,20250424,121114,20250429,75344,EUBER,2025-04-24 01:42:53,0,2025-04-30 01:23:24,INFAJOB,WMIPHPICK_15_AGC_4552003_20250423190040.txt,WMI,097e2a42b91244b4feee8d1f641923f0
189674689,20250430,202504,,7001,-7001,MN7505344,AGK,-960,MN7505344,MN7505344,DB,90001,SGWS MINNESOTA,SGWS MINNESOTA,3350 4TH AVE E,,,SHAKOPEE,MN,55379,840,,SGWS MINNESOTA,3350 4TH AVE E,,,SHAKOPEE,MN,55379,9998675309,840,MN0090001,20250423,,,LTL,,,20,Fully Assigned To An Outbound Shipment,20250422,20250428,20250430,93245,250428P0000,N,0,0,0,2,90,Invoiced,,2,Pickticket Completely Invoiced.,,N,N,07505344,1,12066.2,0.,0.,0,7,596755.392,0.,0.,0,3588.,,TL,53,F,5,02,ACTIVITY 2,5600,N N,,,,4,20250428012,9,All From Reserve,1824682,12742440,960,935893,935893,DAY,,,,,,,F,***,,***,,72.,72.,72.,0.,0.,72.,72.,12.,1.,1.,CT1,MIN,*,1291.44,90,Invoiced Complete,4188657,5600,20250422,140407,20250430,93245,MLIPSCOMB,2025-04-22 22:24:20,0,2025-04-30 22:26:52,INFAJOB,WMIPHPICK_15_AGK_4548142_20250422160042.txt,WMI,321f999fec1c9f599897f4fcf8589390
200536514,20250430,202504,,7002,-7002,87942671,AGC,-961,87942671,87942671,DB,7201LASV,SGWSGFCA - FAIRFIELDNV - LAS VEGAS-,,8400 SOUTH JONES BLVD,,,LAS VEGAS,NV,89139,840,,SGWSGFCA - FAIRFIELDNV - LAS VEGAS-,8400 SOUTH JONES BLVD,,,LAS VEGAS,NV,89139,,840,7201-LASV,0,,,LTL,,,20,Fully Assigned To An Outbound Shipment,20250429,20250429,20250430,153307,250429P0000,N,0,0,0,2,90,Invoiced,,2,Pickticket Completely Invoiced.,,N,N,,0,3127408.2,3127408.2,0.,0,30,3910326.2,0.,0.,0,1350.,,TL,53,F,5,03,ACTIVITY 3,,N N,,,,4,20250429021,9,All from Reserve,428533,12991968,961,MISCNVL,MISCNVL,DAY,,,,,,,F,***,,***,,22.,236.,236.,0.,0.,236.,236.,1.,1.,200.,CT1,XDK,4176020,7920.,90,Invoiced Complete,87942671,,20250429,103059,20250430,153307,MCERTEZA,2025-04-26 01:20:07,0,2025-05-01 01:23:43,INFAJOB,WMIPHPICK_15_AGC_4558364_20250425190038.txt,WMI,3ef3b954e74e783f5e10036b810d9f2a
204999210,20250505,202505,,7002,-7002,88058482,AGC,-961,88058482,88058482,DB,51011000,SGWSGFCA - FAIRFIELDOH 3214991-0001,,4800 POTH ROAD,,,COLUMBUS,OH,432131332,840,,SGWSGFCA - FAIRFIELDOH 3214991-0001,4800 POTH ROAD,,,COLUMBUS,OH,432131332,,840,5101-1000,0,,,LTL,,,20,Fully Assigned To An Outbound Shipment,20250430,20250501,20250505,123821,250501P0000,N,0,0,0,2,90,Invoiced,,2,Pickticket Completely Invoiced.,,N,N,,0,2772970.2,0.,0.,0,22,1197.,0.,0.,0,1197.,,TL,53,F,5,03,ACTIVITY 3,,N N,,,,1,20250501003,9,All from Reserve,9595229,13006627,961,MISCOHC,MISCOHC,DAY,,,,,,,F,***,,***,,22.,128.,128.,0.,0.,128.,128.,1.,1.,200.,CT1,XDK,4173327,7920.,90,Invoiced Complete,88058482,,20250430,165510,20250505,123821,MCERTEZA,2025-05-01 01:23:43,0,2025-05-06 01:19:29,INFAJOB,WMIPHPICK_15_AGC_4572041_20250430190038.txt,WMI,ea91b6418cb7e2a2c3e22738082b01dd
316898840,20250506,202505,,7002,-7002,88114819,AGC,-961,88114819,88114819,DB,87011000,SGWSGFCA - FAIRFIELDTX W -107221028,,15245 HERITAGE PARKWAY,,,FORT WORTH,TX,76177,840,,SGWSGFCA - FAIRFIELDTX W -107221028,15245 HERITAGE PARKWAY,,,FORT WORTH,TX,76177,,840,8701-1000,0,,,LTL,,,20,Fully Assigned To An Outbound Shipment,20250502,20250502,20250506,123720,250502P0000,N,0,0,0,2,90,Invoiced,,2,Pickticket Completely Invoiced.,,N,N,,0,2786868.6,2786868.6,0.,0,27,1203.,0.,0.,0,1203.,,TL,53,F,5,03,ACTIVITY 3,,N N,,,,11,20250502029,9,All from Reserve,2179873,13026456,961,MISCTXD,MISCTXD,DAY,,,,,,,F,***,,***,,22.,10.,10.,0.,0.,10.,10.,1.,1.,200.,CT1,XDK,4187511,7920.,90,Invoiced Complete,88114819,,20250502,163249,20250506,123720,MCERTEZA,2025-05-03 01:23:03,0,2025-05-07 01:22:55,INFAJOB,WMIPHPICK_15_AGC_4578769_20250502190040.txt,WMI,ab220a8977b4eea19cef8c75856f412d
212543570,20250509,202505,,7002,-7002,HI7520095,AGC,-961,HI7520095,HI7520095,DB,329,SGWS CAMPBELL WHSE 1,SGWS CAMPBELL WHSE 1,91 210 HANUA ST,,,KAPOLEI,HI,96707,840,,SGWS CAMPBELL WHSE 1,91 210 HANUA ST,,,KAPOLEI,HI,96707,8086823737,840,HI0000329,20250506,,,LTL,,,20,Fully Assigned To An Outbound Shipment,20250505,20250506,20250509,130715,250506P0000,N,0,0,0,2,90,Invoiced,,2,Pickticket Completely Invoiced.,,N,N,07520095,1,37978.25,37978.25,0.,0,47,2211767.935,0.,0.,0,13584.,,TL,53,F,5,02,ACTIVITY 2,6600,N N,,,,17,20250506034,9,All from Reserve,154971,13365535,961,645794,645794,DAY,,,,,,,F,***,,***,,84.,84.,84.,0.,84.,0.,0.,12.,1.,1.,CT1,HIC,*,948.57,90,Invoiced Complete,4199041,6600,20250505,142621,20250509,130550,VRINCON,2025-05-06 01:19:29,0,2025-05-10 01:23:34,INFAJOB,WMIPHPICK_15_AGC_4586136_20250505190039.txt,WMI,7e966f7478b5d74fb19ae71456d9afc0
221486257,20250512,202505,,7002,-7002,88114845,AGC,-961,88114845,88114845,DB,95011000,SGWSGFCA - FAIRFIELDMO - RAYMORE MO,,1100 S DEAN AVE,,,RAYMORE,MO,64083,840,,SGWSGFCA - FAIRFIELDMO - RAYMORE MO,1100 S DEAN AVE,,,RAYMORE,MO,64083,,840,9501-1000,0,,,LTL,,,20,Fully Assigned To An Outbound Shipment,20250505,20250506,20250512,160359,250506P0000,N,0,0,0,2,90,Invoiced,,2,Pickticket Completely Invoiced.,,N,N,,0,2541310.2,0.,0.,0,25,1097.,0.,0.,0,1097.,,TL,53,F,5,03,ACTIVITY 3,,N N,,,,9,20250506023,9,All from Reserve,12686107,12910067,961,MISCMOR,MISCMOR,DAY,,,,,,,F,***,,***,,22.,106.,106.,0.,0.,106.,106.,1.,1.,200.,CT1,XDK,4189225,7920.,90,Invoiced Complete,88114845,,20250505,115341,20250512,160359,MCERTEZA,2025-05-03 01:23:03,0,2025-05-13 01:33:52,INFAJOB,WMIPHPICK_15_AGC_4578769_20250502190040.txt,WMI,5a465d8a987fc884542a1416c004df7e
195299585,20250513,202505,,7002,-7002,88215509,AGC,-961,88215509,88215509,DB,7201LASV,SGWSGFCA - FAIRFIELDNV - LAS VEGAS-,,8400 SOUTH JONES BLVD,,,LAS VEGAS,NV,89139,840,,SGWSGFCA - FAIRFIELDNV - LAS VEGAS-,8400 SOUTH JONES BLVD,,,LAS VEGAS,NV,89139,,840,7201-LASV,0,,,LTL,,,20,Fully Assigned To An Outbound Shipment,20250508,20250508,20250513,181238,250508P0000,N,0,0,0,2,90,Invoiced,,2,Pickticket Completely Invoiced.,,N,N,,0,2715055.2,2715055.2,0.,0,25,1172.,0.,0.,0,1172.,,TL,53,F,5,03,ACTIVITY 3,,N N,,,,10,20250508028,9,All from Reserve,428533,12991968,961,MISCNVL,MISCNVL,DAY,,,,,,,F,***,,***,,22.,323.,323.,0.,0.,323.,323.,1.,1.,200.,CT1,XDK,4188248,7920.,90,Invoiced Complete,88215509,,20250508,130317,20250513,181238,MCERTEZA,2025-05-08 01:24:41,0,2025-05-14 01:22:56,INFAJOB,WMIPHPICK_15_AGC_4592524_20250507190041.txt,WMI,955d941d90447f46048a4698eb2488e7
198267299,20250516,202505,,7002,-7002,88248530,AGC,-961,88248530,88248530,DB,7201LASV,SGWSGFCA - FAIRFIELDA RDC FAIRFIELD,,8400 SOUTH JONES BLVD,,,LAS VEGAS,NV,89139,840,,SGWSGFCA - FAIRFIELDA RDC FAIRFIELD,8400 SOUTH JONES BLVD,,,LAS VEGAS,NV,89139,,840,7201-LASV,0,,,LTL,,,20,Fully Assigned To An Outbound Shipment,20250508,20250512,20250516,175302,250512P0000,N,0,0,0,2,90,Invoiced,,2,Pickticket Completely Invoiced.,,N,N,,0,1936677.6,1936677.6,0.,0,17,836.,0.,0.,0,836.,,TL,53,F,5,03,ACTIVITY 3,,N N,,,,5,20250512005,9,All from Reserve,428533,12991968,961,MISCNVL,MISCNVL,DAY,,,,,,,F,***,,***,,22.,7.,7.,0.,0.,7.,7.,1.,1.,200.,CT1,XDK,4187965,7920.,90,Invoiced Complete,88248530,,20250508,140921,20250516,175302,MCERTEZA,2025-05-09 01:22:58,0,2025-05-17 01:23:32,INFAJOB,WMIPHPICK_15_AGC_4595701_20250508190038.txt,WMI,be259a72ab68bb30c03f49ad9f72adf1
220924110,20250519,202505,,7002,-7002,88423013,AGC,-961,88423013,88423013,DB,7202SPAR,SGWSGFCA - FAIRFIELDA RDC FAIRFIELD,,250 LILLARD,,,SPARKS,NV,89434,840,,SGWSGFCA - FAIRFIELDA RDC FAIRFIELD,250 LILLARD,,,SPARKS,NV,89434,,840,7202-SPAR,0,,,LTL,,,20,Fully Assigned To An Outbound Shipment,20250515,20250515,20250519,141432,250515P0000,N,0,0,0,2,90,Invoiced,,2,Pickticket Completely Invoiced.,,N,N,,0,1686484.8,1686484.8,0.,0,23,728.,0.,0.,0,728.,,TL,53,F,5,03,ACTIVITY 3,,N N,,,,2,20250515015,9,All from Reserve,2133484,13048097,961,MISCNVS,MISCNVS,DAY,,,,,,,F,***,,***,,22.,13.,13.,0.,0.,13.,13.,1.,1.,200.,CT1,XDK,4193082,7920.,90,Invoiced Complete,88423013,,20250515,153649,20250519,141432,AGUERRERO,2025-05-16 01:24:07,0,2025-05-20 01:21:29,INFAJOB,WMIPHPICK_15_AGC_4615747_20250515190040.txt,WMI,a73983b8d8a47c2c0caab6a488e994f8
246364363,20250521,202505,,7001,-7001,IL7550684,AGK,-960,IL7550684,IL7550684,DB,36452,SGWS - ILLINOIS- TRANSFER,SGWS - ILLINOIS- TRANSFER,300 E CROSSROADS PKWY,,,BOLINGBROOK,IL,60440,840,,SGWS - ILLINOIS- TRANSFER,300 E CROSSROADS PKWY,,,BOLINGBROOK,IL,60440,,840,IL0036452,20250509,,,LTL,,,20,Fully Assigned To An Outbound Shipment,20250508,20250519,20250521,105516,250519P0000,N,0,0,0,2,90,Invoiced,,2,Pickticket Completely Invoiced.,,N,N,07550684,1,36446.,2069.2,0.,0,19,2083603.2,0.,0.,0,12636.,,TL,53,F,5,02,ACTIVITY 2,3500,N N,,,,1,20250519005,9,All From Reserve,54346,12002182,960,561798,561798,DAY,,,,,,,F,***,,***,,7260.,7260.,7260.,0.,0.,7260.,7260.,12.,660.,132.,CT1,BOL,*,105324.45,90,Invoiced Complete,4202576,3500,20250508,180529,20250521,105516,ZMAERZ,2025-05-09 22:23:30,0,2025-05-21 22:23:06,INFAJOB,WMIPHPICK_15_AGK_4596446_20250509020034.txt,WMI,f0c516c3e0d8faca40d37247f8beef42
197354313,20250521,202505,,7001,-7001,88452197,AGK,-960,88452197,88452197,DB,5601BULK,ANKAA GLOBAL LOGISTICS KY HUB,,3350 4TH AVENUE EAST,,,SHAKOPEE,MN,55379,840,,ANKAA GLOBAL LOGISTICS KY HUB,3350 4TH AVENUE EAST,,,SHAKOPEE,MN,55379,,840,5601-BULK,0,,,LTL,,,20,Fully Assigned To An Outbound Shipment,20250516,20250520,20250521,134826,250520P0000,N,0,0,0,2,90,Invoiced,,2,Pickticket Completely Invoiced.,,N,N,,0,50952.,0.,37056.,0,22,2459520.,0.,1786982.4,0,22.,,TL,53,F,5,03,ACTIVITY 3,,N N,,,,8,20250520006,9,All From Reserve,90516,4663337,960,MISCMIN,MISCMIN,DAY,,,,,,,F,***,,***,,1.,1.,1.,0.,0.,1.,1.,1.,1.,1.,CT1,XDK,4208049,7920.,90,Invoiced Complete,88452197,,20250520,80326,20250521,134826,BSHEARER,2025-05-20 22:22:28,0,2025-05-21 22:23:06,INFAJOB,WMIPHPICK_15_AGK_4618219_20250516160042.txt,WMI,a60033d724b3f1d68eb363ae1a1367ac
227897377,20250521,202505,,7002,-7002,88280672,AGC,-961,88280672,88280672,DB,7601BULK,SGWSGFCA - FAIRFIELDNM-,,123 MONTANO RD NW,,,ALBUQUERQUE,NM,87107,840,,SGWSGFCA - FAIRFIELDNM-,123 MONTANO RD NW,,,ALBUQUERQUE,NM,87107,,840,7601-BULK,0,,,LTL,,,20,Fully Assigned To An Outbound Shipment,20250509,20250513,20250521,172422,250513P0000,N,0,0,0,2,90,Invoiced,,2,Pickticket Completely Invoiced.,,N,N,,0,2949031.8,1260230.4,0.,0,31,1273.,0.,0.,0,1273.,,TL,53,F,5,03,ACTIVITY 3,,N N,,,,1,20250513036,9,All from Reserve,603572,12819236,961,MISCALB,MISCALB,DAY,,,,,,,F,***,,***,,22.,120.,120.,0.,0.,120.,120.,1.,1.,200.,CT1,XDK,4124105,7920.,90,Invoiced Complete,88280672,,20250509,182854,20250521,172422,MCERTEZA,2025-05-10 01:23:34,0,2025-05-22 01:22:45,INFAJOB,WMIPHPICK_15_AGC_4598878_20250509190040.txt,WMI,95fdad480a884728ed13e09929bf9161
214588170,20250523,202505,,7002,-7002,88452432,AGC,-961,88452432,88452432,DB,5301BULK,SGWSGFCA - FAIRFIELDMD-,,SUITE C 7001 QUAD AVENUE,,,ROSEDALE,MD,21237,840,,SGWSGFCA - FAIRFIELDMD-,SUITE C 7001 QUAD AVENUE,,,ROSEDALE,MD,21237,,840,5301-BULK,0,,,LTL,,,20,Fully Assigned To An Outbound Shipment,20250516,20250516,20250523,153225,250516P0000,N,0,0,0,2,90,Invoiced,,2,Pickticket Completely Invoiced.,,N,N,,0,2492661.6,0.,0.,0,23,1076.,0.,0.,0,1076.,,TL,53,F,5,03,ACTIVITY 3,,N N,,,,4,20250516038,9,All from Reserve,2111406,12918618,961,MISCMRD,MISCMRD,DAY,,,,,,,F,***,,***,,22.,384.,384.,0.,0.,384.,384.,1.,1.,200.,CT1,XDK,4179479,7920.,90,Invoiced Complete,88452432,,20250516,154112,20250523,153225,AGUERRERO,2025-05-17 01:23:32,0,2025-05-24 01:23:26,INFAJOB,WMIPHPICK_15_AGC_4618851_20250516190041.txt,WMI,2a5fc437699e46823a743eadd45b42d9
203359716,20250527,202505,,7001,-7001,88485442,AGK,-960,88485442,88485442,DB,92031000,ANKAA GLOBAL LOGISTICS KY HUBMAR-,,6602 INDUSTRIAL DRIVE,,,GEISMAR,LA,70734,840,,ANKAA GLOBAL LOGISTICS KY HUBMAR-,6602 INDUSTRIAL DRIVE,,,GEISMAR,LA,70734,,840,9203-1000,0,,,LTL,,,20,Fully Assigned To An Outbound Shipment,20250520,20250522,20250527,144305,250522P0000,N,0,0,0,2,90,Invoiced,,2,Pickticket Completely Invoiced.,,N,N,,0,39372.,0.,0.,0,17,1900684.8,0.,0.,0,25.,,TL,53,F,5,03,ACTIVITY 3,,N N,,,,3,20250522006,9,All From Reserve,19475,4747617,960,MISCLAS,MISCLAS,DAY,,,,,,,F,***,,***,,22.,6.,6.,0.,0.,6.,6.,1.,1.,1.,CT1,XDK,4193732,7920.,90,Invoiced Complete,88485442,,20250520,93149,20250527,144305,BSHEARER,2025-05-19 22:18:50,0,2025-05-27 22:24:33,INFAJOB,WMIPHPICK_15_AGK_4625475_20250519160043.txt,WMI,46ae6b16c8cd93c7f3cf69bcdb5e4b65
283173612,20250528,202505,,7002,-7002,SAB000006D,AGC,-961,SAB000006D,SAB000006D,DH,SAB000C4,SOUTHERN GLAZERS W-S FL LAKELAND,,4440 OLD TAMPA HIGHWAY,,,LAKELAND,FL,33811,840,,SOUTHERN GLAZERS W-S FL LAKELAND,P O  BOX 279250,,,MIRAMAR,FL,33027,,840,,0,,,LTL,,,20,Fully Assigned To An Outbound Shipment,20250523,20250523,20250528,114223,250523P0000,N,0,0,0,2,90,Invoiced,,2,Pickticket Completely Invoiced.,,N,N,SAB000006D,1,6365.5,6365.5,0.,0,4,322935.4,0.,0.,0,5592.,,TL,53,F,5,01,ACTIVITY 1,,,,,,3,20250523010,9,All from Reserve,2187881,13757833,961,SAB0000G,SAB0000G,DAY,,,,,,,F,***,,***,,1680.,1680.,1680.,0.,0.,1680.,1680.,12.,1680.,240.,CT1,SAB,*,1.,90,Invoiced Complete,4206795,,20250523,155009,20250528,114223,AGUERRERO,2025-05-24 01:23:26,0,2025-05-29 01:22:06,INFAJOB,WMIPHPICK_15_AGC_4638862_20250523190041.txt,WMI,56d33739ca1795c1f4f0cfd8f5a9b7a2
252735945,20250528,202505,,7001,-7001,88617462,AGK,-960,88617462,88617462,DB,3201COLU,ANKAA GLOBAL LOGISTICS KY HUB RDC S,,7600 RICHARD ST,,,COLUMBIA,SC,29209,840,,ANKAA GLOBAL LOGISTICS KY HUB RDC S,7600 RICHARD ST,,,COLUMBIA,SC,29209,,840,3201-COLU,0,,,LTL,,,20,Fully Assigned To An Outbound Shipment,20250528,20250528,20250529,85050,250528P0000,N,0,0,0,2,90,Invoiced,,2,Pickticket Completely Invoiced.,,N,N,,0,11580.,0.,0.,0,5,558432.,0.,0.,0,5.,,TL,53,F,5,03,ACTIVITY 3,,N N,,,,2,,,,19447,4757900,960,MISCCOL,MISCCOL,,,,,,,,F,,,,,22.,1.,1.,0.,0.,0.,0.,1.,0.,0.,CT1,XDK,4146708,0.,,,,,20250528,100109,20250528,100109,AGKWMI,2025-05-23 22:23:33,0,2025-05-29 22:26:12,INFAJOB,WMIPHPICK_15_AGK_4638206_20250523160042.txt,WMI,2143ad2889de5a397c78270090546b70
245063039,20250603,202506,,7002,-7002,88522062,AGC,-961,88522062,88522062,DB,83011000,SGWSGFCA - FAIRFIELDA WA 0000085-,,4377 112TH STREET,,,URBANDALE,IA,503222073,840,,SGWSGFCA - FAIRFIELDA WA 0000085-,4377 112TH STREET,,,URBANDALE,IA,503222073,,840,8301-1000,0,,,LTL,,,20,Fully Assigned To An Outbound Shipment,20250520,20250520,20250603,160406,250520P0000,N,0,0,0,2,90,Invoiced,,2,Pickticket Completely Invoiced.,,N,N,,0,2569107.6,4632.,0.,0,34,336165.2,0.,0.,0,1109.,,TL,53,F,5,03,ACTIVITY 3,,N N,,,,8,20250520019,9,All from Reserve,9594909,12906807,961,MISCIAU,MISCIAU,DAY,,,,,,,F,***,,***,,22.,3.,3.,0.,0.,3.,3.,1.,1.,200.,CT1,XDK,4185299,7920.,90,Invoiced Complete,88522062,,20250520,175449,20250603,160406,CGARCIA1,2025-05-21 01:22:31,0,2025-06-04 01:22:14,INFAJOB,WMIPHPICK_15_AGC_4629330_20250520190042.txt,WMI,9754e30c7653708addb3fbf13ed9e182
214655469,20250530,202505,,7002,-7002,88585206,AGC,-961,88585206,88585206,DB,83011000,SGWSGFCA - FAIRFIELDA WA 0000085-,,4377 112TH STREET,,,URBANDALE,IA,503222073,840,,SGWSGFCA - FAIRFIELDA WA 0000085-,4377 112TH STREET,,,URBANDALE,IA,503222073,,840,8301-1000,0,,,LTL,,,20,Fully Assigned To An Outbound Shipment,20250522,20250522,20250530,225615,250522P0000,N,0,0,0,2,90,Invoiced,,2,Pickticket Completely Invoiced.,,N,N,,0,2747487.6,0.,0.,0,25,1186.,0.,0.,0,1186.,,TL,53,F,5,03,ACTIVITY 3,,N N,,,,2,20250522018,9,All from Reserve,9594909,12906807,961,MISCIAU,MISCIAU,DAY,,,,,,,F,***,,***,,22.,62.,62.,0.,0.,62.,62.,1.,1.,200.,CT1,XDK,4197218,7920.,90,Invoiced Complete,88585206,,20250522,171326,20250530,225615,BCALDWELL,2025-05-23 01:23:38,0,2025-06-04 01:22:14,INFAJOB,WMIPHPICK_15_AGC_4635723_20250522190041.txt,WMI,4533ca4e045845d1888e1011c6bfcec0
269399038,20250602,202506,,7002,-7002,88616731,AGC,-961,88616731,88616731,DB,8001BULK,SGWSGFCA - FAIRFIELDAA CA RDC FAIRF,,1025 VALLEY AVE NW,,,PUYALLUP,WA,98371,840,,SGWSGFCA - FAIRFIELDAA CA RDC FAIRF,1025 VALLEY AVE NW,,,PUYALLUP,WA,98371,,840,8001-BULK,0,,,LTL,,,20,Fully Assigned To An Outbound Shipment,20250523,20250523,20250603,13058,250523P0000,N,0,0,0,2,90,Invoiced,,2,Pickticket Completely Invoiced.,,N,N,,0,2622391.2,0.,0.,0,25,1132.,0.,0.,0,1132.,,TL,53,F,5,03,ACTIVITY 3,,N N,,,,17,20250523027,9,All from Reserve,2184675,13035126,961,MISCWAP,MISCWAP,DAY,,,,,,,F,***,,***,,22.,231.,231.,0.,0.,231.,231.,1.,1.,200.,CT1,XDK,4208696,7920.,90,Invoiced Complete,88616731,,20250523,164314,20250603,13058,BCALDWELL,2025-05-24 01:23:26,0,2025-06-04 01:22:14,INFAJOB,WMIPHPICK_15_AGC_4638862_20250523190041.txt,WMI,1deaf8ef08de303f5368b46fbcb0711d
206593535,20250530,202505,,7002,-7002,88708855,AGC,-961,88708855,88708855,DB,51011000,SGWSGFCA - FAIRFIELDOH 3214991-0001,,4800 POTH ROAD,,,COLUMBUS,OH,432131332,840,,SGWSGFCA - FAIRFIELDOH 3214991-0001,4800 POTH ROAD,,,COLUMBUS,OH,432131332,,840,5101-1000,0,,,LTL,,,20,Fully Assigned To An Outbound Shipment,20250528,20250528,20250530,221129,250528P0000,N,0,0,0,2,90,Invoiced,,2,Pickticket Completely Invoiced.,,N,N,,0,2786869.8,69498.,0.,0,23,1203.,0.,0.,0,1203.,,TL,53,F,5,03,ACTIVITY 3,,N N,,,,2,20250528023,9,All from Reserve,9595229,13006627,961,MISCOHC,MISCOHC,DAY,,,,,,,F,***,,***,,22.,56.,56.,0.,0.,56.,56.,1.,1.,200.,CT1,XDK,4199362,7920.,90,Invoiced Complete,88708855,,20250528,162533,20250530,221129,BCALDWELL,2025-05-29 01:22:06,0,2025-06-04 01:22:14,INFAJOB,WMIPHPICK_15_AGC_4652434_20250528190042.txt,WMI,64a55ec6a28b510f44f44bce5db06d12
214650920,20250605,202506,,7002,-7002,SAB000006K,AGC,-961,SAB000006K,SAB000006K,DH,SAB000C4,SOUTHERN GLAZERS W-S FL LAKELAND,,4440 OLD TAMPA HIGHWAY,,,LAKELAND,FL,33811,840,,SOUTHERN GLAZERS W-S FL LAKELAND,P O  BOX 279250,,,MIRAMAR,FL,33027,,840,,0,,,LTL,,,20,Fully Assigned To An Outbound Shipment,20250529,20250604,20250605,135333,250604P0000,N,0,0,0,2,90,Invoiced,,2,Pickticket Completely Invoiced.,,N,N,SAB000006K,1,10889.3,10889.3,0.,0,6,541623.4,0.,0.,0,9600.,,TL,53,F,5,01,ACTIVITY 1,,,,,,3,20250604001,9,All from Reserve,428853,13723404,961,SAB0000F,SAB0000F,DAY,,,,,,,F,***,,***,,1680.,1680.,1680.,0.,0.,1680.,1680.,12.,1680.,240.,CT1,SAB,*,1.,90,Invoiced Complete,4216699,,20250604,84241,20250605,135333,AGUERRERO,2025-05-30 01:25:24,0,2025-06-06 00:22:45,INFAJOB,WMIPHPICK_15_AGC_4655546_20250529190041.txt,WMI,33759d0d64dc9fe18bd2694d0c282957
230187167,20250604,202506,,7002,-7002,88779442,AGC,-961,88779442,88779442,DB,6601LIHU,SGWSGFCA - FAIRFIELD- -LIHU-,,1556 HALEUKANA ST,,,"LIHUE, KAUAI",HI,96766,840,,SGWSGFCA - FAIRFIELD- -LIHU-,1556 HALEUKANA ST,,,"LIHUE, KAUAI",HI,96766,,840,6601-LIHU,0,,,LTL,,,20,Fully Assigned To An Outbound Shipment,20250602,20250603,20250604,154933,250603P0000,N,0,0,0,2,90,Invoiced,,2,Pickticket Completely Invoiced.,,N,N,,0,833976.,0.,0.,0,20,360.,0.,0.,0,360.,,TL,53,F,5,03,ACTIVITY 3,,N N,,,,2,20250603001,9,All from Reserve,604212,12978507,961,MISCHIK,MISCHIK,DAY,,,,,,,F,***,,***,,22.,12.,12.,0.,0.,12.,12.,1.,1.,200.,CT1,XDK,4180812,7920.,90,Invoiced Complete,88779442,,20250602,173601,20250604,154933,CGARCIA1,2025-05-31 01:23:11,0,2025-06-06 00:22:45,INFAJOB,WMIPHPICK_15_AGC_4658721_20250530190042.txt,WMI,2c608033683127369112948bbd28c1d1
218286498,20250609,202506,,7002,-7002,88850502,AGC,-961,88850502,88850502,DB,94011000,SGWSGFCA - FAIRFIELDS - EDWARDSVI 1,,1100 BLAKE STREET,,,EDWARDSVILLE,KS,66111,840,,SGWSGFCA - FAIRFIELDS - EDWARDSVI 1,1100 BLAKE STREET,,,EDWARDSVILLE,KS,66111,,840,9401-1000,0,,,LTL,,,20,Fully Assigned To An Outbound Shipment,20250603,20250603,20250609,122608,250603P0000,N,0,0,0,2,90,Invoiced,,2,Pickticket Completely Invoiced.,,N,N,,0,2677989.6,0.,0.,0,27,1156.,0.,0.,0,1156.,,TL,53,F,5,03,ACTIVITY 3,,N N,,,,3,20250603044,9,All from Reserve,1865328,12938428,961,MISCKSE,MISCKSE,DAY,,,,,,,F,***,,***,,22.,47.,47.,0.,0.,47.,47.,1.,1.,200.,CT1,XDK,4206169,7920.,90,Invoiced Complete,88850502,,20250603,163048,20250609,122608,EUBER,2025-06-04 01:22:14,0,2025-06-10 01:18:42,INFAJOB,WMIPHPICK_15_AGC_4670841_20250603190041.txt,WMI,943013b184066b773427d0ef023ae377
223682793,20250612,202506,,7002,-7002,88945204,AGC,-961,88945204,88945204,DB,7201LASV,SGWSGFCA - FAIRFIELDNV - LAS VEGAS-,,8400 SOUTH JONES BLVD,,,LAS VEGAS,NV,89139,840,,SGWSGFCA - FAIRFIELDNV - LAS VEGAS-,8400 SOUTH JONES BLVD,,,LAS VEGAS,NV,89139,,840,7201-LASV,0,,,LTL,,,20,Fully Assigned To An Outbound Shipment,20250605,20250609,20250612,130947,250609P0000,N,0,0,0,2,90,Invoiced,,2,Pickticket Completely Invoiced.,,N,N,,0,3808490.4,0.,0.,0,26,1644.,0.,0.,0,1644.,,TL,53,F,5,03,ACTIVITY 3,,N N,,,,8,20250609030,9,All from Reserve,428533,12991968,961,MISCNVL,MISCNVL,DAY,,,,,,,F,***,,***,,22.,11.,11.,0.,0.,11.,11.,1.,1.,200.,CT1,XDK,4214377,7920.,90,Invoiced Complete,88945204,,20250605,180532,20250612,130947,CGARCIA1,2025-06-06 00:22:45,0,2025-06-13 01:22:42,INFAJOB,WMIPHPICK_15_AGC_4676980_20250605180044.txt,WMI,6fcb608e440194130cc58f1919f1eb32
250990364,20250616,202506,,7002,-7002,HI7520347,AGC,-961,HI7520347,HI7520347,DB,331,SGWS BIG ISLAND WHSE 4,SGWS BIG ISLAND WHSE 4,"61 3785 MALUOKALANI PLACE, #12",,,KAWAIHAE,HI,96743,840,,SGWS BIG ISLAND WHSE 4,"61 3785 MALUOKALANI PLACE, #12",,,KAWAIHAE,HI,96743,8088821841,840,HI0000331,20250607,,,LTL,,,20,Fully Assigned To An Outbound Shipment,20250606,20250612,20250616,170156,250612P0000,N,0,0,0,2,90,Invoiced,,2,Pickticket Completely Invoiced.,,N,N,07520347,1,3605.3,3605.3,0.,0,3,245917.56,0.,0.,0,2100.,,TL,53,F,5,05,Reserve and Case-Pick,6600,N N,,,,2,20250612020,5C,Reserve and Case-Pick,241013,13785049,961,535797,535797,CSP,,,,,,,F,***,,***,,672.,672.,672.,0.,0.,672.,672.,12.,672.,168.,CT1,HIC,*,10732.4,90,Invoiced Complete,4225486,6600,20250606,143011,20250616,170156,VRINCON,2025-06-07 01:21:37,0,2025-06-17 01:17:36,INFAJOB,WMIPHPICK_15_AGC_4680402_20250606190045.txt,WMI,86de0a202a45f5731a2b9e95c33bee8f
263738003,20250617,202506,,7002,-7002,89152199,AGC,-961,89152199,89152199,DB,87011000,SGWSGFCA - FAIRFIELDTX W -107221028,,15245 HERITAGE PARKWAY,,,FORT WORTH,TX,76177,840,,SGWSGFCA - FAIRFIELDTX W -107221028,15245 HERITAGE PARKWAY,,,FORT WORTH,TX,76177,,840,8701-1000,0,,,LTL,,,20,Fully Assigned To An Outbound Shipment,20250613,20250616,20250617,180907,250616P0000,N,0,0,0,2,90,Invoiced,,2,Pickticket Completely Invoiced.,,N,N,,0,2907333.,0.,0.,0,28,1255.,0.,0.,0,1255.,,TL,53,F,5,03,ACTIVITY 3,,N N,,,,3,20250616008,9,All from Reserve,2179873,13026456,961,MISCTXD,MISCTXD,DAY,,,,,,,F,***,,***,,22.,28.,28.,0.,0.,28.,28.,1.,1.,200.,CT1,XDK,4207878,7920.,90,Invoiced Complete,89152199,,20250613,170319,20250617,180907,CGARCIA1,2025-06-14 01:22:55,0,2025-06-18 01:22:22,INFAJOB,WMIPHPICK_15_AGC_4700470_20250613190046.txt,WMI,0fb0400f29a8164072fe5f08191f2412
256969167,20250618,202506,,7002,-7002,89122220,AGC,-961,89122220,89122220,DB,77011000,SGWSGFCA - FAIRFIELDTN-,,6290 SHELBY VIEW DR,,,MEMPHIS,TN,381347662,840,,SGWSGFCA - FAIRFIELDTN-,6290 SHELBY VIEW DR,,,MEMPHIS,TN,381347662,,840,7701-1000,0,,,LTL,,,20,Fully Assigned To An Outbound Shipment,20250612,20250612,20250619,441,250612P0000,N,0,0,0,2,90,Invoiced,,2,Pickticket Completely Invoiced.,,N,N,,0,1387700.4,0.,0.,0,31,1128.,0.,0.,0,1128.,,TL,53,F,5,03,ACTIVITY 3,,N N,,,,18,20250612032,9,All from Reserve,6491550,12968114,961,MISCTEN,MISCTEN,DAY,,,,,,,F,***,,***,,22.,37.,37.,0.,0.,37.,37.,1.,1.,200.,CT1,XDK,4216819,7920.,90,Invoiced Complete,89122220,,20250612,160525,20250619,441,BCALDWELL,2025-06-13 01:22:42,0,2025-06-20 01:23:16,INFAJOB,WMIPHPICK_15_AGC_4697301_20250612190047.txt,WMI,b9b02f0baef60056b5e6f2ccd6dc9388
227156100,20250619,202506,,7002,-7002,89220888,AGC,-961,89220888,89220888,DB,95011000,SGWSGFCA - FAIRFIELDMO - RAYMORE MO,,1100 S DEAN AVE,,,RAYMORE,MO,64083,840,,SGWSGFCA - FAIRFIELDMO - RAYMORE MO,1100 S DEAN AVE,,,RAYMORE,MO,64083,,840,9501-1000,0,,,LTL,,,20,Fully Assigned To An Outbound Shipment,20250617,20250617,20250620,15203,250617P0000,N,0,0,0,2,90,Invoiced,,2,Pickticket Completely Invoiced.,,N,N,,0,2343251.,2343251.,0.,0,24,1149.,0.,0.,0,1149.,,TL,53,F,5,03,ACTIVITY 3,,N N,,,,3,20250617031,9,All from Reserve,12686107,12910067,961,MISCMOR,MISCMOR,DAY,,,,,,,F,***,,***,,22.,8.,8.,0.,0.,8.,8.,1.,1.,200.,CT1,XDK,4219563,7920.,90,Invoiced Complete,89220888,,20250617,180452,20250620,15203,BCALDWELL,2025-06-18 01:22:22,0,2025-06-21 01:22:41,INFAJOB,WMIPHPICK_15_AGC_4710992_20250617190046.txt,WMI,1e92f2797616ec027200e71733877a1e
252002714,20250619,202506,,7002,-7002,89218373,AGC,-961,89218373,89218373,DB,87021000,SGWSGFCA - FAIRFIELDTX W 512532-,,525 CANE ISLAND PARKWAY,,,KATY,TX,77494,840,,SGWSGFCA - FAIRFIELDTX W 512532-,525 CANE ISLAND PARKWAY,,,KATY,TX,77494,,840,8702-1000,0,,,LTL,,,20,Fully Assigned To An Outbound Shipment,20250617,20250617,20250620,15357,250617P0000,N,0,0,0,2,90,Invoiced,,2,Pickticket Completely Invoiced.,,N,N,,0,1280837.8,546.,0.,0,25,1231.,0.,0.,0,1231.,,TL,53,F,5,03,ACTIVITY 3,,N N,,,,6,20250617028,9,All from Reserve,2180193,12920171,961,MISCTXH,MISCTXH,DAY,,,,,,,F,***,,***,,22.,50.,50.,0.,0.,50.,50.,1.,1.,200.,CT1,XDK,4219697,7920.,90,Invoiced Complete,89218373,,20250617,180452,20250620,15357,BCALDWELL,2025-06-18 01:22:22,0,2025-06-21 01:22:41,INFAJOB,WMIPHPICK_15_AGC_4710992_20250617190046.txt,WMI,7f60e74f606d1b3b9e01b8ddb5f8a83d
206467116,20250624,202506,,7001,-7001,8021545186,AGK,-960,8021545186,8021545186,DH,8702,SGWS - Texas Houston,,9350 E Point Dr,,,Houston,TX,77054,840,,SGWS - Texas Houston,9350 E Point Dr,,,Houston,TX,77054,,840,8702,20250425,,,LTL,,,20,Fully Assigned To An Outbound Shipment,20250425,20250519,20250624,122020,250519P0000,N,0,0,0,2,90,Invoiced,,2,Pickticket Completely Invoiced.,,N,N,000,0,17528.4,17528.4,0.,0,10,1260731.79,0.,0.,0,4698.,,TL,53,P,5,02,ACTIVITY 2,8700,N N,,,,10,20250519021,9,All From Reserve,31959,12078897,960,327,327,DAY,,,,,,,F,***,,***,,4536.,4536.,4536.,0.,0.,4536.,4536.,12.,504.,72.,CT1,TXD,,25.1385,90,Invoiced Complete,4191679,8700,20250424,154620,20250624,122020,ZNOEFL,2025-04-24 22:24:17,0,2025-06-24 22:24:20,INFAJOB,WMIPHPICK_15_AGK_4554526_20250424160040.txt,WMI,2ffd4a38a7fb5a4ef506094b5c147dbf
244252091,20250625,202506,,7001,-7001,NY7663386,AGK,-960,NY7663386,NY7663386,DB,40037,SGWS/NEW YORK METRO,SGWS/NEW YORK METRO,345 UNDERHILL BLVD,,,SYOSSET,NY,11791,840,,SGWS/NEW YORK METRO,345 UNDERHILL BLVD,,,SYOSSET,NY,11791,5169219005,840,NY0040037,20250620,,,LTL,,,20,Fully Assigned To An Outbound Shipment,20250620,20250624,20250625,145851,250624P0000,N,0,0,0,2,90,Invoiced,,2,Pickticket Completely Invoiced.,,N,N,07663386,1,41802.6,0.,0.,0,20,1935067.56,0.,0.,0,12778.,,TL,53,F,5,02,ACTIVITY 2,4500,N N,,,,3,20250624019,9,All From Reserve,1991728,14229449,960,646597,646597,DAY,,,,,,,F,***,,***,,10.,10.,10.,0.,0.,10.,10.,12.,672.,168.,CT1,NYM,*,132.8,90,Invoiced Complete,4237384,4500,20250620,141302,20250625,145851,BSHEARER,2025-06-20 22:23:48,0,2025-06-25 22:23:24,INFAJOB,WMIPHPICK_15_AGK_4719794_20250620160045.txt,WMI,dfebdfd87f80e4c9417788337679dc5f
225019242,20250625,202506,,7002,-7002,89353955,AGC,-961,89353955,89353955,DB,7201LASV,SGWSGFCA - FAIRFIELDNV - LAS VEGAS-,,8400 SOUTH JONES BLVD,,,LAS VEGAS,NV,89139,840,,SGWSGFCA - FAIRFIELDNV - LAS VEGAS-,8400 SOUTH JONES BLVD,,,LAS VEGAS,NV,89139,,840,7201-LASV,0,,,LTL,,,20,Fully Assigned To An Outbound Shipment,20250623,20250623,20250625,125120,250623P0000,N,0,0,0,2,90,Invoiced,,2,Pickticket Completely Invoiced.,,N,N,,0,2967564.6,0.,0.,0,24,1281.,0.,0.,0,1281.,,TL,53,F,5,03,ACTIVITY 3,,N N,,,,4,20250623015,9,All from Reserve,428533,12991968,961,MISCNVL,MISCNVL,DAY,,,,,,,F,***,,***,,22.,80.,80.,0.,0.,80.,80.,1.,1.,200.,CT1,XDK,4213639,7920.,90,Invoiced Complete,89353955,,20250623,171257,20250625,125120,RCHOCKLIN,2025-06-24 01:18:46,0,2025-06-26 01:21:49,INFAJOB,WMIPHPICK_15_AGC_4727570_20250623190046.txt,WMI,ec61c0b3a7a9100783f077dd4abfb622
250604711,20250701,202507,,7002,-7002,FAB000005N,AGC,-961,FAB000005N,FAB000005N,DH,FAB0000C,Tradition Wine & Spirits,,1000 Pennsylvania Ave. S,,,Minneapolis,MN,55426,840,,Tradition Wine & Spirits,PO Box 27498,,,Golden Valley,MN,55427,612-964-0464,840,,0,,,LTL,,,20,Fully Assigned To An Outbound Shipment,20250626,20250626,20250701,161808,250626P0000,N,0,0,0,2,90,Invoiced,,2,Pickticket Completely Invoiced.,,N,N,FAB000005N,1,184.,184.,0.,0,4,240.,0.,0.,0,2208.,,TL,53,F,5,01,ACTIVITY 1,,,,,,1,20250626027,9,All from Reserve,123060,13621961,961,FAB00001,FAB00001,DAY,,,,,,,F,***,,***,,1536.,1536.,1536.,0.,0.,1536.,1536.,12.,1.,1.,CT1,FAB,*,132.,90,Invoiced Complete,7222,,20250626,194433,20250701,161808,VRINCON,2025-06-27 01:22:15,0,2025-07-02 01:19:26,INFAJOB,WMIPHPICK_15_AGC_4736432_20250626190046.txt,WMI,d1acd48281383d17ef0ee0530a934aa0
263772514,20250702,202507,,7002,-7002,HI7520502,AGC,-961,HI7520502,HI7520502,DB,330,SGWS MAUI WHSE 3,SGWS MAUI WHSE 3,231 LALO PLACE,,,KAHULUI,HI,96732,840,,SGWS MAUI WHSE 3,231 LALO PLACE,,,KAHULUI,HI,96732,8088718406,840,HI0000330,20250625,,,LTL,,,20,Fully Assigned To An Outbound Shipment,20250624,20250630,20250702,151925,250630P0000,N,0,2,0,2,90,Invoiced,,2,Pickticket Completely Invoiced.,,N,N,07520502,1,20326.4,20326.4,0.,0,20,1160166.398,0.,0.,0,8754.,,TL,53,F,5,05,Reserve and Case-Pick,6600,N N,,,,35,20250630002,5C,Reserve and Case-Pick,164230,13777752,961,641899,641899,CSP,,,,,,,F,***,,***,,336.,336.,336.,0.,0.,336.,336.,12.,672.,168.,CT1,HIC,*,4032.,90,Invoiced Complete,4240458,6600,20250624,161012,20250702,151925,VRINCON,2025-06-25 01:22:29,0,2025-07-03 01:22:32,INFAJOB,WMIPHPICK_15_AGC_4730770_20250624190047.txt,WMI,2c476442e0656c303e7da66a36ad2ca3
278555409,20250702,202507,,7002,-7002,HI7520506,AGC,-961,HI7520506,HI7520506,DB,332,SGWS KAUAI WHSE 5,SGWS KAUAI WHSE 5,1556 HALEUKANA ST,,,LIHUE,HI,96766,840,,SGWS KAUAI WHSE 5,1556 HALEUKANA ST,,,LIHUE,HI,96766,8082452999,840,HI0000332,20250625,,,LTL,,,20,Fully Assigned To An Outbound Shipment,20250624,20250627,20250702,153304,250627P0000,N,0,0,0,2,90,Invoiced,,2,Pickticket Completely Invoiced.,,N,N,07520506,1,26431.35,26431.35,0.,0,66,1824074.378,0.,0.,0,8656.,,TL,53,F,5,02,ACTIVITY 2,6600,N N,,,,22,20250627020,9,All from Reserve,12448985,13744205,961,516522,516522,DAY,,,,,,,F,***,,***,,12.,12.,12.,0.,12.,0.,0.,12.,720.,180.,CT1,HIC,*,72.75,90,Invoiced Complete,4240462,6600,20250624,161413,20250702,153254,VRINCON,2025-06-25 01:22:29,0,2025-07-03 01:22:32,INFAJOB,WMIPHPICK_15_AGC_4730770_20250624190047.txt,WMI,9ae6b3a8015efea37e16f9078184c59e
278572369,20250702,202507,,7002,-7002,HI7520506,AGC,-961,HI7520506,HI7520506,DB,332,SGWS KAUAI WHSE 5,SGWS KAUAI WHSE 5,1556 HALEUKANA ST,,,LIHUE,HI,96766,840,,SGWS KAUAI WHSE 5,1556 HALEUKANA ST,,,LIHUE,HI,96766,8082452999,840,HI0000332,20250625,,,LTL,,,20,Fully Assigned To An Outbound Shipment,20250624,20250627,20250702,153304,250627P0000,N,0,0,0,2,90,Invoiced,,2,Pickticket Completely Invoiced.,,N,N,07520506,1,26431.35,26431.35,0.,0,66,1824074.378,0.,0.,0,8656.,,TL,53,F,5,02,ACTIVITY 2,6600,N N,,,,84,20250627020,9,All from Reserve,2147236,13866690,961,986291,986291,DAY,,,,,,,F,***,,***,,168.,168.,168.,0.,0.,168.,168.,12.,672.,168.,CT1,HIC,*,1648.92,90,Invoiced Complete,4240462,6600,20250624,161413,20250702,153304,VRINCON,2025-06-25 01:22:29,0,2025-07-03 01:22:32,INFAJOB,WMIPHPICK_15_AGC_4730770_20250624190047.txt,WMI,1603b4713988803b329419ba81b837b4
232093409,20250703,202507,,7002,-7002,HI7520508,AGC,-961,HI7520508,HI7520508,DB,331,SGWS BIG ISLAND WHSE 4,SGWS BIG ISLAND WHSE 4,"61 3785 MALUOKALANI PLACE, #12",,,KAWAIHAE,HI,96743,840,,SGWS BIG ISLAND WHSE 4,"61 3785 MALUOKALANI PLACE, #12",,,KAWAIHAE,HI,96743,8088821841,840,HI0000331,20250625,,,LTL,,,20,Fully Assigned To An Outbound Shipment,20250624,20250701,20250703,124825,250701P0000,N,0,0,0,2,90,Invoiced,,2,Pickticket Completely Invoiced.,,N,N,07520508,1,29297.55,29297.55,0.,0,80,2098358.713,0.,0.,0,11268.,,TL,53,F,5,02,ACTIVITY 2,6600,N N,,,,45,20250701004,9,All from Reserve,1312689,14375574,961,523076,523076,DAY,,,,,,,F,***,,***,,264.,264.,264.,0.,0.,264.,264.,12.,528.,132.,CT1,HIC,*,2698.74,90,Invoiced Complete,4240463,6600,20250624,161613,20250703,124825,VRINCON,2025-06-25 01:22:29,0,2025-07-04 06:17:45,INFAJOB,WMIPHPICK_15_AGC_4730770_20250624190047.txt,WMI,bafdf3d4c735ed385cf39d87a81bcf36
253497258,20250708,202507,,7002,-7002,89510124,AGC,-961,89510124,89510124,DB,5201BULK,SGWSGFCA - FAIRFIELDAZ-,,2375 S 45TH AVE,,,PHOENIX,AZ,85043,840,,SGWSGFCA - FAIRFIELDAZ-,2375 S 45TH AVE,,,PHOENIX,AZ,85043,,840,5201-BULK,0,,,LTL,,,20,Fully Assigned To An Outbound Shipment,20250630,20250630,20250708,182950,250630P0000,N,0,0,0,2,90,Invoiced,,2,Pickticket Completely Invoiced.,,N,N,,0,3611579.4,0.,0.,0,29,1559.,0.,0.,0,1559.,,TL,53,F,5,03,ACTIVITY 3,,N N,,,,2,20250630019,9,All from Reserve,2028527,12886643,961,MISCPHX,MISCPHX,DAY,,,,,,,F,***,,***,,22.,5.,5.,0.,0.,5.,5.,1.,1.,200.,CT1,XDK,4204834,7920.,90,Invoiced Complete,89510124,,20250630,175504,20250708,182950,RCHOCKLIN,2025-07-01 01:22:37,0,2025-07-09 01:18:52,INFAJOB,WMIPHPICK_15_AGC_4748059_20250630190046.txt,WMI,d75ace785621916f3b6b373cd40d061a
267965704,20250708,202507,,7002,-7002,89539967,AGC,-961,89539967,89539967,DB,95011000,SGWSGFCA - FAIRFIELDS - CA-YMORE MO,,1100 S DEAN AVE,,,RAYMORE,MO,64083,840,,SGWSGFCA - FAIRFIELDS - CA-YMORE MO,1100 S DEAN AVE,,,RAYMORE,MO,64083,,840,9501-1000,0,,,LTL,,,20,Fully Assigned To An Outbound Shipment,20250701,20250701,20250709,22114,250701P0000,N,0,0,0,2,90,Invoiced,,2,Pickticket Completely Invoiced.,,N,N,,0,2694281.8,0.,0.,0,20,1167.,0.,0.,0,1167.,,TL,53,F,5,03,ACTIVITY 3,,N N,,,,3,20250701021,9,All from Reserve,12686107,12910067,961,MISCMOR,MISCMOR,DAY,,,,,,,F,***,,***,,22.,7.,7.,0.,0.,7.,7.,1.,1.,200.,CT1,XDK,4233102,7920.,90,Invoiced Complete,89539967,,20250701,174852,20250709,22114,BCALDWELL,2025-07-02 01:19:26,0,2025-07-10 01:18:50,INFAJOB,WMIPHPICK_15_AGC_4751344_20250701190052.txt,WMI,c0a720c6150234e8afa63b83b0105a70
244297479,20250710,202507,,7002,-7002,CA7259244,AGC,-961,CA7259244,CA7259244,DB,99005,SANTA FE SPRINGS,SANTA FE SPRINGS,13500 FOSTER ROAD,,,SANTA FE SPRINGS,CA,90670,840,,SANTA FE SPRINGS,13500 FOSTER ROAD,,,SANTA FE SPRINGS,CA,90670,5629262000,840,CA0099005,20250704,,,LTL,,,20,Fully Assigned To An Outbound Shipment,20250703,20250708,20250710,182140,250708P0000,N,0,0,0,2,90,Invoiced,,2,Pickticket Completely Invoiced.,,N,N,07259244,1,42804.6,42804.6,0.,0,22,2412960.,0.,0.,0,13896.,,TL,53,F,5,02,ACTIVITY 2,6200,N N,,,,3,20250708021,9,All from Reserve,1907233,13962701,961,412253,412253,DAY,,,,,,,F,***,,***,,960.,960.,960.,0.,0.,960.,960.,6.,480.,120.,CT1,SFS,*,25851.2,90,Invoiced Complete,4248422,6200,20250703,124514,20250710,182140,VRINCON,2025-07-04 06:17:45,0,2025-07-11 01:18:39,INFAJOB,WMIPHPICK_15_AGC_4757529_20250703190046.txt,WMI,cee29679ff565bb8f24619357161ad59
280564364,20250715,202507,,7002,-7002,89776034,AGC,-961,89776034,89776034,DB,5601BULK,SGWSGFCA - FAIRFIELDSD-,,3350 4TH AVENUE EAST,,,SHAKOPEE,MN,55379,840,,SGWSGFCA - FAIRFIELDSD-,3350 4TH AVENUE EAST,,,SHAKOPEE,MN,55379,,840,5601-BULK,0,,,LTL,,,20,Fully Assigned To An Outbound Shipment,20250711,20250711,20250715,175152,250711P0000,N,0,0,0,2,90,Invoiced,,2,Pickticket Completely Invoiced.,,N,N,,0,42010.79999,0.,0.,0,29,1168.,0.,0.,0,1168.,,TL,53,F,5,03,ACTIVITY 3,,N N,,,,5,20250711023,9,All from Reserve,12772823,12985326,961,MISCMIN,MISCMIN,DAY,,,,,,,F,***,,***,,22.,89.,89.,0.,0.,89.,89.,1.,1.,200.,CT1,XDK,4231980,7920.,90,Invoiced Complete,89776034,,20250711,162122,20250715,175152,CGARCIA1,2025-07-12 01:19:11,0,2025-07-16 01:24:33,INFAJOB,WMIPHPICK_15_AGC_4782398_20250711190045.txt,WMI,06e47a2fec9f4a53531969819b849b08
277312940,20250715,202507,,7002,-7002,PRE000002B,AGC,-961,PRE000002B,PRE000002B,DH,PRE00060,SGWS OF OKLAHOMA,,315 S 85TH EAST AVE,,,TULSA,OK,74158,840,,SGWS OF OKLAHOMA,3800 SOUTH HARMON,,,OKLAHOMA CITY,OK,73179,,840,,0,,,LTL,,,,Not Assigned To An Outbound Shipment,20250715,0,0,0,,,,,,,10,Unselected,,,,,Y,N,PRE000002B,1,0.,0.,0.,0,0,0.,0.,0.,0,1488.,,TL,53,F,0,,,,,,,,2,,,,146848,15902496,961,PRE000A4,PRE000A4,,,,,,,,F,,,,,120.,120.,120.,0.,0.,0.,0.,6.,0.,0.,,PRE,*,0.,,,,,20250715,170050,20250715,170050,AGCWMI,2025-07-16 01:24:33,0,2025-07-17 01:23:25,INFAJOB,WMIPHPICK_15_AGC_4792694_20250715190045.txt,WMI,929dbdf0af43745f022881de910a11fc
263325457,20250717,202507,,7001,-7001,MD7508778,AGK,-960,MD7508778,MD7508778,DB,10000,MARYLAND QUAD WAREHOUSE,MARYLAND QUAD WAREHOUSE,7001-C QUAD AVE,,,ROSEDALE,MD,21237,840,,MARYLAND QUAD WAREHOUSE,7001-C QUAD AVE,,,ROSEDALE,MD,21237,4106465500,840,MD0010000,20250710,,,LTL,,,20,Fully Assigned To An Outbound Shipment,20250709,20250715,20250717,110523,250715P0000,N,0,0,0,2,90,Invoiced,,2,Pickticket Completely Invoiced.,,N,N,07508778,1,32149.2,0.,0.,0,16,1649088.,0.,0.,0,14304.,,TL,53,F,5,02,ACTIVITY 2,5500,N N,,,,2,20250715009,9,All From Reserve,46541,15584346,960,535797,535797,DAY,,,,,,,F,***,,***,,4704.,4704.,4704.,0.,0.,4704.,4704.,12.,672.,168.,CT1,MRD,*,75232.64,90,Invoiced Complete,4251128,5500,20250709,143301,20250717,110523,BSHEARER,2025-07-09 22:23:14,0,2025-07-17 22:26:09,INFAJOB,WMIPHPICK_15_AGK_4775357_20250709160045.txt,WMI,450b7e2e84f1e6ea07b942bb4ea8f8e9
268829719,20250721,202507,,7002,-7002,PRE000003J,AGC,-961,PRE000003J,PRE000003J,DH,PRE0006W,TENNESSEE CROWN DISTRIBUTING C,,3485 TCHULATECH DRIVE,,,MEMPHIS,TN,38118,840,,TENNESSEE CROWN DISTRIBUTING C,3485 TCHULATECH DRIVE,,,MEMPHIS,TN,38118,,840,,0,,,LTL,,,,Not Assigned To An Outbound Shipment,20250721,0,0,0,,,,,,,10,Unselected,,,,,Y,N,PRE000003J,1,0.,0.,0.,0,0,0.,0.,0.,0,156.,,TL,53,F,0,,,,,,,,1,,,,127625,13755291,961,PRE0007R,PRE0007R,,,,,,,,F,,,,,48.,48.,48.,0.,0.,0.,0.,12.,0.,0.,,PRE,*,0.,,,,,20250721,121142,20250721,121142,AGCWMI,2025-07-22 01:22:01,0,2025-07-22 01:22:01,INFAJOB,WMIPHPICK_15_AGC_4808922_20250721190046.txt,WMI,b1282cca1f8ad61160aa9e12939b9e7b
251879291,20250722,202507,,7001,-7001,SC7504943,AGK,-960,SC7504943,SC7504943,DB,9014,SGWS - SOUTH CAROLINA,SGWS - SOUTH CAROLINA,7600 RICHARD STREET,,,COLUMBIA,SC,29202,840,,SGWS - SOUTH CAROLINA,7600 RICHARD STREET,,,COLUMBIA,SC,29202,8036951630,840,SC0009014,20250716,,,LTL,,,20,Fully Assigned To An Outbound Shipment,20250715,20250717,20250722,142136,250717P0000,N,0,0,0,2,90,Invoiced,,2,Pickticket Completely Invoiced.,,N,N,07504943,1,38975.6,0.,0.,0,23,2814531.232,0.,0.,0,27516.,,TL,53,F,5,02,ACTIVITY 2,3200,N N,,,,7,20250717030,9,All From Reserve,35577,7434008,960,546410,546410,DAY,,,,,,,F,***,,***,,900.,900.,900.,0.,0.,900.,900.,6.,450.,90.,CT1,COL,*,9358.5,90,Invoiced Complete,4257015,3200,20250715,165618,20250722,142136,BSHEARER,2025-07-15 22:25:38,0,2025-07-22 22:21:23,INFAJOB,WMIPHPICK_15_AGK_4792030_20250715160044.txt,WMI,b26fd8eb526489fb53e8bf496f1d395d
250928539,20250722,202507,,7001,-7001,SC7504961,AGK,-960,SC7504961,SC7504961,DB,9014,SGWS - SOUTH CAROLINA,SGWS - SOUTH CAROLINA,7600 RICHARD STREET,,,COLUMBIA,SC,29202,840,,SGWS - SOUTH CAROLINA,7600 RICHARD STREET,,,COLUMBIA,SC,29202,8036951630,840,SC0009014,20250723,,,LTL,,,,Not Assigned To An Outbound Shipment,20250722,0,0,0,,,,,,,10,Unselected,,,,,Y,N,07504961,1,0.,0.,0.,0,0,0.,0.,0.,0,14220.,,TL,53,F,0,,,3200,N N,,,,4,,,,66166,11851524,960,228619,228619,,,,,,,,F,,,,,2160.,2160.,2160.,0.,0.,0.,0.,24.,0.,0.,,COL,*,9018.,,,,3200,20250722,172316,20250722,172316,AGKWMI,2025-07-22 22:21:23,0,2025-07-22 22:21:23,INFAJOB,WMIPHPICK_15_AGK_4811471_20250722160043.txt,WMI,e560d6b645377952e7e8d1af63954142
261716517,20250722,202507,,7002,-7002,89879154,AGC,-961,89879154,89879154,DB,7202SPAR,SGWSGFCA - FAIRFIELDNV - SPARKS-,,250 LILLARD,,,SPARKS,NV,89434,840,,SGWSGFCA - FAIRFIELDNV - SPARKS-,250 LILLARD,,,SPARKS,NV,89434,,840,7202-SPAR,0,,,LTL,,,20,Fully Assigned To An Outbound Shipment,20250716,20250716,20250722,130344,250716P0000,N,0,0,0,2,90,Invoiced,,2,Pickticket Completely Invoiced.,,N,N,,0,166043.4,166043.4,0.,0,33,1297.,0.,0.,0,1297.,,TL,53,F,5,03,ACTIVITY 3,,N N,,,,6,20250716012,9,All from Reserve,2133484,13048097,961,MISCNVS,MISCNVS,DAY,,,,,,,F,***,,***,,22.,1.,1.,0.,0.,1.,1.,1.,1.,200.,CT1,XDK,4241668,7920.,90,Invoiced Complete,89879154,,20250716,151232,20250722,130344,RPERRYLV,2025-07-17 01:23:25,0,2025-07-23 01:24:27,INFAJOB,WMIPHPICK_15_AGC_4795907_20250716190046.txt,WMI,43a51496f6b3bcf410fb9660e8454323
316851482,20250722,202507,,7002,-7002,HI7520630,AGC,-961,HI7520630,HI7520630,DB,329,SGWS CAMPBELL WHSE 1,SGWS CAMPBELL WHSE 1,91 210 HANUA ST,,,KAPOLEI,HI,96707,840,,SGWS CAMPBELL WHSE 1,91 210 HANUA ST,,,KAPOLEI,HI,96707,8086823737,840,HI0000329,20250717,,,LTL,,,20,Fully Assigned To An Outbound Shipment,20250716,20250718,20250722,141241,250718P0000,N,0,0,0,2,90,Invoiced,,2,Pickticket Completely Invoiced.,,N,N,07520630,1,38856.69,38856.69,0.,0,29,2191299.355,0.,0.,0,15192.,,TL,53,F,5,02,ACTIVITY 2,6600,N N,,,,7,20250718018,9,All from Reserve,2143724,14512338,961,324593,324593,DAY,,,,,,,F,***,,***,,2016.,2016.,2016.,0.,840.,1176.,1176.,12.,672.,168.,CT1,HIC,*,8912.4,90,Invoiced Complete,4257848,6600,20250716,155435,20250722,141241,VRINCON,2025-07-17 01:23:25,0,2025-07-23 01:24:27,INFAJOB,WMIPHPICK_15_AGC_4795907_20250716190046.txt,WMI,525fe3b5bc389d7afcbd1d23c597afbb
232450122,20250722,202507,,7002,-7002,HI7520633,AGC,-961,HI7520633,HI7520633,DB,331,SGWS BIG ISLAND WHSE 4,SGWS BIG ISLAND WHSE 4,"61 3785 MALUOKALANI PLACE, #12",,,KAWAIHAE,HI,96743,840,,SGWS BIG ISLAND WHSE 4,"61 3785 MALUOKALANI PLACE, #12",,,KAWAIHAE,HI,96743,8088821841,840,HI0000331,20250717,,,LTL,0002169939,0002169940,10,Partially Assigned To An Outbound Shipment,20250716,20250722,0,0,250722P0000,Y,0,2,0,2,35,In Packing,,,,,N,N,07520633,1,28278.5,0.,0.,0,59,1552155.858,0.,0.,0,8930.,,TL,53,F,5,05,Reserve and Case-Pick,6600,N N,,,,18,20250722010,5C,Reserve and Case-Pick,1902763,15983868,961,300381,300381,CSP,,,,,,,F,***,,***,,72.,72.,72.,0.,0.,0.,0.,12.,480.,96.,CT1,HIC,*,414.96,,,4257852,6600,20250716,155836,20250722,161601,VRINCON,2025-07-17 01:23:25,0,2025-07-23 01:24:27,INFAJOB,WMIPHPICK_15_AGC_4795907_20250716190046.txt,WMI,68c8550e0ee24beb70c46b2e0309f367
238356125,20250722,202507,,7002,-7002,HI7520674,AGC,-961,HI7520674,HI7520674,DB,329,SGWS CAMPBELL WHSE 1,SGWS CAMPBELL WHSE 1,91 210 HANUA ST,,,KAPOLEI,HI,96707,840,,SGWS CAMPBELL WHSE 1,91 210 HANUA ST,,,KAPOLEI,HI,96707,8086823737,840,HI0000329,20250723,,,LTL,,,,Not Assigned To An Outbound Shipment,20250722,0,0,0,,,,,,,10,Unselected,,,,,Y,N,07520674,1,0.,0.,0.,0,0,0.,0.,0.,0,12012.,,TL,53,F,0,,,6600,N N,,,,37,,,,12456346,13765749,961,532440,532440,,,,,,,,F,,,,,168.,168.,168.,0.,0.,0.,0.,12.,0.,0.,,HIC,*,2016.,,,,6600,20250722,170117,20250722,170117,AGCWMI,2025-07-23 01:24:27,0,2025-07-23 01:24:27,INFAJOB,WMIPHPICK_15_AGC_4812135_20250722190046.txt,WMI,3a0c8de7f5c6f0a876da46e4eb1aa918
314903731,20250722,202507,,7002,-7002,90013105,AGC,-961,90013105,90013105,DB,3501BOLI,SGWSGFCA - FAIRFIELDIL-,,300 EAST CROSSROADS PARKWAY,,,BOLINGBROOK,IL,60440,840,,SGWSGFCA - FAIRFIELDIL-,300 EAST CROSSROADS PARKWAY,,,BOLINGBROOK,IL,60440,,840,3501-BOLI,0,,,LTL,,,,Not Assigned To An Outbound Shipment,20250722,0,0,0,,,,,,,10,Unselected,,,,,Y,N,,0,0.,0.,0.,0,0,0.,0.,0.,0,1619.,,TL,53,F,0,,,,N N,,,,2,,,,2401952,12888203,961,MISCBOL,MISCBOL,,,,,,,,F,,,,,22.,74.,74.,0.,0.,0.,0.,1.,0.,0.,CT1,XDK,4243200,0.,,,,,20250722,140737,20250722,140737,AGCWMI,2025-07-23 01:24:27,0,2025-07-23 01:24:27,INFAJOB,WMIPHPICK_15_AGC_4812135_20250722190046.txt,WMI,e073ae9ff2677a6d694b668f82751552
99681570,20240626,202406,,7001,-7001,80739436,AGK,-960,80739436,80739436,DB,1401BULK,SOUTHERN GLAZERS OF FL,,4440 OLD TAMPA HIGHWAY,,,LAKELAND,FL,33811,840,,SOUTHERN GLAZERS OF FL,4440 OLD TAMPA HIGHWAY,,,LAKELAND,FL,33811,,840,1401-BULK,0,,,LTL,,,20,Fully Assigned To An Outbound Shipment,20240617,20240624,20240626,144103,240624P0000,N,0,0,0,2,90,Invoiced,,2,Pickticket Completely Invoiced.,,N,N,,0,44004.,0.,0.,0,19,2122041.6,0.,0.,0,19.,,TL,53,F,5,03,ACTIVITY 3,,N N,,,,1,20240624011,9,All From Reserve,65558,4734609,960,MISCLAK,MISCLAK,DAY,,,,,,,F,***,,***,,22.,4.,4.,0.,0.,4.,4.,1.,1.,1.,CT1,XDK,3835323,7920.,90,Invoiced Complete,80739436,,20240617,123636,20240626,144103,KRENO,2024-07-20 14:03:28,0,2024-07-20 14:03:28,INFAJOB,WMIPHPICK_15_Adhoc_3730955_20240719125822.txt,WMI,b20b63144e2b7a2fcf7fe80ec22d67db
98739256,20240304,202403,,7001,-7001,1000000454,AGK,-960,100000000X,100000000X,DH,10000148,HIB 78091140,,4757 W PARK BLVD SUITE #106,,,PLANO,TX,75093,840,,FUZI FINE WINE,4757 W PARK BLVD SUITE #106,,,PLANO,TX,75093,9729439463,840,1000014891,20231113,,,LTL,,,20,Fully Assigned To An Outbound Shipment,20231113,20240229,20240304,124050,240229P0000,N,0,0,0,2,90,Invoiced,,2,Pickticket Completely Invoiced.,,N,N,000,0,69480.,0.,0.,0,30,3362284.4,0.,0.,0,31.,,TL,53,F,5,03,ACTIVITY 3,8700,N N,30012966,Matthew,Carruthers,5,20240229001,9,All From Reserve,57497,4690971,960,MISCHIB,MISCHIB,DAY,,,,,,,F,***,,***,,2.,2.,2.,0.,1.,1.,1.,1.,1.,1.,CT1,XDK,3766534,7920.,90,Invoiced Complete,78091140,,20240228,150057,20240304,124050,EDOBBINS,2024-07-20 14:03:28,0,2024-07-20 14:03:28,INFAJOB,WMIPHPICK_15_Adhoc_3730955_20240719125822.txt,WMI,8589f37efb5dd81aa66a62d796481169
100019990,20240514,202405,,7001,-7001,79719223,AGK,-960,79719223,79719223,DB,87011000,SOUTHERN GLAZER'S OF TX W -10722102,,15245 HERITAGE PARKWAY,,,FORT WORTH,TX,76177,840,,SOUTHERN GLAZER'S OF TX W -10722102,15245 HERITAGE PARKWAY,,,FORT WORTH,TX,76177,,840,8701-1000,0,,,LTL,,,20,Fully Assigned To An Outbound Shipment,20240503,20240510,20240514,152324,240510P0000,N,0,0,0,2,90,Invoiced,,2,Pickticket Completely Invoiced.,,N,N,,0,44004.,0.,0.,0,19,2122041.6,0.,0.,0,19.,,TL,53,F,5,03,ACTIVITY 3,,N N,,,,2,20240510008,9,All From Reserve,31792,4680223,960,MISCTXD,MISCTXD,DAY,,,,,,,F,***,,***,,22.,2.,2.,0.,0.,2.,2.,1.,1.,1.,CT1,XDK,3878661,7920.,90,Invoiced Complete,79719223,,20240503,83141,20240514,152324,EDOBBINS,2024-07-20 14:03:28,0,2024-07-20 14:03:28,INFAJOB,WMIPHPICK_15_Adhoc_3730955_20240719125822.txt,WMI,27fda5ca1fcc70e95dcda90269b63d5b
100296215,20240322,202403,,7001,-7001,1000000598,AGK,-960,100000000X,100000000X,DH,10000148,NVL 78580341,,4757 W PARK BLVD SUITE #106,,,PLANO,TX,75093,840,,FUZI FINE WINE,4757 W PARK BLVD SUITE #106,,,PLANO,TX,75093,9729439463,840,1000014891,20231113,,,LTL,,,20,Fully Assigned To An Outbound Shipment,20231113,20240320,20240322,131931,240320P0000,N,0,0,0,2,90,Invoiced,,2,Pickticket Completely Invoiced.,,N,N,000,0,44004.,0.,0.,0,19,2129702.4,0.,0.,0,19.,,TL,53,F,5,03,ACTIVITY 3,8700,N N,30012966,Matthew,Carruthers,2,20240320006,9,All From Reserve,1825643,4692632,960,MISCNVL,MISCNVL,DAY,,,,,,,F,***,,***,,18.,18.,18.,0.,0.,18.,18.,1.,1.,1.,CT1,XDK,3825905,7920.,90,Invoiced Complete,78580341,,20240320,141902,20240322,131931,EDOBBINS,2024-07-20 14:03:28,0,2024-07-20 14:03:28,INFAJOB,WMIPHPICK_15_Adhoc_3730955_20240719125822.txt,WMI,72048972f6da5b260666fd6f631489d3
100806173,20240209,202402,,7001,-7001,1000000351,AGK,-960,100000000X,100000000X,DH,10000148,COL 77463869,,4757 W PARK BLVD SUITE #106,,,PLANO,TX,75093,840,,FUZI FINE WINE,4757 W PARK BLVD SUITE #106,,,PLANO,TX,75093,9729439463,840,1000014891,20231113,,,LTL,,,20,Fully Assigned To An Outbound Shipment,20231113,20240208,20240209,73031,240208P0000,N,0,0,0,2,90,Invoiced,,2,Pickticket Completely Invoiced.,,N,N,000,0,46320.,0.,25476.,0,20,2238159.6,0.,1232985.6,0,20.,,TL,53,F,5,03,ACTIVITY 3,8700,N N,30012966,Matthew,Carruthers,3,20240208004,9,All From Reserve,19447,4757900,960,MISCCOL,MISCCOL,DAY,,,,,,,F,***,,***,,3.,3.,3.,0.,0.,3.,3.,1.,1.,1.,CT1,XDK,3774229,7920.,90,Invoiced Complete,77463869,,20240208,93823,20240209,73031,EDOBBINS,2024-07-20 14:03:28,0,2024-07-20 14:03:28,INFAJOB,WMIPHPICK_15_Adhoc_3730955_20240719125822.txt,WMI,36f85a29e5fcdab4658e50e01e8ba5b5
100409100,20240313,202403,,7001,-7001,1000000529,AGK,-960,100000000X,100000000X,DH,10000148,NEO 78454868,,4757 W PARK BLVD SUITE #106,,,PLANO,TX,75093,840,,FUZI FINE WINE,4757 W PARK BLVD SUITE #106,,,PLANO,TX,75093,9729439463,840,1000014891,20231113,,,LTL,,,20,Fully Assigned To An Outbound Shipment,20231113,20240312,20240313,103034,240312P0000,N,0,0,0,2,90,Invoiced,,2,Pickticket Completely Invoiced.,,N,N,000,0,50952.,0.,0.,0,22,2465971.2,0.,0.,0,22.,,TL,53,F,5,03,ACTIVITY 3,8700,N N,30012966,Matthew,Carruthers,3,20240312008,9,All From Reserve,21688,4685067,960,MISCNEO,MISCNEO,DAY,,,,,,,F,***,,***,,1.,1.,1.,0.,0.,1.,1.,1.,1.,1.,CT1,XDK,3817588,7920.,90,Invoiced Complete,78454868,,20240312,120850,20240313,103034,EDOBBINS,2024-07-20 14:03:28,0,2024-07-20 14:03:28,INFAJOB,WMIPHPICK_15_Adhoc_3730955_20240719125822.txt,WMI,a23f32c0603304a64dbd8ac0fd2bcd09
100135276,20240422,202404,,7001,-7001,78989099,AGK,-960,78989099,78989099,DB,87014000,SOUTHERN GLAZER'S OF TX W -10722102,,15245 HERITAGE PARKWAY,,,FORT WORTH,TX,76177,840,,SOUTHERN GLAZER'S OF TX W -10722102,15245 HERITAGE PARKWAY,,,FORT WORTH,TX,76177,,840,8701-4000,0,,,LTL,,,20,Fully Assigned To An Outbound Shipment,20240401,20240418,20240422,150700,240418P0000,N,0,0,0,2,90,Invoiced,,2,Pickticket Completely Invoiced.,,N,N,,0,48636.,0.,0.,0,21,2345414.4,0.,0.,0,21.,,TL,53,F,5,03,ACTIVITY 3,,N N,,,,2,20240418008,9,All From Reserve,31792,4680223,960,MISCTXD,MISCTXD,DAY,,,,,,,F,***,,***,,22.,1.,1.,0.,0.,1.,1.,1.,1.,1.,CT1,XDK,3846408,7920.,90,Invoiced Complete,78989099,,20240401,141739,20240422,150700,EDOBBINS,2024-07-20 14:03:28,0,2024-07-20 14:03:28,INFAJOB,WMIPHPICK_15_Adhoc_3730955_20240719125822.txt,WMI,2287cdc3961b6fec4c566764e58d45f2
100663456,20240710,202407,,7001,-7001,81174558,AGK,-960,81174558,81174558,DB,5201BULK,SOUTHERN GLAZERS OF AZ,,2375 S 45TH AVE,,,PHOENIX,AZ,85043,840,,SOUTHERN GLAZERS OF AZ,2375 S 45TH AVE,,,PHOENIX,AZ,85043,,840,5201-BULK,0,,,LTL,,,20,Fully Assigned To An Outbound Shipment,20240705,20240708,20240710,105023,240708P0000,N,0,0,0,2,90,Invoiced,,2,Pickticket Completely Invoiced.,,N,N,,0,44004.,0.,0.,0,19,2122041.6,0.,0.,0,19.,,TL,53,F,5,03,ACTIVITY 3,,N N,,,,3,20240708005,9,All From Reserve,9867729,4723601,960,MISCPHX,MISCPHX,DAY,,,,,,,F,***,,***,,22.,1.,1.,0.,0.,1.,1.,1.,1.,1.,CT1,XDK,3921596,7920.,90,Invoiced Complete,81174558,,20240705,161127,20240710,105023,EDOBBINS,2024-07-20 14:03:28,0,2024-07-20 14:03:28,INFAJOB,WMIPHPICK_15_Adhoc_3730955_20240719125822.txt,WMI,ec9d81faf9a6b8d4a08a9717ee38f12d
103208547,20240129,202401,,7001,-7001,1000000240,AGK,-960,100000000X,100000000X,DH,10000148,NEO 77315999,,4757 W PARK BLVD SUITE #106,,,PLANO,TX,75093,840,,FUZI FINE WINE,4757 W PARK BLVD SUITE #106,,,PLANO,TX,75093,9729439463,840,1000014891,20231113,,,LTL,,,20,Fully Assigned To An Outbound Shipment,20231113,20240119,20240129,145712,240119P0000,N,0,0,0,2,90,Invoiced,,2,Pickticket Completely Invoiced.,,N,N,000,0,62532.,62532.,0.,0,27,3026419.2,0.,0.,0,27.,,TL,53,F,5,03,ACTIVITY 3,8700,N N,30012966,Matthew,Carruthers,2,20240119003,9,All From Reserve,21688,4685067,960,MISCNEO,MISCNEO,DAY,,,,,,,F,***,,***,,9.,9.,9.,0.,0.,9.,9.,1.,1.,1.,CT1,NEO,3758539,7920.,90,Invoiced Complete,77315999,,20240119,121846,20240129,145712,EUBER,2024-07-20 14:03:28,0,2024-07-20 14:03:28,INFAJOB,WMIPHPICK_15_Adhoc_3730955_20240719125822.txt,WMI,d63fbf503479f7ebdf5d7410c940d8b6
101799618,20231231,202312,,7001,-7001,1000000150,AGK,-960,100000000X,100000000X,DH,10000148,76952428 - OMAHA,,4757 W PARK BLVD SUITE #106,,,PLANO,TX,75093,840,,FUZI FINE WINE,4757 W PARK BLVD SUITE #106,,,PLANO,TX,75093,9729439463,840,1000014891,20231113,,,LTL,,,20,Fully Assigned To An Outbound Shipment,20231113,20231228,20231231,95603,231228P0000,N,0,0,0,2,90,Invoiced,,2,Pickticket Completely Invoiced.,,N,N,000,0,50952.,0.,0.,0,22,2465971.2,0.,0.,0,22.,,TL,53,F,5,03,ACTIVITY 3,8700,N N,30012966,Matthew,Carruthers,4,20231228003,9,All From Reserve,21688,4685067,960,MISCNEO,MISCNEO,DAY,,,,,,,F,***,,***,,1.,1.,1.,0.,0.,1.,1.,1.,1.,1.,CT1,ALB,,7920.,90,Invoiced Complete,76952428 - OMAHA,,20231228,212945,20231231,95603,EDOBBINS,2024-07-20 14:03:28,0,2024-07-20 14:03:28,INFAJOB,WMIPHPICK_15_Adhoc_3730955_20240719125822.txt,WMI,525dd5c3fc422233417f6ecc9ddc43d6
106831905,20240510,202405,,7001,-7001,79753126,AGK,-960,79753126,79753126,DB,4601SL01,SOUTHERN GLAZERS OF NY - UPSTATE,,3063 COURT STREET,,,SYRACUSE,NY,13208,840,,SOUTHERN GLAZERS OF NY - UPSTATE,3063 COURT STREET,,,SYRACUSE,NY,13208,,840,4601-SL01,0,,,LTL,,,20,Fully Assigned To An Outbound Shipment,20240506,20240508,20240510,122606,240508P0000,N,0,0,0,2,90,Invoiced,,2,Pickticket Completely Invoiced.,,N,N,,0,48636.,0.,0.,0,21,2345414.4,0.,0.,0,21.,,TL,53,F,5,03,ACTIVITY 3,,N N,,,,4,20240508003,9,All From Reserve,83162,4684218,960,MISCNYU,MISCNYU,DAY,,,,,,,F,***,,***,,22.,4.,4.,0.,0.,4.,4.,1.,1.,1.,CT1,XDK,3869296,7920.,90,Invoiced Complete,79753126,,20240506,121942,20240510,122606,EDOBBINS,2024-07-20 14:03:28,0,2024-07-20 14:03:28,INFAJOB,WMIPHPICK_15_Adhoc_3730955_20240719125822.txt,WMI,fd6baa012f388563234cbc877d71aeeb
102240694,20240410,202404,,7001,-7001,78777203,AGK,-960,78777203,78777203,DB,5601BULK,SOUTHERN GLAZERS OF MN,,3350 4TH AVENUE EAST,,,SHAKOPEE,MN,55379,840,,SOUTHERN GLAZERS OF MN,3350 4TH AVENUE EAST,,,SHAKOPEE,MN,55379,,840,5601-BULK,0,,,LTL,,,20,Fully Assigned To An Outbound Shipment,20240409,20240410,20240410,140336,240410P0000,N,0,0,0,2,90,Invoiced,,2,Pickticket Completely Invoiced.,,N,N,,0,46320.,0.,0.,0,20,2233728.,0.,0.,0,20.,,TL,53,F,5,03,ACTIVITY 3,,N N,,,,3,20240410001,9,All From Reserve,90516,4663337,960,MISCMIN,MISCMIN,DAY,,,,,,,F,***,,***,,22.,17.,17.,0.,0.,17.,17.,1.,1.,1.,CT1,XDK,3827580,7920.,90,Invoiced Complete,78777203,,20240409,170516,20240410,140336,JCOT,2024-07-20 14:03:28,0,2024-07-20 14:03:28,INFAJOB,WMIPHPICK_15_Adhoc_3730955_20240719125822.txt,WMI,74036b85a93d00f30432be4f0b42dc50
114542520,20240812,202408,,7001,-7001,82055531,AGK,-960,82055531,82055531,DB,2501BULK,SOUTHERN GLAZER'S OF IN,,3901 HANNA CIRCLE,,,INDIANAPOLIS,IN,46241,840,,SOUTHERN GLAZER'S OF IN,3901 HANNA CIRCLE,,,INDIANAPOLIS,IN,46241,,840,2501-BULK,0,,,LTL,,,20,Fully Assigned To An Outbound Shipment,20240812,20240813,20240814,110454,240813P0000,N,0,0,0,2,90,Invoiced,,2,Pickticket Completely Invoiced.,,N,N,,0,2316.,2316.,0.,0,1,111686.4,0.,0.,0,1.,,TL,53,F,5,03,ACTIVITY 3,,N N,,,,1,,,,61185,4753217,960,MISCINA,MISCINA,,,,,,,,F,,,,,22.,0.,0.,0.,0.,0.,0.,1.,0.,0.,CT1,XDK,3959771,0.,,,,,20240812,172526,20240812,172526,AGKWMI,2024-08-13 13:21:18,0,2024-08-15 13:20:29,INFAJOB,WMIPHPICK_15_AGK_3797896_20240813080034.txt,WMI,438ba29e57d964eac00e52abbcd89310
103297080,20241104,202411,,7001,-7001,78484704,AGK,-960,78484704,78484704,DB,6601KAPO,SOUTHERN GLAZERS OF HI - KAPO,,91 210 HANUA STREET,,,KAPOLEI,HI,96707,840,,SOUTHERN GLAZERS OF HI - KAPO,91 210 HANUA STREET,,,KAPOLEI,HI,96707,,840,6601-KAPO,0,,,LTL,,,,Not Assigned To An Outbound Shipment,20240507,0,0,0,,,,,,,99,Cancelled,,3,Pickticket Cancelled.,,Y,N,,0,0.,0.,0.,0,0,0.,0.,0.,0,27.,,TL,53,F,0,,,,N N,,,,7,,,,63782,4715579,960,MISCHIC,MISCHIC,,,,,,,,F,,,,,22.,2.,2.,0.,2.,0.,0.,1.,0.,0.,CT1,XDK,3813038,0.,,,,,20240507,195525,20241104,83009,ZNOEFL,2024-07-20 14:03:28,0,2024-11-04 23:18:31,INFAJOB,WMIPHPICK_15_Adhoc_3730955_20240719125822.txt,WMI,bc6402ed13c0dc71191cde34d359739d
99847739,20241104,202411,,7001,-7001,78484709,AGK,-960,78484709,78484709,DB,6601LIHU,SOUTHERN GLAZERS OF HI -LIHU,,1556 HALEUKANA ST,,,"LIHUE, KAUAI",HI,96766,840,,SOUTHERN GLAZERS OF HI -LIHU,1556 HALEUKANA ST,,,"LIHUE, KAUAI",HI,96766,,840,6601-LIHU,0,,,LTL,,,,Not Assigned To An Outbound Shipment,20240429,0,0,0,,,,,,,99,Cancelled,,3,Pickticket Cancelled.,,Y,N,,0,0.,0.,0.,0,0,0.,0.,0.,0,30.,,TL,53,F,0,,,,N N,,,,19,,,,40612,4689091,960,MISCHIK,MISCHIK,,,,,,,,F,,,,,22.,1.,1.,0.,1.,0.,0.,1.,0.,0.,CT1,XDK,3795377,0.,,,,,20240429,155928,20241104,82819,ZNOEFL,2024-07-20 14:03:28,0,2024-11-04 23:18:31,INFAJOB,WMIPHPICK_15_Adhoc_3730955_20240719125822.txt,WMI,e4cda2756b673bffd48e5d312a254857
102237174,20241104,202411,,7001,-7001,79915107,AGK,-960,79915107,79915107,DB,3501BOLI,SOUTHERN GLAZERS OF IL,,300 EAST CROSSROADS PARKWAY,,,BOLINGBROOK,IL,60440,840,,SOUTHERN GLAZERS OF IL,300 EAST CROSSROADS PARKWAY,,,BOLINGBROOK,IL,60440,,840,3501-BOLI,0,,,LTL,,,,Not Assigned To An Outbound Shipment,20240520,0,0,0,,,,,,,99,Cancelled,,3,Pickticket Cancelled.,,Y,N,,0,0.,0.,0.,0,0,0.,0.,0.,0,0.,,TL,53,F,0,,,,N N,,,,1,,,,12366744,4654623,960,MISCBOL,MISCBOL,,,,,,,,F,,,,,22.,0.,0.,0.,0.,0.,0.,1.,0.,0.,CT1,XDK,3892088,0.,,,,,20240520,132512,20241104,84926,ZNOEFL,2024-07-20 14:03:28,0,2024-11-04 23:18:31,INFAJOB,WMIPHPICK_15_Adhoc_3730955_20240719125822.txt,WMI,cb7c9554db529cff361a6f565d349de0
174622462,20241118,202411,,7001,-7001,83985009,AGK,-960,83985009,83985009,DB,5301BULK,SOUTHERN GLAZER'S OF DC,,SUITE C 7001 QUAD AVENUE,,,ROSEDALE,MD,21237,840,,SOUTHERN GLAZER'S OF DC,SUITE C 7001 QUAD AVENUE,,,ROSEDALE,MD,21237,,840,5301-BULK,0,,,LTL,,,20,Fully Assigned To An Outbound Shipment,20241104,20241113,20241118,95811,241113P0000,N,0,0,0,2,90,Invoiced,,2,Pickticket Completely Invoiced.,,N,N,,0,48636.,0.,0.,0,21,2345414.4,0.,0.,0,21.,,TL,53,F,5,03,ACTIVITY 3,,N N,,,,4,20241113009,9,All From Reserve,21220,4661533,960,MISCMRD,MISCMRD,DAY,,,,,,,F,***,,***,,22.,3.,3.,0.,0.,3.,3.,1.,1.,1.,CT1,XDK,4034105,7920.,90,Invoiced Complete,83985009,,20241104,165504,20241118,95811,ZMAERZ,2024-11-04 23:18:31,0,2024-11-18 23:18:32,INFAJOB,WMIPHPICK_15_AGK_4057242_20241104160048.txt,WMI,870f6711688e598f40aa6565ba959d22
108355502,20240926,202409,,7001,-7001,IN7502766,AGK,-960,IN7502766,IN7502766,DB,19544,SOUTHERN GLAZERS OF INDIANA,SOUTHERN GLAZERS OF INDIANA,3901 HANNA CIRLCE,,,INDIANAPOLIS,IN,46241,840,,SOUTHERN GLAZERS OF INDIANA,3901 HANNA CIRLCE,,,INDIANAPOLIS,IN,46241,,840,IN0019544,20240904,,,LTL,,,20,Fully Assigned To An Outbound Shipment,20240826,20240912,20240926,142223,240912P0000,N,0,0,0,2,90,Invoiced,,2,Pickticket Completely Invoiced.,,N,N,07502766,1,32479.4,478.1,0.,0,17,1919765.586,0.,0.,0,12648.,,TL,53,F,5,02,ACTIVITY 2,2500,N N,,,,4,20240912012,9,All From Reserve,30353,7880753,960,948395,948395,DAY,,,,,,,F,***,,***,,132.,132.,132.,0.,0.,132.,132.,12.,660.,132.,CT1,INA,*,2053.04,90,Invoiced Complete,3985735,2500,20240826,153747,20240926,142223,KRENO,2024-08-27 10:18:39,0,2024-11-21 23:19:58,INFAJOB,WMIPHPICK_15_AGK_3837532_20240827040038.txt,WMI,497195dffb5cf7a4f7445d64a1749d54
176485981,20241127,202411,,7001,-7001,KY7505311,AGK,-960,KY7505311,KY7505311,DB,1,SGWS KY LOUISVILLE,SGWS KY LOUISVILLE,2801 CONSTANT COMMENT PLACE,,,LOUISVILLE,KY,40299,840,,SGWS KY LOUISVILLE,2801 CONSTANT COMMENT PLACE,,,LOUISVILLE,KY,40299,5022976000,840,KY0000001,20241118,,,LTL,,,,Not Assigned To An Outbound Shipment,20241112,0,0,0,,,,,,,99,Cancelled,,3,Pickticket Cancelled.,,Y,N,07505311,1,0.,0.,0.,0,0,0.,0.,0.,0,17504.,,TL,53,F,0,,,2200,N N,,,,26,,,,59832,7994047,960,973771,973771,,,,,,,,F,,,,,168.,168.,168.,0.,168.,0.,0.,12.,0.,0.,,LOU,*,881.58,,,,2200,20241112,160620,20241127,171910,HPEGG,2024-11-12 23:19:37,0,2024-11-27 23:19:17,INFAJOB,WMIPHPICK_15_AGK_4080754_20241112160053.txt,WMI,618b8becfaac933226bdc487399711d4
148751276,20241203,202412,,7001,-7001,84188773,AGK,-960,84188773,84188773,DB,5601BULK,SOUTHERN GLAZER'S OF SD,,3350 4TH AVENUE EAST,,,SHAKOPEE,MN,55379,840,,SOUTHERN GLAZER'S OF SD,3350 4TH AVENUE EAST,,,SHAKOPEE,MN,55379,,840,5601-BULK,0,,,LTL,,,20,Fully Assigned To An Outbound Shipment,20241113,20241127,20241203,113117,241127P0000,N,0,0,0,2,90,Invoiced,,2,Pickticket Completely Invoiced.,,N,N,,0,60216.,0.,0.,0,26,2903846.4,0.,0.,0,26.,,TL,53,F,5,03,ACTIVITY 3,,N N,,,,7,20241127019,9,All From Reserve,90516,4663337,960,MISCMIN,MISCMIN,DAY,,,,,,,F,***,,***,,22.,2.,2.,0.,0.,2.,2.,1.,1.,1.,CT1,XDK,3867640,7920.,90,Invoiced Complete,84188773,,20241113,95749,20241203,113117,ZMAERZ,2024-11-12 23:19:37,0,2024-12-03 23:20:08,INFAJOB,WMIPHPICK_15_AGK_4080754_20241112160053.txt,WMI,abdaeffe694b901e7f8accfc004adf01
215947891,20250109,202501,,7001,-7001,85241876,AGK,-960,85241876,85241876,DB,6401OTHR,SOUTHERN GLAZER'S OF CA-NORTH,,1555 ATLANTIC STREET,,,UNION CITY,CA,94587,840,,SOUTHERN GLAZER'S OF CA-NORTH,1555 ATLANTIC STREET,,,UNION CITY,CA,94587,,840,6401-OTHR,0,,,LTL,,,20,Fully Assigned To An Outbound Shipment,20250106,20250107,20250109,153819,250107P0000,N,0,0,0,2,90,Invoiced,,2,Pickticket Completely Invoiced.,,N,N,,0,41688.,0.,0.,0,18,2010355.2,0.,0.,0,18.,,TL,53,F,5,03,ACTIVITY 3,,N N,,,,3,20250107001,9,All From Reserve,10645942,4703337,960,MISCCAN,MISCCAN,DAY,,,,,,,F,***,,***,,22.,5.,5.,0.,0.,5.,5.,1.,1.,1.,CT1,XDK,4055159,7920.,90,Invoiced Complete,85241876,,20250106,180130,20250109,153819,ZMAERZ,2024-12-31 23:25:06,0,2025-01-09 23:20:18,INFAJOB,WMIPHPICK_15_AGK_4227456_20241231160038.txt,WMI,64beeba0ed4eea7c255f0b05ec50f0ae
203820153,20250116,202501,,7001,-7001,SC7504470,AGK,-960,SC7504470,SC7504470,DB,9014,SGWS - SOUTH CAROLINA,SGWS - SOUTH CAROLINA,7600 RICHARD STREET,,,COLUMBIA,SC,29202,840,,SGWS - SOUTH CAROLINA,7600 RICHARD STREET,,,COLUMBIA,SC,29202,8036951630,840,SC0009014,20241231,,,LTL,,,20,Fully Assigned To An Outbound Shipment,20241231,20250114,20250116,121424,250114P0000,N,0,0,0,2,90,Invoiced,,2,Pickticket Completely Invoiced.,,N,N,07504470,1,28462.09,0.,0.,0,22,2385702.11,0.,0.,0,47790.,,TL,53,F,5,02,ACTIVITY 2,3200,N N,,,,7,20250114033,9,All From Reserve,66183,10302217,960,55929,55929,DAY,,,,,,,F,***,,***,,1344.,1344.,1344.,0.,0.,1344.,1344.,12.,672.,168.,CT1,COL,*,9251.2,90,Invoiced Complete,4096054,3200,20241231,120358,20250116,121424,ZMAERZ,2024-12-31 23:25:06,0,2025-01-16 23:21:38,INFAJOB,WMIPHPICK_15_AGK_4227456_20241231160038.txt,WMI,f08974abf30b97c3b57d85ff43d8792e
118005748,20241007,202410,,7002,-7002,HI7518272,AGC,-961,HI7518272,HI7518272,DB,331,SGWS BIG ISLAND WHSE 4,SGWS BIG ISLAND WHSE 4,"61 3785 MALUOKALANI PLACE, #12",,,KAWAIHAE,HI,96743,840,,SGWS BIG ISLAND WHSE 4,"61 3785 MALUOKALANI PLACE, #12",,,KAWAIHAE,HI,96743,8088821841,840,HI0000331,20240826,,,LTL,,,20,Fully Assigned To An Outbound Shipment,20240823,20240823,20241007,150152,240823P0000,N,0,0,0,2,90,Invoiced,,2,Pickticket Completely Invoiced.,,N,N,07518272,1,125.,125.,0.,0,12,389.,0.,0.,0,2814.,,TL,53,F,5,02,ACTIVITY 2,6600,N N,,,,6,20240823028,9,All from Reserve,459572,9231311,961,590451,590451,DAY,,,,,,,F,***,,***,,84.,84.,84.,0.,0.,84.,84.,12.,672.,168.,CT1,HIC,*,1435.21,90,Invoiced Complete,3984221,6600,20240823,163615,20241007,150152,JLUNA,2024-09-07 21:14:16,0,2025-01-17 04:01:31,INFAJOB,WMIPHPICK_15_Adhoc_3871150_20240906224440.txt,WMI,5fffcb547d2930734f189a64ff638800
145700461,20250122,202501,,7001,-7001,CFC000000J,AGK,-960,CFC000000J,CFC000000J,DH,CFC00003,SGWS IL,,300 E Crossroads Pkwy,,,Bolingbrook,IL,60440,840,,SGWS IL,300 E Crossroads Pkwy,,,Bolingbrook,IL,60440,630-685-3196,840,,0,,,LTL,,,20,Fully Assigned To An Outbound Shipment,20241227,20241227,20250122,120741,241227P0000,N,0,0,0,2,90,Invoiced,,2,Pickticket Completely Invoiced.,,N,N,CFC000000J,1,599.,599.,0.,0,29,683.,0.,0.,0,7188.,,TL,53,F,5,01,ACTIVITY 1,,,,,,4,20241227029,9,All From Reserve,142674,9219946,960,CFC0000K,CFC0000K,DAY,,,,,,,F,***,,***,,336.,336.,336.,0.,0.,336.,336.,12.,1.,1.,CT1,CFC,*,120.,90,Invoiced Complete,4091480,,20241227,124623,20250122,120741,LKOESTERS,2024-12-27 23:19:34,0,2025-01-22 23:20:03,INFAJOB,WMIPHPICK_15_AGK_4216501_20241227160042.txt,WMI,356acfc2ba07225563a7d0ba2a2f0da4
160421129,20250127,202501,,7002,-7002,MCM000004N,AGC,-961,MCM000004N,MCM000004N,DH,MCM0001N,Idaho Wine Merchant,,5311 North Glenwood Street,,,Garden City,ID,83714,840,,Idaho Wine Merchant,5311 North Glenwood Street,,,Garden City,ID,83714,208-345-7510,840,,0,,,LTL,,,20,Fully Assigned To An Outbound Shipment,20250121,20250121,20250127,120843,250121P0000,N,0,0,0,2,90,Invoiced,,2,Pickticket Completely Invoiced.,,N,N,MCM000004N,1,679.2,679.2,0.,0,1,24569.856,0.,0.,0,192.,,TL,53,F,5,01,ACTIVITY 1,,,,,,1,20250121022,9,All from Reserve,11852828,4816886,961,MCM0000A,MCM0000A,DAY,,,,,,,F,***,,***,,192.,192.,192.,0.,0.,192.,192.,12.,720.,180.,CT1,MCM,*,1.,90,Invoiced Complete,SB25-0103,,20250121,155045,20250127,120843,ESOLORZANO,2025-01-22 03:10:44,0,2025-01-28 03:21:14,INFAJOB,WMIPHPICK_15_AGC_4289096_20250121190036.txt,WMI,d08e1eb9252fbd303a2c244bad816ac2
212738650,20250129,202501,,7001,-7001,85694664,AGK,-960,85694664,85694664,DB,87021000,SOUTHERN GLAZER'S OF TX W 512532,,525 CANE ISLAND PARKWAY,,,KATY,TX,77494,840,,SOUTHERN GLAZER'S OF TX W 512532,525 CANE ISLAND PARKWAY,,,KATY,TX,77494,,840,8702-1000,0,,,LTL,,,20,Fully Assigned To An Outbound Shipment,20250127,20250127,20250129,90130,250127P0000,N,0,0,0,2,90,Invoiced,,2,Pickticket Completely Invoiced.,,N,N,,0,25476.,0.,0.,0,11,1228550.4,0.,0.,0,11.,,TL,53,F,5,03,ACTIVITY 3,,N N,,,,2,20250127011,9,All From Reserve,1844196,4724186,960,MISCTXH,MISCTXH,DAY,,,,,,,F,***,,***,,22.,1.,1.,0.,0.,1.,1.,1.,1.,1.,CT1,XDK,4035340,7920.,90,Invoiced Complete,85694664,,20250127,92902,20250129,90130,ZMAERZ,2025-01-22 23:20:03,0,2025-01-29 23:21:00,INFAJOB,WMIPHPICK_15_AGK_4291617_20250122160039.txt,WMI,43885f1535755bf03be13350eaf95dc6
195350853,20250122,202501,,7001,-7001,85696202,AGK,-960,85696202,85696202,DB,5401BULK,SOUTHERN GLAZER'S OF DE,,615 LAMBSON LANE,,,NEW CASTLE,DE,19720,840,,SOUTHERN GLAZER'S OF DE,615 LAMBSON LANE,,,NEW CASTLE,DE,19720,,840,5401-BULK,0,,,LTL,,,20,Fully Assigned To An Outbound Shipment,20250122,20250131,20250205,153312,250131P0000,N,0,0,0,2,90,Invoiced,,2,Pickticket Completely Invoiced.,,N,N,,0,46320.,0.,0.,0,20,2233728.,0.,0.,0,20.,,TL,53,F,5,03,ACTIVITY 3,,N N,,,,7,,,,27626259,4709232,960,MISCDEL,MISCDEL,,,,,,,,F,,,,,22.,1.,1.,0.,0.,0.,0.,1.,0.,0.,CT1,XDK,4090764,0.,,,,,20250122,151757,20250122,151757,AGKWMI,2025-01-22 23:20:03,0,2025-02-05 23:21:06,INFAJOB,WMIPHPICK_15_AGK_4291617_20250122160039.txt,WMI,713ff0ad1819486ef14a8db325e32ecb
148953482,20250217,202502,,7002,-7002,HI7519120,AGC,-961,HI7519120,HI7519120,DB,331,SGWS BIG ISLAND WHSE 4,SGWS BIG ISLAND WHSE 4,"61 3785 MALUOKALANI PLACE, #12",,,KAWAIHAE,HI,96743,840,,SGWS BIG ISLAND WHSE 4,"61 3785 MALUOKALANI PLACE, #12",,,KAWAIHAE,HI,96743,8088821841,840,HI0000331,20250108,,,LTL,,,20,Fully Assigned To An Outbound Shipment,20250108,20250124,20250217,162815,250124P0000,N,0,0,0,2,90,Invoiced,,2,Pickticket Completely Invoiced.,,N,N,07519120,1,36328.25,6291.4,0.,0,81,2409268.67,0.,0.,0,15099.,,TL,53,F,5,02,ACTIVITY 2,6600,N N,,,,65,20250124014,9,All from Reserve,319734,7438490,961,917503,917503,DAY,,,,,,,F,***,,***,,168.,168.,168.,0.,0.,168.,168.,24.,2160.,240.,CT1,HIC,*,501.06,90,Invoiced Complete,4101687,6600,20250108,191913,20250217,162815,AGUERRERO,2025-01-09 02:53:33,0,2025-02-18 02:18:15,INFAJOB,WMIPHPICK_15_AGC_4252070_20250108190038.txt,WMI,296f90192abfd25a1668c9cb181e2dd2
175619817,20250220,202502,,7001,-7001,86223178,AGK,-960,86223178,86223178,DB,77011000,SOUTHERN GLAZERS OF TN,,6290 SHELBY VIEW DR,,,MEMPHIS,TN,381347662,840,,SOUTHERN GLAZERS OF TN,6290 SHELBY VIEW DR,,,MEMPHIS,TN,381347662,,840,7701-1000,0,,,LTL,,,20,Fully Assigned To An Outbound Shipment,20250214,20250218,20250220,100736,250218P0000,N,0,0,0,2,90,Invoiced,,2,Pickticket Completely Invoiced.,,N,N,,0,44004.,11580.,0.,0,19,2124057.6,0.,0.,0,19.,,TL,53,F,5,03,ACTIVITY 3,,N N,,,,2,20250218023,9,All From Reserve,19169,4662419,960,MISCTEN,MISCTEN,DAY,,,,,,,F,***,,***,,22.,8.,8.,0.,0.,8.,8.,1.,1.,1.,CT1,XDK,4118668,7920.,90,Invoiced Complete,86223178,,20250214,104525,20250220,100736,KRENO,2025-02-13 23:21:18,0,2025-02-20 23:22:18,INFAJOB,WMIPHPICK_15_AGK_4353801_20250213160040.txt,WMI,999a7149fe4da8550b6bb1fc439a5083
177035309,20250224,202502,,7002,-7002,NV7997069,AGC,-961,NV7997069,NV7997069,DB,1,LAS VEGAS MAIN,LAS VEGAS MAIN,8400 SOUTH JONES,,,LAS VEGAS,NV,89139,840,,LAS VEGAS MAIN,8400 SOUTH JONES,,,LAS VEGAS,NV,89139,7028764500,840,NV0000001,20250217,,,LTL,,,20,Fully Assigned To An Outbound Shipment,20250214,20250220,20250224,125334,250220P0000,N,0,0,0,2,90,Invoiced,,2,Pickticket Completely Invoiced.,,N,N,07997069,1,2176.,2176.,0.,0,1,106848.,0.,0.,0,480.,,TL,53,F,5,02,ACTIVITY 2,7200,N N,,,,1,20250220006,9,All from Reserve,157495,11026869,961,550222,550222,DAY,,,,,,,F,***,,***,,480.,480.,480.,0.,0.,480.,480.,6.,480.,120.,CT1,NVL,*,13352.8,90,Invoiced Complete,4132355,7200,20250214,180452,20250224,125334,MCERTEZA,2025-02-15 02:19:09,0,2025-02-25 02:23:01,INFAJOB,WMIPHPICK_15_AGC_4357672_20250214190038.txt,WMI,5284716492b23782090df1447d3e745e
163758340,20250306,202503,,7002,-7002,HI7519587,AGC,-961,HI7519587,HI7519587,DB,331,SGWS BIG ISLAND WHSE 4,SGWS BIG ISLAND WHSE 4,"61 3785 MALUOKALANI PLACE, #12",,,KAWAIHAE,HI,96743,840,,SGWS BIG ISLAND WHSE 4,"61 3785 MALUOKALANI PLACE, #12",,,KAWAIHAE,HI,96743,8088821841,840,HI0000331,20250227,,,LTL,,,20,Fully Assigned To An Outbound Shipment,20250226,20250305,20250306,171534,250305P0000,N,0,0,0,2,90,Invoiced,,2,Pickticket Completely Invoiced.,,N,N,07519587,1,22145.73,22145.73,0.,0,51,1343749.397,0.,0.,0,6136.,,TL,53,F,5,02,ACTIVITY 2,6600,N N,,,,32,20250305017,9,All from Reserve,548212,8691513,961,628734,628734,DAY,,,,,,,F,***,,***,,264.,264.,264.,0.,0.,264.,264.,12.,528.,132.,CT1,HIC,*,3190.,90,Invoiced Complete,4142289,6600,20250226,193421,20250306,171534,ARENEGAONA,2025-02-27 02:20:48,0,2025-03-07 02:28:32,INFAJOB,WMIPHPICK_15_AGC_4390887_20250226190039.txt,WMI,e9c89772035ad46bbdce9eeb4ff60b3c
185856187,20250311,202503,,7002,-7002,HI7519626,AGC,-961,HI7519626,HI7519626,DB,331,SGWS BIG ISLAND WHSE 4,SGWS BIG ISLAND WHSE 4,"61 3785 MALUOKALANI PLACE, #12",,,KAWAIHAE,HI,96743,840,,SGWS BIG ISLAND WHSE 4,"61 3785 MALUOKALANI PLACE, #12",,,KAWAIHAE,HI,96743,8088821841,840,HI0000331,20250304,,,LTL,,,20,Fully Assigned To An Outbound Shipment,20250303,20250308,20250311,110118,250308P0000,N,0,0,0,2,90,Invoiced,,2,Pickticket Completely Invoiced.,,N,N,07519626,1,19467.25,19467.25,0.,0,29,1093367.75,0.,0.,0,4914.,,TL,53,F,5,02,ACTIVITY 2,6600,N N,,,,19,20250308027,9,All from Reserve,2005474,11786306,961,555786,555786,DAY,,,,,,,F,***,,***,,72.,72.,72.,0.,72.,0.,0.,24.,3840.,384.,CT1,HIC,*,541.92,90,Invoiced Complete,4145343,6600,20250303,154359,20250311,110033,MCASTANE,2025-03-04 02:18:31,0,2025-03-14 01:21:53,INFAJOB,WMIPHPICK_15_AGC_4405035_20250303190044.txt,WMI,1901c40b170baac9be07b3cfe2d41972
182363037,20250313,202503,,7002,-7002,WA7602352,AGC,-961,WA7602352,WA7602352,DB,42637,PUYALLUP WAREHOUSE,PUYALLUP WAREHOUSE,1025 VALLEY AVE NW,,,PUYALLUP,WA,98371,840,,PUYALLUP WAREHOUSE,1025 VALLEY AVE NW,,,PUYALLUP,WA,98371,,840,WA0042637,20250312,,,LTL,,,20,Fully Assigned To An Outbound Shipment,20250312,20250312,20250313,94928,250312P0000,N,0,0,0,2,90,Invoiced,,2,Pickticket Completely Invoiced.,,N,N,07602352,1,43374.65,43374.65,0.,0,27,1891389.284,0.,0.,0,12348.,,TL,53,F,5,02,ACTIVITY 2,8000,N N,,,,4,20250312054,9,All from Reserve,12391067,12022539,961,13503,13503,DAY,,,,,,,F,***,,***,,720.,720.,720.,0.,0.,720.,720.,6.,360.,90.,CT1,WAP,*,15350.4,90,Invoiced Complete,4154062,8000,20250312,172009,20250313,94928,JBENTZ,2025-03-13 01:28:13,0,2025-03-20 01:22:08,INFAJOB,WMIPHPICK_15_AGC_4431271_20250312190038.txt,WMI,9403e3fef706bd5a3bed5a0f8b233731
254787063,20250320,202503,,7002,-7002,CA7255863,AGC,-961,CA7255863,CA7255863,DB,99005,SANTA FE SPRINGS,SANTA FE SPRINGS,13500 FOSTER ROAD,,,SANTA FE SPRINGS,CA,90670,840,,SANTA FE SPRINGS,13500 FOSTER ROAD,,,SANTA FE SPRINGS,CA,90670,5629262000,840,CA0099005,20250310,,,LTL,,,20,Fully Assigned To An Outbound Shipment,20250307,20250317,20250320,95453,250317P0000,N,0,0,0,2,90,Invoiced,,2,Pickticket Completely Invoiced.,,N,N,07255863,1,41349.95,0.,0.,0,20,2455161.39,0.,0.,0,18804.,,TL,53,F,5,02,ACTIVITY 2,6200,N N,,,,2,20250317039,9,All from Reserve,1891881,11989261,961,33452,33452,DAY,,,,,,,F,***,,***,,6492.,6492.,6492.,0.,0.,6492.,6492.,12.,720.,144.,CT1,SFS,*,55544.47,90,Invoiced Complete,4150072,6200,20250307,173556,20250320,95453,MCERTEZA,2025-03-08 02:20:52,0,2025-03-21 01:22:00,INFAJOB,WMIPHPICK_15_AGC_4417570_20250307190039.txt,WMI,5c9786ed4a41d57bda6f842470632b82
158646323,20250321,202503,,7002,-7002,HI7519410,AGC,-961,HI7519410,HI7519410,DB,330,SGWS MAUI WHSE 3,SGWS MAUI WHSE 3,231 LALO PLACE,,,KAHULUI,HI,96732,840,,SGWS MAUI WHSE 3,231 LALO PLACE,,,KAHULUI,HI,96732,8088718406,840,HI0000330,20250211,,,LTL,,,20,Fully Assigned To An Outbound Shipment,20250210,20250214,20250321,104624,250214P0000,N,0,0,0,2,90,Invoiced,,2,Pickticket Completely Invoiced.,,N,N,07519410,1,15025.65,15025.65,0.,0,23,919962.377,0.,0.,0,3920.,,TL,53,F,5,02,ACTIVITY 2,6600,N N,,,,8,20250214012,9,All from Reserve,1915563,11951496,961,383119,383119,DAY,,,,,,,F,***,,***,,168.,168.,168.,0.,0.,168.,168.,12.,672.,168.,CT1,HIC,*,1414.98,90,Invoiced Complete,4127264,6600,20250210,151322,20250321,104624,EUBER,2025-02-11 02:17:45,0,2025-03-22 01:21:48,INFAJOB,WMIPHPICK_15_AGC_4345005_20250210190039.txt,WMI,b3026e7fee5643eb595659997905997e
202498811,20250324,202503,,7002,-7002,HI7519765,AGC,-961,HI7519765,HI7519765,DB,331,SGWS BIG ISLAND WHSE 4,SGWS BIG ISLAND WHSE 4,"61 3785 MALUOKALANI PLACE, #12",,,KAWAIHAE,HI,96743,840,,SGWS BIG ISLAND WHSE 4,"61 3785 MALUOKALANI PLACE, #12",,,KAWAIHAE,HI,96743,8088821841,840,HI0000331,20250319,,,LTL,,,20,Fully Assigned To An Outbound Shipment,20250319,20250320,20250324,161700,250320P0000,N,0,0,0,2,90,Invoiced,,2,Pickticket Completely Invoiced.,,N,N,07519765,1,31201.10312,31201.10312,0.,0,52,1974426.658,0.,0.,0,10638.,,TL,53,F,5,02,ACTIVITY 2,6600,N N,,,,13,20250320015,9,All from Reserve,11872348,8488726,961,323883,323883,DAY,,,,,,,F,***,,***,,672.,672.,672.,0.,0.,672.,672.,12.,672.,168.,CT1,HIC,*,2812.32,90,Invoiced Complete,4159972,6600,20250319,171806,20250324,161700,MCASTANE,2025-03-20 01:22:08,0,2025-03-25 01:17:33,INFAJOB,WMIPHPICK_15_AGC_4451322_20250319190040.txt,WMI,0d66deb7a585f01abb3b12bcff9f3e41
192064876,20250330,202503,,7002,-7002,LGN0000073,AGC,-961,LGN0000073,LGN0000073,DH,LGN0001U,Southern Glazer's - CO (Aurora),,22800 East 19th Avenue,,,Aurora,CO,80019,840,,Southern Glazer's - CO (Aurora),22800 East 19th Avenue,,,Aurora,CO,80019,,840,,0,,,LTL,,,20,Fully Assigned To An Outbound Shipment,20250321,20250321,20250330,131849,250321P0000,N,0,0,0,2,90,Invoiced,,2,Pickticket Completely Invoiced.,,N,N,LGN0000073,1,41.5,41.5,0.,0,1,1961.12,0.,0.,0,12.,,TL,53,F,5,01,ACTIVITY 1,,,,,,4,20250321001,9,All from Reserve,6490910,10764505,961,LGN00006,LGN00006,DAY,,,,,,,F,***,,***,,12.,12.,12.,0.,0.,12.,12.,6.,672.,168.,CT1,LGN,*,1.,90,Invoiced Complete,4161672,,20250321,105622,20250330,131849,EUBER,2025-03-22 01:21:48,0,2025-03-31 01:15:53,INFAJOB,WMIPHPICK_15_AGC_4457713_20250321190039.txt,WMI,af27b485042e12499395e753f1fe4abd
224100563,20250407,202504,,7001,-7001,8026493850,AGK,-960,8026493850,8026493850,DH,9301,SGWS - Arkansas North Little R,,11101 Smitty Lane,,,North Little Rock,AR,72117-5390,840,,SGWS - Arkansas North Little R,11101 Smitty Lane,,,North Little Rock,AR,72117-5390,,840,9301,20250321,,,LTL,,,20,Fully Assigned To An Outbound Shipment,20250321,20250403,20250407,110427,250403P0000,N,0,0,0,2,90,Invoiced,,2,Pickticket Completely Invoiced.,,N,N,000,0,3078.2,0.,0.,0,6,146355.57,0.,0.,0,1566.,,TL,53,P,5,02,ACTIVITY 2,9300,N N,,,,20,20250403007,9,All From Reserve,56111,12007629,960,524669,524669,DAY,,,,,,,F,***,,***,,6.,6.,6.,0.,0.,6.,6.,6.,1.,1.,CT1,ARL,,16.9733,90,Invoiced Complete,4162933,9300,20250321,153106,20250407,110427,ZMAERZ,2025-03-21 22:22:38,0,2025-04-07 22:19:03,INFAJOB,WMIPHPICK_15_AGK_4457056_20250321160039.txt,WMI,eacae4aa9d65cd3185c27720e5d2afea
195832553,20250414,202504,,7002,-7002,MCM000006Q,AGC,-961,MCM000006Q,MCM000006Q,DH,MCM0001K,A. BOMMARITO WINES,,2465 CENTERLINE INDUSTRIAL DR,,,St. Louis,MO,63043,840,,A. BOMMARITO WINES,2465 CENTERLINE INDUSTRIAL DR,,,St. Louis,MO,63043,,840,,0,,,LTL,,,20,Fully Assigned To An Outbound Shipment,20250408,20250408,20250414,115031,250408P0000,N,0,0,0,2,90,Invoiced,,2,Pickticket Completely Invoiced.,,N,N,MCM000006Q,1,498.,498.,0.,0,2,48372.,0.,0.,0,360.,,TL,53,F,5,01,ACTIVITY 1,,,,,,1,20250408015,9,All from Reserve,175257,9979691,961,MCM0000U,MCM0000U,DAY,,,,,,,F,***,,***,,180.,180.,180.,0.,0.,180.,180.,12.,1.,1.,CT1,MCM,*,1.,90,Invoiced Complete,8893,,20250408,155015,20250414,115031,VRINCON,2025-04-09 01:20:12,0,2025-04-16 01:54:42,INFAJOB,WMIPHPICK_15_AGC_4508526_20250408190040.txt,WMI,f0af38856e973bfd4509b9b97603f1aa
192623771,20250417,202504,,7002,-7002,LSW000000F,AGC,-961,LSW000000F,LSW000000F,DH,LSW00002,Maverick Texas,,5935 Eisenhauer Road Building 3,,,San Antonio,TX,78218,840,,Maverick Texas,5935 Eisenhauer Road Building 3,,,San Antonio,TX,78218,214-256-5625,840,,0,,,LTL,,,20,Fully Assigned To An Outbound Shipment,20250408,20250408,20250417,125417,250408P0000,N,0,0,0,2,90,Invoiced,,2,Pickticket Completely Invoiced.,,N,N,LSW000000F,1,7.,7.,0.,0,1,64.,0.,0.,0,84.,,TL,53,F,5,01,ACTIVITY 1,,,,,,1,20250408003,9,All from Reserve,272712,10866892,961,LSW00001,LSW00001,DAY,,,,,,,F,***,,***,,84.,84.,84.,0.,0.,84.,84.,12.,1.,1.,CT1,LSW,*,112.,90,Invoiced Complete,PO98382,,20250408,130304,20250417,125417,ESOLORZANO,2025-04-09 01:20:12,0,2025-04-18 01:20:33,INFAJOB,WMIPHPICK_15_AGC_4508526_20250408190040.txt,WMI,6120e8cde2ca4bb42edf25efda5a7665
124681604,20241008,202410,,7001,-7001,8022993601,AGK,-960,8022993601,8022993601,DH,8701,SGWS - Texas Dallas,,2001 Diplomat Dr,,,Farmers Branch,TX,75234-8919,840,,SGWS - Texas Dallas,2001 Diplomat Dr,,,Farmers Branch,TX,75234-8919,,840,8701,20240930,,,LTL,,,20,Fully Assigned To An Outbound Shipment,20240930,20241002,20241008,71415,241002P0000,N,0,0,0,2,90,Invoiced,,2,Pickticket Completely Invoiced.,,N,N,000,0,29315.,0.,0.,0,13,1506960.,0.,0.,0,8580.,,TL,53,P,5,02,ACTIVITY 2,8700,N N,,,,10,20241002003,9,All From Reserve,42623,11106370,960,306228,306228,DAY,,,,,,,F,***,,***,,8580.,8580.,8580.,0.,0.,8580.,8580.,6.,660.,132.,CT1,TXD,,37.0045,90,Invoiced Complete,4012185,8700,20240925,100117,20241008,71415,KRENO,2024-09-25 22:20:46,0,2025-04-21 22:33:19,INFAJOB,WMIPHPICK_15_AGK_3919635_20240925160035.txt,WMI,4947dd63c14e97ace5e49232cf9a030f
137649159,20241028,202410,,7001,-7001,FL7914949,AGK,-960,FL7914949,FL7914949,DB,50656,SGWS LAKELAND TRF,SGWS LAKELAND TRF,4440 OLD TAMPA HIGHWAY,,,LAKELAND,FL,33811,840,,SGWS/LAKELAND,4440 OLD TAMPA HIGHWAY,,,LAKELAND,FL,33811,8636861526,840,FL0050656,20241018,,,LTL,,,20,Fully Assigned To An Outbound Shipment,20241014,20241024,20241028,112624,241024P0000,N,0,0,0,2,90,Invoiced,,2,Pickticket Completely Invoiced.,,N,N,07914949,1,40715.2,0.,0.,0,20,2245017.6,0.,0.,0,9792.,,TL,53,F,5,02,ACTIVITY 2,1500,N N,,,,2,20241024006,9,All From Reserve,3275231,11153734,960,992250,992250,DAY,,,,,,,F,***,,***,,2688.,2688.,2688.,0.,0.,2688.,2688.,6.,384.,96.,CT1,LAK,*,40575.36,90,Invoiced Complete,4028448,1500,20241014,143605,20241028,112624,KRENO,2024-10-14 22:18:56,0,2025-04-21 22:33:19,INFAJOB,WMIPHPICK_15_AGK_3973950_20241014160037.txt,WMI,d991b73805f5eddf0e968a251022b120
140094619,20241104,202411,,7001,-7001,KY7505253,AGK,-960,KY7505253,KY7505253,DB,1,SGWS KY LOUISVILLE,SGWS KY LOUISVILLE,2801 CONSTANT COMMENT PLACE,,,LOUISVILLE,KY,40299,840,,SGWS KY LOUISVILLE,2801 CONSTANT COMMENT PLACE,,,LOUISVILLE,KY,40299,5022976000,840,KY0000001,20241104,,,LTL,,,,Not Assigned To An Outbound Shipment,20241030,0,0,0,,,,,,,99,Cancelled,,3,Pickticket Cancelled.,,Y,N,07505253,1,0.,0.,0.,0,0,0.,0.,0.,0,12144.,,TL,53,F,0,,,2200,N N,,,,1,,,,50777,9049959,960,993969,993969,,,,,,,,F,,,,,12144.,12144.,12144.,0.,12144.,0.,0.,12.,0.,0.,,LOU,*,144918.4,,,,2200,20241030,123917,20241104,121831,ZNOEFL,2024-10-30 22:23:40,0,2025-04-21 22:33:19,INFAJOB,WMIPHPICK_15_AGK_4043272_20241030160037.txt,WMI,d816c235ee8ea405c26b3aeafa92ab00
103718374,20240521,202405,,7001,-7001,IL7545228,AGK,-960,IL7545228,IL7545228,DB,36452,SGWS - ILLINOIS- TRANSFER,SGWS - ILLINOIS- TRANSFER,300 E CROSSROADS PKWY,,,BOLINGBROOK,IL,60440,840,,SGWS - ILLINOIS- TRANSFER,300 E CROSSROADS PKWY,,,BOLINGBROOK,IL,60440,,840,IL0036452,20240510,,,LTL,,,20,Fully Assigned To An Outbound Shipment,20240506,20240507,20240521,95702,240507P0000,N,0,0,0,2,90,Invoiced,,2,Pickticket Completely Invoiced.,,N,N,07545228,1,37763.6,0.,0.,0,23,2431311.,0.,0.,0,23040.,,TL,53,F,5,02,ACTIVITY 2,3500,N N,,,,2,20240507008,9,All From Reserve,10627648,12019337,960,25213,25213,DAY,,,,,,,F,***,,***,,3120.,3120.,3120.,0.,0.,3120.,3120.,12.,780.,156.,CT1,BOL,*,19237.4,90,Invoiced Complete,3889766,3500,20240506,184834,20240521,95702,EDOBBINS,2024-07-20 14:03:28,0,2025-04-21 22:33:19,INFAJOB,WMIPHPICK_15_Adhoc_3730955_20240719125822.txt,WMI,6298a5e57f6dc862694043d35cad00a7
101177822,20240726,202407,,7001,-7001,KY7505044,AGK,-960,KY7505044,KY7505044,DB,1,309481Y LOUISVILLE,309481Y LOUISVILLE,2801 CONSTANT COMMENT PLACE,,,LOUISVILLE,KY,40299,840,,SGWS KY LOUISVILLE,2801 CONSTANT COMMENT PLACE,,,LOUISVILLE,KY,40299,5022976000,840,KY0000001,20240708,,,LTL,,,20,Fully Assigned To An Outbound Shipment,20240702,20240724,20240726,112659,240724P0000,N,0,0,0,2,90,Invoiced,,2,Pickticket Completely Invoiced.,,N,N,07505044,1,15693.3,0.,0.,0,10,887269.485,0.,0.,0,5028.,,TL,53,F,5,02,ACTIVITY 2,2200,N N,,,,5,20240724008,9,All From Reserve,32111,9302553,960,927368,927368,DAY,,,,,,,F,***,,***,,108.,108.,108.,0.,0.,108.,108.,12.,1512.,108.,CT1,LOU,*,621.36,90,Invoiced Complete,3938689,2200,20240702,130301,20240726,112659,KRENO,2024-07-20 14:03:28,0,2025-04-21 22:33:19,INFAJOB,WMIPHPICK_15_Adhoc_3730955_20240719125822.txt,WMI,8e70e493efaaaf3d8899cf3afc2ba5b5
141982495,20241008,202410,,7001,-7001,8024223860,AGK,-960,8024223860,8024223860,DH,9401,SGWS - Kansas Edwardsville,,1100 Blake Street,,,Edwardsville,KS,66111,840,,SGWS - Kansas Edwardsville,1100 Blake Street,,,Edwardsville,KS,66111,,840,9401,20240930,,,LTL,,,20,Fully Assigned To An Outbound Shipment,20240930,20241004,20241008,134328,241004P0000,N,0,0,0,2,90,Invoiced,,2,Pickticket Completely Invoiced.,,N,N,000,0,35393.85,0.,0.,0,24,1991951.118,0.,0.,0,9756.,,TL,53,P,5,02,ACTIVITY 2,9400,N N,,,,40,20241004023,9,All From Reserve,20476,12076199,960,983111,983111,DAY,,,,,,,F,***,,***,,2280.,2280.,2280.,0.,0.,2280.,2280.,6.,240.,60.,CT1,KSE,,36.3671,90,Invoiced Complete,4010776,9400,20240925,3046,20241008,134328,KRENO,2024-09-25 22:20:46,0,2025-04-21 22:33:19,INFAJOB,WMIPHPICK_15_AGK_3917844_20240925020017.txt,WMI,f583779ec5930948eae6be1a3de114e2
152235369,20241122,202411,,7001,-7001,FL7915109,AGK,-960,FL7915109,FL7915109,DB,50656,SGWS LAKELAND TRF,SGWS LAKELAND TRF,4440 OLD TAMPA HIGHWAY,,,LAKELAND,FL,33811,840,,SGWS/LAKELAND,4440 OLD TAMPA HIGHWAY,,,LAKELAND,FL,33811,8636861526,840,FL0050656,20241107,,,LTL,,,20,Fully Assigned To An Outbound Shipment,20241104,20241120,20241122,144710,241120P0000,N,0,0,0,2,90,Invoiced,,2,Pickticket Completely Invoiced.,,N,N,07915109,1,13190.4,0.,0.,0,8,848332.8,0.,0.,0,2304.,,TL,53,F,5,02,ACTIVITY 2,1500,N N,,,,1,20241120006,9,All From Reserve,54016,11972432,960,464549,464549,DAY,,,,,,,F,***,,***,,2304.,2304.,2304.,0.,0.,2304.,2304.,6.,288.,72.,CT1,LAK,*,74077.44,90,Invoiced Complete,4048229,1500,20241104,150928,20241122,144710,KRENO,2024-11-04 23:18:31,0,2025-04-21 22:33:19,INFAJOB,WMIPHPICK_15_AGK_4057242_20241104160048.txt,WMI,09c91f60ab1a19aa799062184169f02a
139288514,20241127,202411,,7001,-7001,FL7915265,AGK,-960,FL7915265,FL7915265,DB,50656,SGWS LAKELAND TRF,SGWS LAKELAND TRF,4440 OLD TAMPA HIGHWAY,,,LAKELAND,FL,33811,840,,SGWS/LAKELAND,4440 OLD TAMPA HIGHWAY,,,LAKELAND,FL,33811,8636861526,840,FL0050656,20241121,,,LTL,,,,Not Assigned To An Outbound Shipment,20241118,0,0,0,,,,,,,99,Cancelled,,3,Pickticket Cancelled.,,Y,N,07915265,1,0.,0.,0.,0,0,0.,0.,0.,0,11880.,,TL,53,F,0,,,1500,N N,,,,1,,,,46245,11902361,960,24601,24601,,,,,,,,F,,,,,11880.,11880.,11880.,0.,11880.,0.,0.,12.,0.,0.,,LAK,*,297752.4,,,,1500,20241118,164307,20241127,171636,EUBER,2024-11-18 23:18:32,0,2025-04-21 22:33:19,INFAJOB,WMIPHPICK_15_AGK_4097875_20241118160037.txt,WMI,bd501d32cd4d77e5160da8e4f929a573
152005485,20241127,202411,,7001,-7001,8025556017,AGK,-960,8025556017,8025556017,DH,9301,SGWS - Arkansas North Little R,,11101 Smitty Lane,,,North Little Rock,AR,72117-5390,840,,SGWS - Arkansas North Little R,11101 Smitty Lane,,,North Little Rock,AR,72117-5390,,840,9301,20241125,,,LTL,,,,Not Assigned To An Outbound Shipment,20241125,0,0,0,,,,,,,99,Cancelled,,3,Pickticket Cancelled.,,Y,N,000,0,0.,0.,0.,0,0,0.,0.,0.,0,12120.,,TL,53,P,0,,,9300,N N,,,,20,,,,20476,12076199,960,983111,983111,,,,,,,,F,,,,,240.,240.,240.,0.,240.,0.,0.,6.,0.,0.,,ARL,,0.,,,,9300,20241121,113113,20241127,163929,EUBER,2024-11-21 23:19:58,0,2025-04-21 22:33:19,INFAJOB,WMIPHPICK_15_AGK_4107519_20241121160038.txt,WMI,061cb2a71e44193914d1fa8fdd58b965
174511243,20241210,202412,,7001,-7001,KY7505357,AGK,-960,KY7505357,KY7505357,DB,1,SGWS KY LOUISVILLE,SGWS KY LOUISVILLE,2801 CONSTANT COMMENT PLACE,,,LOUISVILLE,KY,40299,840,,SGWS KY LOUISVILLE,2801 CONSTANT COMMENT PLACE,,,LOUISVILLE,KY,40299,5022976000,840,KY0000001,20241210,,,LTL,,,20,Fully Assigned To An Outbound Shipment,20241206,20241209,20241210,100251,241209P0000,N,0,0,0,2,90,Invoiced,,2,Pickticket Completely Invoiced.,,N,N,07505357,1,25227.9,0.,0.,0,14,1399830.6,0.,0.,0,7644.,,TL,53,F,5,02,ACTIVITY 2,2200,N N,,,,1,20241209014,9,All From Reserve,81263,11939828,960,28716,28716,DAY,,,,,,,F,***,,***,,816.,816.,816.,0.,0.,816.,816.,12.,816.,204.,CT1,LOU,*,6125.44,90,Invoiced Complete,4076859,2200,20241206,130224,20241210,100251,ZMAERZ,2024-12-06 23:20:02,0,2025-04-21 22:33:19,INFAJOB,WMIPHPICK_15_AGK_4155866_20241206160037.txt,WMI,153e60c6d2763450ccf18b5929636100
166386019,20250131,202501,,7001,-7001,CO7508461,AGK,-960,CO7508461,CO7508461,DB,21786,SGWS COLORADO AURORA WHSE,SGWS COLORADO AURORA WHSE,22800 E 19TH AVE,,,AURORA,CO,80019,840,,SGWS COLORADO AURORA WHSE,22800 E 19TH AVE,,,AURORA,CO,80019,3032921711,840,CO0021786,20250108,,,LTL,,,20,Fully Assigned To An Outbound Shipment,20250108,20250128,20250131,130759,250128P0000,N,0,0,0,2,90,Invoiced,,2,Pickticket Completely Invoiced.,,N,N,07508461,1,12925.,0.,0.,0,16,1212607.,0.,0.,0,10794.,,TL,53,F,5,02,ACTIVITY 2,7800,N N,,,,4,20250128023,9,All From Reserve,73776,11860170,960,430016,430016,DAY,,,,,,,F,***,,***,,600.,600.,600.,0.,0.,600.,600.,6.,600.,120.,CT1,COA,*,11846.,90,Invoiced Complete,4101528,7800,20250108,183509,20250131,130759,ZMAERZ,2025-01-09 23:20:18,0,2025-04-21 22:33:19,INFAJOB,WMIPHPICK_15_AGK_4252811_20250109020019.txt,WMI,0756a32270b5f2839fce6fb7e5871fce
177490655,20250217,202502,,7001,-7001,CO7508485,AGK,-960,CO7508485,CO7508485,DB,21786,SGWS COLORADO AURORA WHSE,SGWS COLORADO AURORA WHSE,22800 E 19TH AVE,,,AURORA,CO,80019,840,,SGWS COLORADO AURORA WHSE,22800 E 19TH AVE,,,AURORA,CO,80019,3032921711,840,CO0021786,20250207,,,LTL,,,20,Fully Assigned To An Outbound Shipment,20250207,20250213,20250217,92609,250213P0000,N,0,0,0,2,90,Invoiced,,2,Pickticket Completely Invoiced.,,N,N,07508485,1,22904.2,0.,0.,0,20,1274145.98,0.,0.,0,17928.,,TL,53,F,5,02,ACTIVITY 2,7800,N N,,,,5,20250213005,9,All From Reserve,26878,12068736,960,606586,606586,DAY,,,,,,,F,***,,***,,1920.,1920.,1920.,0.,0.,1920.,1920.,12.,960.,192.,CT1,COA,*,29670.4,90,Invoiced Complete,4126050,7800,20250207,153342,20250217,92609,ZMAERZ,2025-02-07 23:23:27,0,2025-04-21 22:33:19,INFAJOB,WMIPHPICK_15_AGK_4337136_20250207160040.txt,WMI,3ed27214c7ce5780af24a819c5a93808
200233617,20250218,202502,,7001,-7001,FL7916033,AGK,-960,FL7916033,FL7916033,DB,50656,SGWS LAKELAND TRF,SGWS LAKELAND TRF,4440 OLD TAMPA HIGHWAY,,,LAKELAND,FL,33811,840,,SGWS/LAKELAND,4440 OLD TAMPA HIGHWAY,,,LAKELAND,FL,33811,8636861526,840,FL0050656,20250203,,,LTL,,,20,Fully Assigned To An Outbound Shipment,20250131,20250213,20250218,65300,250213P0000,N,0,0,0,2,90,Invoiced,,2,Pickticket Completely Invoiced.,,N,N,07916033,1,1674.,0.,0.,0,23,1674.,0.,0.,0,16812.,,TL,53,F,5,02,ACTIVITY 2,1500,N N,,,,4,20250213008,9,All From Reserve,94521,11956242,960,573233,573233,DAY,,,,,,,F,***,,***,,132.,132.,132.,0.,0.,132.,132.,12.,1.,1.,CT1,LAK,*,2387.22,90,Invoiced Complete,4120688,1500,20250131,150634,20250218,65300,ZMAERZ,2025-01-31 23:25:38,0,2025-04-21 22:33:19,INFAJOB,WMIPHPICK_15_AGK_4318262_20250131160040.txt,WMI,5d7c62e4076b0449b67312f35a41594d
201409329,20250312,202503,,7001,-7001,FL7916333,AGK,-960,FL7916333,FL7916333,DB,50656,SGWS LAKELAND TRF,SGWS LAKELAND TRF,4440 OLD TAMPA HIGHWAY,,,LAKELAND,FL,33811,840,,SGWS/LAKELAND,4440 OLD TAMPA HIGHWAY,,,LAKELAND,FL,33811,8636861526,840,FL0050656,20250306,,,LTL,,,20,Fully Assigned To An Outbound Shipment,20250305,20250310,20250312,82757,250310P0000,N,0,0,0,2,90,Invoiced,,2,Pickticket Completely Invoiced.,,N,N,07916333,1,1232.,0.,0.,0,22,1232.,0.,0.,0,14784.,,TL,53,F,5,02,ACTIVITY 2,1500,N N,,,,2,20250310006,9,All From Reserve,2356513,12899730,960,650357,650357,DAY,,,,,,,F,***,,***,,9408.,9408.,9408.,0.,0.,9408.,9408.,12.,1.,1.,CT1,LAK,*,116032.,90,Invoiced Complete,4147430,1500,20250305,150559,20250312,82757,MLIPSCOMB,2025-03-05 23:24:55,0,2025-04-21 22:33:19,INFAJOB,WMIPHPICK_15_AGK_4410746_20250305160044.txt,WMI,fefc906dfdb0163e25da2e3e5053011d
109389379,20240828,202408,,7002,-7002,MCM000001D,AGC,-961,MCM000001D,MCM000001D,DH,MCM0000Y,SGWS OF NM,,123  Montano Rd NW,,,ALBUQUERQUE,NM,87107,840,,SGWS OF NM,123  Montano Rd NW,,,ALBUQUERQUE,NM,87107,,840,,0,,,,,,20,Fully Assigned To An Outbound Shipment,20240816,20240816,20240828,223822,240816P0000,N,0,0,0,2,90,Invoiced,,2,Pickticket Completely Invoiced.,,N,N,,0,483.,483.,0.,0,2,24156.,0.,0.,0,180.,,TL,53,F,5,01,ACTIVITY 1,,,,,,1,20240816020,9,All from Reserve,2187883,12145987,961,MCM00007,MCM00007,DAY,,,,,,,F,***,,***,,180.,180.,180.,0.,0.,180.,180.,12.,720.,180.,CT1,MCM,*,1.,90,Invoiced Complete,3964149,,20240816,193947,20240828,223822,ESOLORZANO,2024-08-17 18:49:17,0,2025-04-22 01:19:24,INFAJOB,WMIPHPICK_15_AGC_3811036_20240817102019.txt,WMI,956d20bb3534573eed1a1d300445e2ca
138997382,20241007,202410,,7002,-7002,HI7518458,AGC,-961,HI7518458,HI7518458,DB,331,SGWS BIG ISLAND WHSE 4,SGWS BIG ISLAND WHSE 4,"61 3785 MALUOKALANI PLACE, #12",,,KAWAIHAE,HI,96743,840,,SGWS BIG ISLAND WHSE 4,"61 3785 MALUOKALANI PLACE, #12",,,KAWAIHAE,HI,96743,8088821841,840,HI0000331,20240925,,,LTL,,,20,Fully Assigned To An Outbound Shipment,20240925,20240926,20241007,142527,240926P0000,N,0,0,0,2,90,Invoiced,,2,Pickticket Completely Invoiced.,,N,N,07518458,1,31829.9,31829.9,0.,0,58,2079461.952,0.,0.,0,12222.,,TL,53,F,5,02,ACTIVITY 2,6600,N N,,,,14,20240926047,9,All from Reserve,617651,11986642,961,152374,152374,DAY,,,,,,,F,***,,***,,18.,18.,18.,0.,0.,18.,18.,6.,672.,168.,CT1,HIC,*,347.34,90,Invoiced Complete,4012963,6600,20240925,160557,20241007,142527,MCASTANE,2024-09-26 03:30:03,0,2025-04-22 01:19:24,INFAJOB,WMIPHPICK_15_AGC_3920299_20240925190034.txt,WMI,955a1f7b17801dd2009f989ba4cb2480
123723664,20241030,202410,,7002,-7002,FL7914793,AGC,-961,FL7914793,FL7914793,DB,50656,SGWS LAKELAND TRF,SGWS LAKELAND TRF,4440 OLD TAMPA HIGHWAY,,,LAKELAND,FL,33811,840,,SGWS/LAKELAND,4440 OLD TAMPA HIGHWAY,,,LAKELAND,FL,33811,8636861526,840,FL0050656,20240925,,,LTL,,,20,Fully Assigned To An Outbound Shipment,20240925,20241017,20241030,142306,241017P0000,N,0,0,0,2,90,Invoiced,,2,Pickticket Completely Invoiced.,,N,N,07914793,1,13224.1,13224.1,0.,0,7,591586.38,0.,0.,0,4344.,,TL,53,F,5,02,ACTIVITY 2,1500,N N,,,,3,20241017031,9,All from Reserve,1950440,10804244,961,479864,479864,DAY,,,,,,,F,***,,***,,720.,720.,720.,0.,0.,720.,720.,12.,720.,180.,CT1,LAK,*,3165.6,90,Invoiced Complete,4013008,1500,20240925,173202,20241030,142306,LKOESTERS,2024-09-26 03:30:03,0,2025-04-22 01:19:24,INFAJOB,WMIPHPICK_15_AGC_3920299_20240925190034.txt,WMI,d8819bd76c88b50838ae3a92a27be3a7
198273011,20241204,202412,,7002,-7002,HI7518752,AGC,-961,HI7518752,HI7518752,DB,329,SGWS CAMPBELL WHSE 1,SGWS CAMPBELL WHSE 1,91 210 HANUA ST,,,KAPOLEI,HI,96707,840,,SGWS CAMPBELL WHSE 1,91 210 HANUA ST,,,KAPOLEI,HI,96707,8086823737,840,HI0000329,20241113,,,LTL,,,20,Fully Assigned To An Outbound Shipment,20241112,20241120,20241204,184958,241120P0000,N,0,0,0,2,90,Invoiced,,2,Pickticket Completely Invoiced.,,N,N,07518752,1,24627.9958,24627.9958,0.,0,44,1426126.649,0.,0.,0,16214.,,TL,53,F,5,02,ACTIVITY 2,6600,N N,,,,6,20241120005,9,All from Reserve,2124834,12017579,961,619040,619040,DAY,,,,,,,F,***,,***,,36.,36.,36.,0.,0.,36.,36.,12.,540.,108.,CT1,HIC,*,374.73,90,Invoiced Complete,4055865,6600,20241112,155440,20241204,184958,ESOLORZANO,2024-11-13 02:21:49,0,2025-04-22 01:19:24,INFAJOB,WMIPHPICK_15_AGC_4081415_20241112190036.txt,WMI,4609da3362c384b71784bcec8dc4224c
198411251,20241204,202412,,7002,-7002,HI7518752,AGC,-961,HI7518752,HI7518752,DB,329,SGWS CAMPBELL WHSE 1,SGWS CAMPBELL WHSE 1,91 210 HANUA ST,,,KAPOLEI,HI,96707,840,,SGWS CAMPBELL WHSE 1,91 210 HANUA ST,,,KAPOLEI,HI,96707,8086823737,840,HI0000329,20241113,,,LTL,,,20,Fully Assigned To An Outbound Shipment,20241112,20241120,20241204,184958,241120P0000,N,0,0,0,2,90,Invoiced,,2,Pickticket Completely Invoiced.,,N,N,07518752,1,24627.9958,24627.9958,0.,0,44,1426126.649,0.,0.,0,16214.,,TL,53,F,5,02,ACTIVITY 2,6600,N N,,,,12,20241120005,9,All from Reserve,12652507,12097144,961,917540,917540,DAY,,,,,,,F,***,,***,,18.,18.,18.,0.,0.,18.,18.,6.,600.,120.,CT1,HIC,*,367.32,90,Invoiced Complete,4055865,6600,20241112,155440,20241204,184958,ESOLORZANO,2024-11-13 02:21:49,0,2025-04-22 01:19:24,INFAJOB,WMIPHPICK_15_AGC_4081415_20241112190036.txt,WMI,25d60004a8f61dbc379eef3bfb6f4f4e
155548216,20241226,202412,,7002,-7002,HI7518907,AGC,-961,HI7518907,HI7518907,DB,332,SGWS KAUAI WHSE 5,SGWS KAUAI WHSE 5,1556 HALEUKANA ST,,,LIHUE,HI,96766,840,,SGWS KAUAI WHSE 5,1556 HALEUKANA ST,,,LIHUE,HI,96766,8082452999,840,HI0000332,20241209,,,LTL,,,20,Fully Assigned To An Outbound Shipment,20241206,20241212,20241226,110116,241212P0000,N,0,0,0,2,90,Invoiced,,2,Pickticket Completely Invoiced.,,N,N,07518907,1,22211.85,22211.85,0.,0,61,2358148.826,0.,0.,0,7742.,,TL,53,F,5,02,ACTIVITY 2,6600,N N,,,,12,20241212010,9,All from Reserve,110775,11957708,961,220016,220016,DAY,,,,,,,F,***,,***,,6.,6.,6.,0.,0.,6.,6.,6.,336.,84.,CT1,HIC,*,198.82,90,Invoiced Complete,4077364,6600,20241206,152839,20241226,110116,ESOLORZANO,2024-12-07 02:19:15,0,2025-04-22 01:19:24,INFAJOB,WMIPHPICK_15_AGC_4156528_20241206190036.txt,WMI,814ec920bfef676bbf4e545b35a696b5
134484943,20250106,202501,,7002,-7002,HI7518710,AGC,-961,HI7518710,HI7518710,DB,329,SGWS CAMPBELL WHSE 1,SGWS CAMPBELL WHSE 1,91 210 HANUA ST,,,KAPOLEI,HI,96707,840,,SGWS CAMPBELL WHSE 1,91 210 HANUA ST,,,KAPOLEI,HI,96707,8086823737,840,HI0000329,20241108,,,LTL,,,20,Fully Assigned To An Outbound Shipment,20241106,20241126,20250106,133241,241126P0000,N,0,0,0,2,90,Invoiced,,2,Pickticket Completely Invoiced.,,N,N,07518710,1,2240.6,2240.6,0.,0,10,207490.576,0.,0.,0,1440.,,TL,53,F,5,02,ACTIVITY 2,6600,N N,,,,4,20241126027,9,All from Reserve,2374752,10600454,961,949433,949433,DAY,,,,,,,F,***,,***,,120.,120.,120.,0.,0.,120.,120.,12.,816.,204.,CT1,HIC,*,941.4,90,Invoiced Complete,4050857,6600,20241106,165723,20250106,133241,ESOLORZANO,2024-11-07 02:36:12,0,2025-04-22 01:19:24,INFAJOB,WMIPHPICK_15_AGC_4064351_20241106190037.txt,WMI,f00b95c3f932a705020e2dec68556533
145482194,20250110,202501,,7002,-7002,HI7518979,AGC,-961,HI7518979,HI7518979,DB,332,SGWS KAUAI WHSE 5,SGWS KAUAI WHSE 5,1556 HALEUKANA ST,,,LIHUE,HI,96766,840,,SGWS KAUAI WHSE 5,1556 HALEUKANA ST,,,LIHUE,HI,96766,8082452999,840,HI0000332,20241219,,,LTL,,,20,Fully Assigned To An Outbound Shipment,20241218,20241230,20250110,111741,241230P0000,N,0,0,0,2,90,Invoiced,,2,Pickticket Completely Invoiced.,,N,N,07518979,1,31222.4,31222.4,0.,0,87,1802108.688,0.,0.,0,11858.,,TL,53,F,5,02,ACTIVITY 2,6600,N N,,,,56,20241230001,9,All from Reserve,1232370,12436527,961,633699,633699,DAY,,,,,,,F,***,,***,,72.,72.,72.,0.,0.,72.,72.,12.,528.,132.,CT1,HIC,*,849.66,90,Invoiced Complete,4087465,6600,20241218,192648,20250110,111741,ESOLORZANO,2024-12-19 03:10:02,0,2025-04-22 01:19:24,INFAJOB,WMIPHPICK_15_AGC_4190461_20241218190036.txt,WMI,71e9fd87dc517a43f03fc5291cc2c253
144001056,20250110,202501,,7002,-7002,HI7518972,AGC,-961,HI7518972,HI7518972,DB,330,SGWS MAUI WHSE 3,SGWS MAUI WHSE 3,231 LALO PLACE,,,KAHULUI,HI,96732,840,,SGWS MAUI WHSE 3,231 LALO PLACE,,,KAHULUI,HI,96732,8088718406,840,HI0000330,20241219,,,LTL,,,20,Fully Assigned To An Outbound Shipment,20241218,20250102,20250110,112242,250102P0000,N,0,0,0,2,90,Invoiced,,2,Pickticket Completely Invoiced.,,N,N,07518972,1,38910.71,38910.71,0.,0,47,2207702.812,0.,0.,0,11714.,,TL,53,F,5,02,ACTIVITY 2,6600,N N,,,,2,20250102001,9,All from Reserve,118455,11940916,961,328,328,DAY,,,,,,,F,***,,***,,504.,504.,504.,0.,0.,504.,504.,12.,504.,72.,CT1,HIC,*,13446.3,90,Invoiced Complete,4087459,6600,20241218,192047,20250110,112242,ARENEGAONA,2024-12-19 03:10:02,0,2025-04-22 01:19:24,INFAJOB,WMIPHPICK_15_AGC_4190461_20241218190036.txt,WMI,ed2830c52e9f29714d93ac7a6c72e76c
199040562,20241107,202411,,7002,-7002,HI7518649,AGC,-961,HI7518649,HI7518649,DB,331,SGWS BIG ISLAND WHSE 4,SGWS BIG ISLAND WHSE 4,"61 3785 MALUOKALANI PLACE, #12",,,KAWAIHAE,HI,96743,840,,SGWS BIG ISLAND WHSE 4,"61 3785 MALUOKALANI PLACE, #12",,,KAWAIHAE,HI,96743,8088821841,840,HI0000331,20241101,,,LTL,,,20,Fully Assigned To An Outbound Shipment,20241030,20241101,20241107,124738,241101P0000,N,0,0,0,2,90,Invoiced,,2,Pickticket Completely Invoiced.,,N,N,07518649,1,12071.2,12071.2,0.,0,24,714017.998,0.,0.,0,3648.,,TL,53,F,5,02,ACTIVITY 2,6600,N N,,,,19,20241101019,9,All from Reserve,12731543,12004685,961,918500,918500,DAY,,,,,,,F,***,,***,,180.,180.,180.,0.,0.,180.,180.,12.,1.,1.,CT1,HIC,*,1091.55,90,Invoiced Complete,4043573,6600,20241030,133929,20241107,124738,ESOLORZANO,2024-10-31 01:36:43,0,2025-04-22 01:19:24,INFAJOB,WMIPHPICK_15_AGC_4043934_20241030190037.txt,WMI,2999aa8623b5b9b635288584e7c9f48a
150837055,20250128,202501,,7002,-7002,HI7519064,AGC,-961,HI7519064,HI7519064,DB,330,SGWS MAUI WHSE 3,SGWS MAUI WHSE 3,231 LALO PLACE,,,KAHULUI,HI,96732,840,,SGWS MAUI WHSE 3,231 LALO PLACE,,,KAHULUI,HI,96732,8088718406,840,HI0000330,20241231,,,LTL,,,20,Fully Assigned To An Outbound Shipment,20241231,20250115,20250128,192230,250115P0000,N,0,0,0,2,90,Invoiced,,2,Pickticket Completely Invoiced.,,N,N,07519064,1,2895.25,2895.25,0.,0,7,158262.791,0.,0.,0,726.,,TL,53,F,5,02,ACTIVITY 2,6600,N N,,,,1,20250115010,9,All from Reserve,2174760,12000172,961,92809,92809,DAY,,,,,,,F,***,,***,,60.,60.,60.,0.,0.,60.,60.,6.,468.,156.,CT1,HIC,*,1908.3,90,Invoiced Complete,4096166,6600,20241231,151143,20250128,192230,VRINCON,2025-01-01 02:20:18,0,2025-04-22 01:19:24,INFAJOB,WMIPHPICK_15_AGC_4228119_20241231190037.txt,WMI,44f4c23557d1cb6a658b13b2b09a86f0
155590284,20250122,202501,,7002,-7002,HI7519018,AGC,-961,HI7519018,HI7519018,DB,331,SGWS BIG ISLAND WHSE 4,SGWS BIG ISLAND WHSE 4,"61 3785 MALUOKALANI PLACE, #12",,,KAWAIHAE,HI,96743,840,,SGWS BIG ISLAND WHSE 4,"61 3785 MALUOKALANI PLACE, #12",,,KAWAIHAE,HI,96743,8088821841,840,HI0000331,20241224,,,LTL,,,20,Fully Assigned To An Outbound Shipment,20241223,20250115,20250122,114909,250115P0000,N,0,0,0,2,90,Invoiced,,2,Pickticket Completely Invoiced.,,N,N,07519018,1,36562.9,36562.9,0.,0,55,2312572.298,0.,0.,0,12036.,,TL,53,F,5,02,ACTIVITY 2,6600,N N,,,,35,20250115017,9,All from Reserve,12673945,11936586,961,963634,963634,DAY,,,,,,,F,***,,***,,84.,84.,84.,0.,0.,84.,84.,12.,816.,204.,CT1,HIC,*,491.89,90,Invoiced Complete,4092012,6600,20241223,203041,20250122,114909,ESOLORZANO,2024-12-24 02:19:16,0,2025-04-22 01:19:24,INFAJOB,WMIPHPICK_15_AGC_4204257_20241223190037.txt,WMI,0ff5fe22eb8c990eb3c5849908615956
172848556,20250211,202502,,7002,-7002,HI7519066,AGC,-961,HI7519066,HI7519066,DB,331,SGWS BIG ISLAND WHSE 4,SGWS BIG ISLAND WHSE 4,"61 3785 MALUOKALANI PLACE, #12",,,KAWAIHAE,HI,96743,840,,SGWS BIG ISLAND WHSE 4,"61 3785 MALUOKALANI PLACE, #12",,,KAWAIHAE,HI,96743,8088821841,840,HI0000331,20241231,,,LTL,,,20,Fully Assigned To An Outbound Shipment,20241231,20250116,20250211,132535,250116P0000,N,0,0,0,2,90,Invoiced,,2,Pickticket Completely Invoiced.,,N,N,07519066,1,6357.35,6357.35,0.,0,9,315480.17,0.,0.,0,1494.,,TL,53,F,5,02,ACTIVITY 2,6600,N N,,,,8,20250116019,9,All from Reserve,2176035,12085074,961,986292,986292,DAY,,,,,,,F,***,,***,,156.,156.,156.,0.,0.,156.,156.,12.,624.,156.,CT1,HIC,*,1979.12,90,Invoiced Complete,4096172,6600,20241231,151343,20250211,132535,ARENEGAONA,2025-01-01 02:20:18,0,2025-04-22 01:19:24,INFAJOB,WMIPHPICK_15_AGC_4228119_20241231190037.txt,WMI,22606ff2ffc3597f695b9850edd1e695
169123708,20250306,202503,,7002,-7002,HI7519583,AGC,-961,HI7519583,HI7519583,DB,329,SGWS CAMPBELL WHSE 1,SGWS CAMPBELL WHSE 1,91 210 HANUA ST,,,KAPOLEI,HI,96707,840,,SGWS CAMPBELL WHSE 1,91 210 HANUA ST,,,KAPOLEI,HI,96707,8086823737,840,HI0000329,20250227,,,LTL,,,20,Fully Assigned To An Outbound Shipment,20250226,20250304,20250306,154006,250304P0000,N,0,0,0,2,90,Invoiced,,2,Pickticket Completely Invoiced.,,N,N,07519583,1,34360.05,34360.05,0.,0,31,1854782.66,0.,0.,0,14100.,,TL,53,F,5,02,ACTIVITY 2,6600,N N,,,,12,20250304020,9,All from Reserve,2160675,12010948,961,958950,958950,DAY,,,,,,,F,***,,***,,108.,108.,108.,0.,0.,108.,108.,12.,1200.,240.,CT1,HIC,*,820.08,90,Invoiced Complete,4142285,6600,20250226,193021,20250306,154006,MCASTANE,2025-02-27 02:20:48,0,2025-04-22 01:19:24,INFAJOB,WMIPHPICK_15_AGC_4390887_20250226190039.txt,WMI,eeb1476cb2cab49480b43fe0a70dd216
181065229,20250317,202503,,7002,-7002,HI7519685,AGC,-961,HI7519685,HI7519685,DB,332,SGWS KAUAI WHSE 5,SGWS KAUAI WHSE 5,1556 HALEUKANA ST,,,LIHUE,HI,96766,840,,SGWS KAUAI WHSE 5,1556 HALEUKANA ST,,,LIHUE,HI,96766,8082452999,840,HI0000332,20250311,,,LTL,,,20,Fully Assigned To An Outbound Shipment,20250310,20250313,20250317,105050,250313P0000,N,0,0,0,2,90,Invoiced,,2,Pickticket Completely Invoiced.,,N,N,07519685,1,9411.,9411.,0.,0,23,684239.02,0.,0.,0,3204.,,TL,53,F,5,02,ACTIVITY 2,6600,N N,,,,21,20250313029,9,All from Reserve,2153321,12315910,961,935582,935582,DAY,,,,,,,F,***,,***,,12.,12.,12.,0.,0.,12.,12.,12.,672.,168.,CT1,HIC,*,80.84,90,Invoiced Complete,4150730,6600,20250310,142022,20250317,105050,MCERTEZA,2025-03-11 01:22:11,0,2025-04-22 01:19:24,INFAJOB,WMIPHPICK_15_AGC_4424873_20250310190038.txt,WMI,cf037fa5d2fb2880c8b15170347ad625
247251930,20250414,202504,,7002,-7002,87481891,AGC,-961,87481891,87481891,DB,7801DENV,SGWSGFCA - FAIRFIELDCO-,,22800 EAST 19TH AVENUE,,,AURORA,CO,80019,840,,SGWSGFCA - FAIRFIELDCO-,22800 EAST 19TH AVENUE,,,AURORA,CO,80019,,840,7801-DENV,0,,,LTL,,,20,Fully Assigned To An Outbound Shipment,20250408,20250410,20250414,180444,250410P0000,N,0,0,0,2,90,Invoiced,,2,Pickticket Completely Invoiced.,,N,N,,0,342846.6,342846.6,0.,0,20,16529534.8,0.,0.,0,148.,,TL,53,F,5,03,ACTIVITY 3,,N N,,,,7,20250410034,9,All from Reserve,603892,13173221,961,MISCCOA,MISCCOA,DAY,,,,,,,F,***,,***,,22.,1.,1.,0.,0.,1.,1.,1.,1.,1.,CT1,XDK,4149211,7920.,90,Invoiced Complete,87481891,,20250408,103825,20250414,180444,MCERTEZA,2025-04-08 01:18:05,0,2025-04-25 01:21:23,INFAJOB,WMIPHPICK_15_AGC_4505438_20250407190039.txt,WMI,a70c20e271d483c2dcf576686e856f82
176302535,20250414,202504,,7002,-7002,87522835,AGC,-961,87522835,87522835,DB,7201LASV,SGWSGFCA - FAIRFIELDNV - LAS VEGAS-,,8400 SOUTH JONES BLVD,,,LAS VEGAS,NV,89139,840,,SGWSGFCA - FAIRFIELDNV - LAS VEGAS-,8400 SOUTH JONES BLVD,,,LAS VEGAS,NV,89139,,840,7201-LASV,0,,,LTL,,,20,Fully Assigned To An Outbound Shipment,20250410,20250410,20250414,175956,250410P0000,N,0,0,0,2,90,Invoiced,,2,Pickticket Completely Invoiced.,,N,N,,0,3231655.8,0.,0.,0,41,155946459.6,0.,0.,0,1405.,,TL,53,F,5,03,ACTIVITY 3,,N N,,,,15,20250410028,9,All from Reserve,428533,12991968,961,MISCNVL,MISCNVL,DAY,,,,,,,F,***,,***,,22.,16.,16.,0.,0.,16.,16.,1.,1.,1.,CT1,XDK,4158979,7920.,90,Invoiced Complete,87522835,,20250410,85502,20250414,175956,MCERTEZA,2025-04-09 01:20:12,0,2025-04-25 01:21:23,INFAJOB,WMIPHPICK_15_AGC_4508526_20250408190040.txt,WMI,e436f9d1e4acc8f1793d570f274e0466
176352135,20250414,202504,,7002,-7002,87522835,AGC,-961,87522835,87522835,DB,7201LASV,SGWSGFCA - FAIRFIELDNV - LAS VEGAS-,,8400 SOUTH JONES BLVD,,,LAS VEGAS,NV,89139,840,,SGWSGFCA - FAIRFIELDNV - LAS VEGAS-,8400 SOUTH JONES BLVD,,,LAS VEGAS,NV,89139,,840,7201-LASV,0,,,LTL,,,20,Fully Assigned To An Outbound Shipment,20250410,20250410,20250414,175956,250410P0000,N,0,0,0,2,90,Invoiced,,2,Pickticket Completely Invoiced.,,N,N,,0,3231655.8,0.,0.,0,41,155946459.6,0.,0.,0,1405.,,TL,53,F,5,03,ACTIVITY 3,,N N,,,,19,20250410028,9,All from Reserve,428533,12991968,961,MISCNVL,MISCNVL,DAY,,,,,,,F,***,,***,,22.,9.,9.,0.,0.,9.,9.,1.,1.,1.,CT1,XDK,4160816,7920.,90,Invoiced Complete,87522835,,20250410,85502,20250414,175956,MCERTEZA,2025-04-09 01:20:12,0,2025-04-25 01:21:23,INFAJOB,WMIPHPICK_15_AGC_4508526_20250408190040.txt,WMI,36f19321fdf50895cef15392f3e19030
210791284,20250414,202504,,7002,-7002,87524746,AGC,-961,87524746,87524746,DB,4501METR,SGWSGFCA - FAIRFIELDNY - SYOSSET-,,345 UNDERHILL BLVD,,,SYOSSET,NY,11791,840,,SGWSGFCA - FAIRFIELDNY - SYOSSET-,345 UNDERHILL BLVD,,,SYOSSET,NY,11791,,840,4501-METR,0,,,LTL,,,20,Fully Assigned To An Outbound Shipment,20250410,20250410,20250414,231351,250410P0000,N,0,0,0,2,90,Invoiced,,2,Pickticket Completely Invoiced.,,N,N,,0,1503466.2,0.,0.,0,26,72484218.8,0.,0.,0,649.,,TL,53,F,5,03,ACTIVITY 3,,N N,,,,7,20250410043,9,All from Reserve,2179553,12855646,961,MISCNYM,MISCNYM,DAY,,,,,,,F,***,,***,,22.,3.,3.,0.,0.,3.,3.,1.,1.,1.,CT1,XDK,4162452,7920.,90,Invoiced Complete,87524746,,20250410,100506,20250414,231351,BCALDWELL,2025-04-09 01:20:12,0,2025-04-25 01:21:23,INFAJOB,WMIPHPICK_15_AGC_4508526_20250408190040.txt,WMI,d3106d2748c8b143ab261e8a81f94016
99898400,20240628,202406,,7002,-7002,81008817,AGC,-961,81008817,81008817,DB,5901BULK,SOUTHERN GLAZER'S OF NE,,13855 CORNHUSKER ROAD,,,OMAHA,NE,68138,840,,SOUTHERN GLAZER'S OF NE,13855 CORNHUSKER ROAD,,,OMAHA,NE,68138,,840,5901-BULK,0,,,LTL,,,20,Fully Assigned To An Outbound Shipment,20240626,20240627,20240628,111932,240627P0000,N,0,0,0,2,90,Invoiced,,2,Pickticket Completely Invoiced.,,N,N,,0,69480.,0.,0.,0,30,3362688.,0.,0.,0,30.,,TL,53,F,5,03,ACTIVITY 3,,N N,,,,10,20240627003,9,All from Reserve,278135,12930629,961,MISCNEO,MISCNEO,DAY,,,,,,,F,***,,***,,22.,1.,1.,0.,0.,1.,1.,1.,1.,1.,CT1,XDK,3918211,7920.,90,Invoiced Complete,81008817,,20240626,150220,20240628,111932,AGUERRERO,2024-07-20 14:34:08,0,2025-04-25 01:21:23,INFAJOB,WMIPHPICK_15_Adhoc_3730955_20240719125822.txt,WMI,75af3295a881a831b5755b7931c5c081
100924435,20240712,202407,,7002,-7002,81338643,AGC,-961,81338643,81338643,DB,6601KAWA,SOUTHERN GLAZERS OF HI - KAWA,,61 3785 MALUOKALANI PL 12,,,KAWAIHAE,HI,96743,840,,SOUTHERN GLAZERS OF HI - KAWA,61 3785 MALUOKALANI PL 12,,,KAWAIHAE,HI,96743,,840,6601-KAWA,0,,,LTL,,,20,Fully Assigned To An Outbound Shipment,20240711,20240711,20240712,130658,240711P0000,N,0,0,0,2,90,Invoiced,,2,Pickticket Completely Invoiced.,,N,N,,0,50952.,0.,0.,0,22,2465971.2,0.,0.,0,22.,,TL,53,F,5,03,ACTIVITY 3,,N N,,,,1,20240711017,9,All from Reserve,6491230,12907000,961,MISCHIB,MISCHIB,DAY,,,,,,,F,***,,***,,22.,18.,18.,0.,0.,18.,18.,1.,1.,1.,CT1,XDK,3916892,7920.,90,Invoiced Complete,81338643,,20240711,163717,20240712,130658,AGUERRERO,2024-07-20 14:34:08,0,2025-04-25 01:21:23,INFAJOB,WMIPHPICK_15_Adhoc_3730955_20240719125822.txt,WMI,62bac8a1205b09fe52240df1bd73f514
111237884,20240717,202407,,7002,-7002,81212595,AGC,-961,81212595,81212595,DB,7801DENV,SOUTHERN GLAZER'S OF CO,,22800 EAST 19TH AVENUE,,,AURORA,CO,80019,840,,SOUTHERN GLAZER'S OF CO,22800 EAST 19TH AVENUE,,,AURORA,CO,80019,,840,7801-DENV,0,,,LTL,,,20,Fully Assigned To An Outbound Shipment,20240705,20240712,20240717,141348,240712P0000,N,0,0,0,2,90,Invoiced,,2,Pickticket Completely Invoiced.,,N,N,,0,55584.,9264.,0.,0,24,2690150.4,0.,0.,0,26.,,TL,53,F,5,03,ACTIVITY 3,,N N,,,,13,20240712009,9,All from Reserve,603892,13173221,961,MISCCOA,MISCCOA,DAY,,,,,,,F,***,,***,,22.,2.,2.,0.,0.,2.,2.,1.,1.,1.,CT1,XDK,3891971,7920.,90,Invoiced Complete,81212595,,20240705,101105,20240717,141348,AGUERRERO,2024-07-20 14:34:08,0,2025-04-25 01:21:23,INFAJOB,WMIPHPICK_15_Adhoc_3730955_20240719125822.txt,WMI,d8e3a515437701b8f26531c49ac7944b
100274204,20240624,202406,,7002,-7002,80872387,AGC,-961,80872387,80872387,DB,6401OTHR,SOUTHERN GLAZERS OF CA-NORTH,,1555 ATLANTIC STREET,,,UNION CITY,CA,94587,840,,SOUTHERN GLAZERS OF CA-NORTH,1555 ATLANTIC STREET,,,UNION CITY,CA,94587,,840,6401-OTHR,0,,,LTL,,,20,Fully Assigned To An Outbound Shipment,20240620,20240621,20240624,143554,240621P0000,N,0,0,0,2,90,Invoiced,,2,Pickticket Completely Invoiced.,,N,N,,0,6948.,6948.,0.,0,3,336268.8,0.,0.,0,3.,,TL,53,F,5,03,ACTIVITY 3,,N N,,,,2,20240621002,9,All from Reserve,1547569,12942087,961,MISCCAN,MISCCAN,DAY,,,,,,,F,***,,***,,22.,1.,1.,0.,0.,1.,1.,1.,1.,1.,CT1,XDK,3913621,7920.,90,Invoiced Complete,80872387,,20240620,200053,20240624,143554,DENCINA,2024-07-20 14:34:08,0,2025-04-25 01:21:23,INFAJOB,WMIPHPICK_15_Adhoc_3730955_20240719125822.txt,WMI,0ebaaa4b44d215aab0f53bf80e0527ef
100867667,20240716,202407,,7002,-7002,81303096,AGC,-961,81303096,81303096,DB,7202SPAR,SOUTHERN GLAZERS OF NV - SPARKS,,250 LILLARD,,,SPARKS,NV,89434,840,,SOUTHERN GLAZERS OF NV - SPARKS,250 LILLARD,,,SPARKS,NV,89434,,840,7202-SPAR,0,,,,,,20,Fully Assigned To An Outbound Shipment,20240710,20240712,20240716,103709,240712P0000,N,0,0,0,2,90,Invoiced,,2,Pickticket Completely Invoiced.,,N,N,,0,64848.,64848.,0.,0,28,3138508.8,0.,0.,0,34.,,TL,53,F,5,03,ACTIVITY 3,,N N,,,,24,20240712014,9,All from Reserve,2133484,13048097,961,MISCNVS,MISCNVS,DAY,,,,,,,F,***,,***,,22.,1.,1.,0.,0.,1.,1.,1.,1.,1.,CT1,XDK,3929590,7920.,90,Invoiced Complete,81303096,,20240710,174902,20240716,103709,AGUERRERO,2024-07-20 14:34:08,0,2025-04-25 01:21:23,INFAJOB,WMIPHPICK_15_Adhoc_3730955_20240719125822.txt,WMI,a66031d90ec1570c2c02d0dcc6d5e877
99180242,20240717,202407,,7002,-7002,81338551,AGC,-961,81338551,81338551,DB,7202SPAR,SOUTHERN GLAZERS OF NV - SPARKS,,250 LILLARD,,,SPARKS,NV,89434,840,,SOUTHERN GLAZERS OF NV - SPARKS,250 LILLARD,,,SPARKS,NV,89434,,840,7202-SPAR,0,,,LTL,,,20,Fully Assigned To An Outbound Shipment,20240712,20240716,20240717,202135,240716P0000,N,0,0,0,2,90,Invoiced,,2,Pickticket Completely Invoiced.,,N,N,,0,53268.,6948.,0.,0,23,2578060.8,0.,0.,0,23.,,TL,53,F,5,03,ACTIVITY 3,,N N,,,,1,20240716012,9,All from Reserve,2133484,13048097,961,MISCNVS,MISCNVS,DAY,,,,,,,F,***,,***,,22.,1.,1.,0.,0.,1.,1.,1.,1.,1.,CT1,XDK,3909822,7920.,90,Invoiced Complete,81338551,,20240712,120150,20240717,202135,DENCINA,2024-07-20 14:34:08,0,2025-04-25 01:21:23,INFAJOB,WMIPHPICK_15_Adhoc_3730955_20240719125822.txt,WMI,afab45f67ada41bc466d564ffd4339b2
102772963,20240716,202407,,7002,-7002,81281517,AGC,-961,81281517,81281517,DB,5201BULK,SOUTHERN GLAZER'S OF AZ,,2375 S 45TH AVE,,,PHOENIX,AZ,85043,840,,SOUTHERN GLAZER'S OF AZ,2375 S 45TH AVE,,,PHOENIX,AZ,85043,,840,5201-BULK,0,,,,,,20,Fully Assigned To An Outbound Shipment,20240710,20240711,20240716,93008,240711P0000,N,0,0,0,2,90,Invoiced,,2,Pickticket Completely Invoiced.,,N,N,,0,57900.,2316.,0.,0,25,2802240.,0.,0.,0,26.,,TL,53,F,5,03,ACTIVITY 3,,N N,,,,11,20240711005,9,All from Reserve,2028527,12886643,961,MISCPHX,MISCPHX,DAY,,,,,,,F,***,,***,,22.,2.,2.,0.,0.,2.,2.,1.,1.,1.,CT1,XDK,3877671,7920.,90,Invoiced Complete,81281517,,20240710,90134,20240716,93008,EUBER,2024-07-20 14:34:08,0,2025-04-25 01:21:23,INFAJOB,WMIPHPICK_15_Adhoc_3730955_20240719125822.txt,WMI,c97b9dd68676cd1891f16cdd8b12f4d5
101068603,20240709,202407,,7002,-7002,81171552,AGC,-961,81171552,81171552,DB,4501METR,SOUTHERN GLAZER'S OF NY - SYOSSET,,345 UNDERHILL BLVD,,,SYOSSET,NY,11791,840,,SOUTHERN GLAZER'S OF NY - SYOSSET,345 UNDERHILL BLVD,,,SYOSSET,NY,11791,,840,4501-METR,0,,,LTL,,,20,Fully Assigned To An Outbound Shipment,20240703,20240708,20240709,153157,240708P0000,N,0,0,0,2,90,Invoiced,,2,Pickticket Completely Invoiced.,,N,N,,0,53268.,6948.,0.,0,23,2578060.8,0.,0.,0,23.,,TL,53,F,5,03,ACTIVITY 3,,N N,,,,8,20240708004,9,All from Reserve,2179553,12855646,961,MISCNYM,MISCNYM,DAY,,,,,,,F,***,,***,,22.,1.,1.,0.,0.,1.,1.,1.,1.,1.,CT1,XDK,3924156,7920.,90,Invoiced Complete,81171552,,20240703,165856,20240709,153157,DENCINA,2024-07-20 14:34:08,0,2025-04-25 01:21:23,INFAJOB,WMIPHPICK_15_Adhoc_3730955_20240719125822.txt,WMI,9bf617119f208f285cb4693474fb68dc
103316280,20240712,202407,,7002,-7002,81281469,AGC,-961,81281469,81281469,DB,5401BULK,SOUTHERN GLAZER'S OF DE,,615 LAMBSON LANE,,,NEW CASTLE,DE,19720,840,,SOUTHERN GLAZER'S OF DE,615 LAMBSON LANE,,,NEW CASTLE,DE,19720,,840,5401-BULK,0,,,LTL,,,20,Fully Assigned To An Outbound Shipment,20240709,20240711,20240712,201346,240711P0000,N,0,0,0,2,90,Invoiced,,2,Pickticket Completely Invoiced.,,N,N,,0,74112.,6948.,0.,0,32,3586867.2,0.,0.,0,32.,,TL,53,F,5,03,ACTIVITY 3,,N N,,,,21,20240711011,9,All from Reserve,2111086,12888747,961,MISCDEL,MISCDEL,DAY,,,,,,,F,***,,***,,22.,6.,6.,0.,0.,6.,6.,1.,1.,1.,CT1,XDK,3933138,7920.,90,Invoiced Complete,81281469,,20240709,143705,20240712,201346,DENCINA,2024-07-20 14:34:08,0,2025-04-25 01:21:23,INFAJOB,WMIPHPICK_15_Adhoc_3730955_20240719125822.txt,WMI,17818d0c8005c48202d30434ec85d068
100271797,20240626,202406,,7002,-7002,80936187,AGC,-961,80936187,80936187,DB,93011000,SOUTHERN GLAZERS OF AR 06379,,11101 SMITTY LANE,,,NORTH LITTLE ROCK,AR,721175390,840,,SOUTHERN GLAZERS OF AR 06379,11101 SMITTY LANE,,,NORTH LITTLE ROCK,AR,721175390,,840,9301-1000,0,,,LTL,,,20,Fully Assigned To An Outbound Shipment,20240625,20240625,20240626,174853,240625P0000,N,0,0,0,2,90,Invoiced,,2,Pickticket Completely Invoiced.,,N,N,,0,67164.,0.,0.,0,29,3250598.4,0.,0.,0,32.,,TL,53,F,5,03,ACTIVITY 3,,N N,,,,11,20240625008,9,All from Reserve,9594589,13052294,961,MISCARL,MISCARL,DAY,,,,,,,F,***,,***,,22.,1.,1.,0.,0.,1.,1.,1.,1.,1.,CT1,XDK,3913301,7920.,90,Invoiced Complete,80936187,,20240625,101917,20240626,174853,AGUERRERO,2024-07-20 14:34:08,0,2025-04-25 01:21:23,INFAJOB,WMIPHPICK_15_Adhoc_3730955_20240719125822.txt,WMI,d37c03b5faa6f0fdc360cf4eb224caa4
100022253,20240708,202407,,7002,-7002,81106259,AGC,-961,81106259,81106259,DB,5201BULK,SOUTHERN GLAZER'S OF AZ,,2375 S 45TH AVE,,,PHOENIX,AZ,85043,840,,SOUTHERN GLAZER'S OF AZ,2375 S 45TH AVE,,,PHOENIX,AZ,85043,,840,5201-BULK,0,,,LTL,,,20,Fully Assigned To An Outbound Shipment,20240702,20240703,20240708,203630,240703P0000,N,0,0,0,2,90,Invoiced,,2,Pickticket Completely Invoiced.,,N,N,,0,39372.,39372.,0.,0,17,1905523.2,0.,0.,0,19.,,TL,53,F,5,03,ACTIVITY 3,,N N,,,,2,20240703011,9,All from Reserve,2028527,12886643,961,MISCPHX,MISCPHX,DAY,,,,,,,F,***,,***,,22.,6.,6.,0.,2.,4.,4.,1.,1.,1.,CT1,XDK,3923150,7920.,90,Invoiced Complete,81106259,,20240702,155235,20240708,203630,ARENEGAONA,2024-07-20 14:34:08,0,2025-04-25 01:21:23,INFAJOB,WMIPHPICK_15_Adhoc_3730955_20240719125822.txt,WMI,cafa40c4ac52a9915c29590cbb6357aa
100264231,20240701,202407,,7002,-7002,81058140,AGC,-961,81058140,81058140,DB,7601BULK,SOUTHERN GLAZERS OF NM,,123 MONTANO RD NW,,,ALBUQUERQUE,NM,87107,840,,SOUTHERN GLAZERS OF NM,123 MONTANO RD NW,,,ALBUQUERQUE,NM,87107,,840,7601-BULK,0,,,LTL,,,20,Fully Assigned To An Outbound Shipment,20240628,20240629,20240701,194705,240629P0000,N,0,0,0,2,90,Invoiced,,2,Pickticket Completely Invoiced.,,N,N,,0,76428.,6948.,0.,0,33,3698553.6,0.,0.,0,36.,,TL,53,F,5,03,ACTIVITY 3,,N N,,,,21,20240629007,9,All from Reserve,603572,12819236,961,MISCALB,MISCALB,DAY,,,,,,,F,***,,***,,22.,3.,3.,0.,0.,3.,3.,1.,1.,1.,CT1,XDK,3921573,7920.,90,Invoiced Complete,81058140,,20240628,140224,20240701,194705,AGUERRERO,2024-07-20 14:34:08,0,2025-04-25 01:21:23,INFAJOB,WMIPHPICK_15_Adhoc_3730955_20240719125822.txt,WMI,0e8415d4f7d3198cfd930eaea8c3196d
102054580,20240725,202407,,7002,-7002,81467739,AGC,-961,81467739,81467739,DB,6601KAPO,SOUTHERN GLAZER'S OF HI-KAPO,,91 210 HANUA STREET,,,KAPOLEI,HI,96707,840,,SOUTHERN GLAZER'S OF HI-KAPO,91 210 HANUA STREET,,,KAPOLEI,HI,96707,,840,6601-KAPO,0,,,LTL,,,20,Fully Assigned To An Outbound Shipment,20240717,20240717,20240725,105326,240717P0000,N,0,0,0,2,90,Invoiced,,2,Pickticket Completely Invoiced.,,N,N,,0,55584.,55584.,0.,0,24,2690150.4,0.,0.,0,24.,,TL,53,F,5,03,ACTIVITY 3,,N N,,,,4,20240717016,9,All from Reserve,2402272,13113973,961,MISCHIC,MISCHIC,DAY,,,,,,,F,***,,***,,22.,1.,1.,0.,0.,1.,1.,1.,1.,1.,CT1,XDK,3942780,7920.,90,Invoiced Complete,81467739,,20240717,125613,20240725,105326,EUBER,2024-07-20 14:34:08,0,2025-04-25 01:21:23,INFAJOB,WMIPHPICK_15_Adhoc_3730955_20240719125822.txt,WMI,310c3fb762df520651b54f3cb35a0633
100331223,20240725,202407,,7002,-7002,81500041,AGC,-961,81500041,81500041,DB,7801DENV,SOUTHERN GLAZER'S OF CO,,22800 EAST 19TH AVENUE,,,AURORA,CO,80019,840,,SOUTHERN GLAZER'S OF CO,22800 EAST 19TH AVENUE,,,AURORA,CO,80019,,840,7801-DENV,0,,,,0002137659,0002137559,10,Partially Assigned To An Outbound Shipment,20240718,20240719,20240725,105833,240719P0000,N,0,0,0,2,90,Invoiced,,2,Pickticket Completely Invoiced.,,N,N,,0,60216.,0.,0.,0,26,2914329.6,0.,0.,0,28.,,TL,53,F,5,03,ACTIVITY 3,,N N,,,,17,20240719014,9,All from Reserve,603892,13173221,961,MISCCOA,MISCCOA,DAY,,,,,,,F,***,,***,,22.,3.,3.,0.,0.,3.,3.,1.,1.,1.,CT1,XDK,3936635,7920.,90,Invoiced Complete,81500041,,20240718,170745,20240725,105833,EUBER,2024-07-20 14:34:08,0,2025-04-25 01:21:23,INFAJOB,WMIPHPICK_15_Adhoc_3730955_20240719125822.txt,WMI,e16f468fce97792ba6cde41c32d3d197
102974475,20240805,202408,,7002,-7002,81853568,AGC,-961,81853568,81853568,DB,7601BULK,SOUTHERN GLAZER'S OF NM,,123 MONTANO RD NW,,,ALBUQUERQUE,NM,87107,840,,SOUTHERN GLAZER'S OF NM,123 MONTANO RD NW,,,ALBUQUERQUE,NM,87107,,840,7601-BULK,0,,,LTL,,,20,Fully Assigned To An Outbound Shipment,20240802,20240802,20240805,175705,240802P0000,N,0,0,0,2,90,Invoiced,,2,Pickticket Completely Invoiced.,,N,N,,0,74112.,6948.,0.,0,32,3586867.2,0.,0.,0,48.,,TL,53,F,5,03,ACTIVITY 3,,N N,,,,28,20240802023,9,All from Reserve,603572,12819236,961,MISCALB,MISCALB,DAY,,,,,,,F,***,,***,,22.,1.,1.,0.,0.,1.,1.,1.,1.,1.,CT1,XDK,3939906,7920.,90,Invoiced Complete,81853568,,20240802,135637,20240805,175705,AGUERRERO,2024-08-03 16:12:59,0,2025-04-25 01:21:23,INFAJOB,WMIPHPICK_15_AGC_3773655_20240803110038.txt,WMI,3803843ee8e78d0e92324319a48a498f
101303834,20240805,202408,,7002,-7002,81852744,AGC,-961,81852744,81852744,DB,4601SL01,SOUTHERN GLAZER'S OF NY - UPSTATE,,3063 COURT STREET,,,SYRACUSE,NY,13208,840,,SOUTHERN GLAZER'S OF NY - UPSTATE,3063 COURT STREET,,,SYRACUSE,NY,13208,,840,4601-SL01,0,,,LTL,,,20,Fully Assigned To An Outbound Shipment,20240802,20240802,20240805,180920,240802P0000,N,0,0,0,2,90,Invoiced,,2,Pickticket Completely Invoiced.,,N,N,,0,64848.,2316.,0.,0,28,3138508.8,0.,0.,0,28.,,TL,53,F,5,03,ACTIVITY 3,,N N,,,,1,20240802024,9,All from Reserve,2207720,12980385,961,MISCNYU,MISCNYU,DAY,,,,,,,F,***,,***,,22.,3.,3.,0.,0.,3.,3.,1.,1.,1.,CT1,XDK,3951635,7920.,90,Invoiced Complete,81852744,,20240802,122201,20240805,180920,AGUERRERO,2024-08-03 16:12:59,0,2025-04-25 01:21:23,INFAJOB,WMIPHPICK_15_AGC_3773655_20240803110038.txt,WMI,985535197d6b6c9794245955056c92ed
106599219,20240807,202408,,7002,-7002,81753213,AGC,-961,81753213,81753213,DB,5601BULK,SOUTHERN GLAZER'S OF SD,,3350 4TH AVENUE EAST,,,SHAKOPEE,MN,55379,840,,SOUTHERN GLAZER'S OF SD,3350 4TH AVENUE EAST,,,SHAKOPEE,MN,55379,,840,5601-BULK,0,,,LTL,,,20,Fully Assigned To An Outbound Shipment,20240730,20240805,20240807,95149,240805P0000,N,0,0,0,2,90,Invoiced,,2,Pickticket Completely Invoiced.,,N,N,,0,69480.,0.,0.,0,30,3362688.,0.,0.,0,32.,,TL,53,F,5,03,ACTIVITY 3,,N N,,,,2,20240805022,9,All from Reserve,12772823,12985326,961,MISCMIN,MISCMIN,DAY,,,,,,,F,***,,***,,22.,1.,1.,0.,0.,1.,1.,1.,1.,1.,CT1,XDK,3936927,7920.,90,Invoiced Complete,81753213,,20240730,101906,20240807,95149,EUBER,2024-07-30 16:16:49,0,2025-04-25 01:21:23,INFAJOB,WMIPHPICK_15_AGC_3760712_20240730110039.txt,WMI,ce213ab7d51f9672ea54e2dda6786e5c
105513543,20240808,202408,,7002,-7002,81853327,AGC,-961,81853327,81853327,DB,1401BULK,SOUTHERN GLAZER'S OF FL,,4440 OLD TAMPA HIGHWAY,,,LAKELAND,FL,33811,840,,SOUTHERN GLAZER'S OF FL,4440 OLD TAMPA HIGHWAY,,,LAKELAND,FL,33811,,840,1401-BULK,0,,,LTL,,,20,Fully Assigned To An Outbound Shipment,20240802,20240806,20240808,95044,240806P0000,N,0,0,0,2,90,Invoiced,,2,Pickticket Completely Invoiced.,,N,N,,0,53268.,53268.,0.,0,23,2578060.8,0.,0.,0,39.,,TL,53,F,5,03,ACTIVITY 3,,N N,,,,1,20240806020,9,All from Reserve,161017,13060051,961,MISCLAK,MISCLAK,DAY,,,,,,,F,***,,***,,22.,1.,1.,0.,0.,1.,1.,1.,1.,1.,CT1,XDK,3946178,7920.,90,Invoiced Complete,81853327,,20240802,121901,20240808,95044,AGUERRERO,2024-08-03 16:12:59,0,2025-04-25 01:21:23,INFAJOB,WMIPHPICK_15_AGC_3773655_20240803110038.txt,WMI,62eef50bb88f44bbdf5ee15acc48b791
101288155,20240809,202408,,7002,-7002,81680674,AGC,-961,81680674,81680674,DB,5301BULK,SOUTHERN GLAZER'S OF MD,,SUITE C 7001 QUAD AVENUE,,,ROSEDALE,MD,21237,840,,SOUTHERN GLAZER'S OF MD,SUITE C 7001 QUAD AVENUE,,,ROSEDALE,MD,21237,,840,5301-BULK,0,,,LTL,,,20,Fully Assigned To An Outbound Shipment,20240726,20240807,20240809,114906,240807P0000,N,0,0,0,2,90,Invoiced,,2,Pickticket Completely Invoiced.,,N,N,,0,53268.,53268.,0.,0,23,2578060.8,0.,0.,0,23.,,TL,53,F,5,03,ACTIVITY 3,,N N,,,,2,20240807007,9,All from Reserve,2111406,12918618,961,MISCMRD,MISCMRD,DAY,,,,,,,F,***,,***,,22.,3.,3.,0.,0.,3.,3.,1.,1.,1.,CT1,XDK,3943811,7920.,90,Invoiced Complete,81680674,,20240726,103204,20240809,114906,AGUERRERO,2024-07-26 16:14:26,0,2025-04-25 01:21:23,INFAJOB,WMIPHPICK_15_AGC_3750366_20240726110039.txt,WMI,aca005160e3d67684769a04444af1d0f
108866945,20240812,202408,,7002,-7002,81990383,AGC,-961,81990383,81990383,DB,83011000,SOUTHERN GLAZERS OF IA WA 0000085,,4377 112TH STREET,,,URBANDALE,IA,503222073,840,,SOUTHERN GLAZERS OF IA WA 0000085,4377 112TH STREET,,,URBANDALE,IA,503222073,,840,8301-1000,0,,,LTL,,,20,Fully Assigned To An Outbound Shipment,20240808,20240808,20240812,113937,240808P0000,N,0,0,0,2,90,Invoiced,,2,Pickticket Completely Invoiced.,,N,N,,0,57900.,57900.,0.,0,25,2802240.,0.,0.,0,26.,,TL,53,F,5,03,ACTIVITY 3,,N N,,,,10,20240808020,9,All from Reserve,9594909,12906807,961,MISCIAU,MISCIAU,DAY,,,,,,,F,***,,***,,22.,1.,1.,0.,0.,1.,1.,1.,1.,1.,CT1,XDK,3950292,7920.,90,Invoiced Complete,81990383,,20240808,130514,20240812,113937,AGUERRERO,2024-08-08 16:16:55,0,2025-04-25 01:21:23,INFAJOB,WMIPHPICK_15_AGC_3787000_20240808110041.txt,WMI,67f0d963c9f2274fafb4c4fa305fa09a
102487913,20240725,202407,,7002,-7002,81594677,AGC,-961,81594677,81594677,DB,6601KAPO,SOUTHERN GLAZER'S OF HI-KAPO,,91 210 HANUA STREET,,,KAPOLEI,HI,96707,840,,SOUTHERN GLAZER'S OF HI-KAPO,91 210 HANUA STREET,,,KAPOLEI,HI,96707,,840,6601-KAPO,0,,,LTL,,,20,Fully Assigned To An Outbound Shipment,20240723,20240723,20240725,211750,240723P0000,N,0,0,0,2,90,Invoiced,,2,Pickticket Completely Invoiced.,,N,N,,0,57900.,4632.,0.,0,25,2802240.,0.,0.,0,29.,,TL,53,F,5,03,ACTIVITY 3,,N N,,,,5,20240723024,9,All from Reserve,2402272,13113973,961,MISCHIC,MISCHIC,DAY,,,,,,,F,***,,***,,22.,1.,1.,0.,0.,1.,1.,1.,1.,1.,CT1,XDK,3936343,7920.,90,Invoiced Complete,81594677,,20240723,124148,20240725,211750,EUBER,2024-07-23 18:35:26,0,2025-04-25 01:21:23,INFAJOB,WMIPHPICK_15_AGC_3741365_20240723132153.txt,WMI,3f94c4371946c8c3cd5ea644e5bafb1d
99651154,20240725,202407,,7002,-7002,81528381,AGC,-961,81528381,81528381,DB,7202SPAR,SOUTHERN GLAZER'S OF NV - SPARKS,,250 LILLARD,,,SPARKS,NV,89434,840,,SOUTHERN GLAZER'S OF NV - SPARKS,250 LILLARD,,,SPARKS,NV,89434,,840,7202-SPAR,0,,,LTL,,,20,Fully Assigned To An Outbound Shipment,20240719,20240723,20240725,211029,240723P0000,N,0,0,0,2,90,Invoiced,,2,Pickticket Completely Invoiced.,,N,N,,0,57900.,57900.,0.,0,25,2802240.,0.,0.,0,26.,,TL,53,F,5,03,ACTIVITY 3,,N N,,,,4,20240723017,9,All from Reserve,2133484,13048097,961,MISCNVS,MISCNVS,DAY,,,,,,,F,***,,***,,22.,1.,1.,0.,1.,0.,0.,1.,1.,1.,CT1,XDK,3926435,7920.,90,Invoiced Complete,81528381,,20240719,180104,20240725,211006,EUBER,2024-07-23 18:35:26,0,2025-04-25 01:21:23,INFAJOB,WMIPHPICK_15_AGC_3741365_20240723132153.txt,WMI,de939966298195cefaae07d5caa1641f
100840691,20240725,202407,,7002,-7002,81592643,AGC,-961,81592643,81592643,DB,3501BOLI,SOUTHERN GLAZERS OF IL,,300 EAST CROSSROADS PARKWAY,,,BOLINGBROOK,IL,60440,840,,SOUTHERN GLAZERS OF IL,300 EAST CROSSROADS PARKWAY,,,BOLINGBROOK,IL,60440,,840,3501-BOLI,0,,,LTL,,,20,Fully Assigned To An Outbound Shipment,20240723,20240724,20240725,190024,240724P0000,N,0,0,0,2,90,Invoiced,,2,Pickticket Completely Invoiced.,,N,N,,0,32424.,2316.,0.,0,14,1569254.4,0.,0.,0,15.,,TL,53,F,5,03,ACTIVITY 3,,N N,,,,3,20240724008,9,All from Reserve,2401952,12888203,961,MISCBOL,MISCBOL,DAY,,,,,,,F,***,,***,,22.,1.,1.,0.,1.,0.,0.,1.,1.,1.,CT1,XDK,3935783,7920.,90,Invoiced Complete,81592643,,20240723,141453,20240725,112712,MCASTANE,2024-07-23 18:35:26,0,2025-04-25 01:21:23,INFAJOB,WMIPHPICK_15_AGC_3741365_20240723132153.txt,WMI,c95d921802dd191970a11402d3d8ec5d
104023433,20240815,202408,,7002,-7002,82028848,AGC,-961,82028848,82028848,DB,92011000,SOUTHERN GLAZERS OF LA - ST. ROSE 7,,111 RIVERBEND DR,,,SAINT ROSE,LA,700873318,840,,SOUTHERN GLAZERS OF LA - ST. ROSE 7,111 RIVERBEND DR,,,SAINT ROSE,LA,700873318,,840,9201-1000,0,,,LTL,,,20,Fully Assigned To An Outbound Shipment,20240814,20240814,20240815,152613,240814P0000,N,0,0,0,2,90,Invoiced,,2,Pickticket Completely Invoiced.,,N,N,,0,69480.,4632.,0.,0,30,3362688.,0.,0.,0,30.,,TL,53,F,5,03,ACTIVITY 3,,N N,,,,11,20240814003,9,All from Reserve,12685787,12882903,961,MISCLAL,MISCLAL,DAY,,,,,,,F,***,,***,,22.,1.,1.,0.,0.,1.,1.,1.,1.,1.,CT1,XDK,3957697,7920.,90,Invoiced Complete,82028848,,20240814,70129,20240815,152613,AGUERRERO,2024-08-12 16:12:26,0,2025-04-25 01:21:23,INFAJOB,WMIPHPICK_15_AGC_3795353_20240812110032.txt,WMI,4b6a1143685f6a7e894eafe77bc054b6
103365465,20240816,202408,,7002,-7002,82018792,AGC,-961,82018792,82018792,DB,7801DENV,SOUTHERN GLAZER'S OF CO,,22800 EAST 19TH AVENUE,,,AURORA,CO,80019,840,,SOUTHERN GLAZER'S OF CO,22800 EAST 19TH AVENUE,,,AURORA,CO,80019,,840,7801-DENV,0,,,LTL,,,20,Fully Assigned To An Outbound Shipment,20240812,20240814,20240816,165252,240814P0000,N,0,0,0,2,90,Invoiced,,2,Pickticket Completely Invoiced.,,N,N,,0,64848.,6948.,0.,0,28,3138508.8,0.,0.,0,28.,,TL,53,F,5,03,ACTIVITY 3,,N N,,,,4,20240814017,9,All from Reserve,603892,13173221,961,MISCCOA,MISCCOA,DAY,,,,,,,F,***,,***,,22.,11.,11.,0.,0.,11.,11.,1.,1.,1.,CT1,XDK,3960124,7920.,90,Invoiced Complete,82018792,,20240812,90502,20240816,165252,AGUERRERO,2024-08-09 16:15:12,0,2025-04-25 01:21:23,INFAJOB,WMIPHPICK_15_AGC_3790157_20240809110039.txt,WMI,a29eccfde553cc5d0fe9bac77db9640e
114261735,20240829,202408,,7002,-7002,82117301,AGC,-961,82117301,82117301,DB,3201COLU,SOUTHERN GLAZER'S OF SC,,7600 RICHARD ST,,,COLUMBIA,SC,29209,840,,SOUTHERN GLAZER'S OF SC,7600 RICHARD ST,,,COLUMBIA,SC,29209,,840,3201-COLU,0,,,LTL,,,20,Fully Assigned To An Outbound Shipment,20240814,20240815,20240829,75128,240815P0000,N,0,0,0,2,90,Invoiced,,2,Pickticket Completely Invoiced.,,N,N,,0,53268.,53268.,0.,0,23,2578060.8,0.,0.,0,24.,,TL,53,F,5,03,ACTIVITY 3,,N N,,,,4,20240815013,9,All from Reserve,12685467,12945008,961,MISCCOL,MISCCOL,DAY,,,,,,,F,***,,***,,22.,11.,11.,0.,0.,11.,11.,1.,1.,1.,CT1,XDK,3956994,7920.,90,Invoiced Complete,82117301,,20240814,122017,20240829,75128,EUBER,2024-08-14 16:15:59,0,2025-04-25 01:21:23,INFAJOB,WMIPHPICK_15_AGC_3801674_20240814110032.txt,WMI,d2198cd0b8f1e9f4cc79f4ba80763d6f
104449039,20240829,202408,,7002,-7002,82147002,AGC,-961,82147002,82147002,DB,6401OTHR,SOUTHERN GLAZER'S OF CA-NORTH,,1555 ATLANTIC STREET,,,UNION CITY,CA,94587,840,,SOUTHERN GLAZER'S OF CA-NORTH,1555 ATLANTIC STREET,,,UNION CITY,CA,94587,,840,6401-OTHR,0,,,LTL,,,20,Fully Assigned To An Outbound Shipment,20240816,20240816,20240829,80227,240816P0000,N,0,0,0,2,90,Invoiced,,2,Pickticket Completely Invoiced.,,N,N,,0,37056.,4632.,0.,0,16,1793433.6,0.,0.,0,16.,,TL,53,F,5,03,ACTIVITY 3,,N N,,,,1,20240816025,9,All from Reserve,1547569,12942087,961,MISCCAN,MISCCAN,DAY,,,,,,,F,***,,***,,22.,5.,5.,0.,0.,5.,5.,1.,1.,1.,CT1,XDK,3956296,7920.,90,Invoiced Complete,82147002,,20240816,171909,20240829,80227,EUBER,2024-08-15 16:13:46,0,2025-04-25 01:21:23,INFAJOB,WMIPHPICK_15_AGC_3804832_20240815110032.txt,WMI,130a588e930ad7a9ecb98079f43da973
112284152,20240822,202408,,7002,-7002,82272627,AGC,-961,82272627,82272627,DB,87021000,SOUTHERN GLAZER'S OF TX W 512532,,525 CANE ISLAND PARKWAY,,,KATY,TX,77494,840,,SOUTHERN GLAZER'S OF TX W 512532,525 CANE ISLAND PARKWAY,,,KATY,TX,77494,,840,8702-1000,0,,,LTL,,,20,Fully Assigned To An Outbound Shipment,20240821,20240821,20240822,172908,240821P0000,N,0,0,0,2,90,Invoiced,,2,Pickticket Completely Invoiced.,,N,N,,0,62532.,0.,0.,0,27,3025612.4,0.,0.,0,27.,,TL,53,F,5,03,ACTIVITY 3,,N N,,,,9,20240821012,9,All from Reserve,2180193,12920171,961,MISCTXH,MISCTXH,DAY,,,,,,,F,***,,***,,22.,1.,1.,0.,0.,1.,1.,1.,1.,1.,CT1,XDK,3960835,7920.,90,Invoiced Complete,82272627,,20240821,131354,20240822,172908,AGUERRERO,2024-08-21 20:18:25,0,2025-04-25 01:21:23,INFAJOB,WMIPHPICK_15_AGC_3822206_20240821140032.txt,WMI,430f10f9c7aa688f125fef25906d1fe5
132328350,20240830,202408,,7002,-7002,82205678,AGC,-961,82205678,82205678,DB,85011000,SOUTHERN GLAZER'S OF OK,,315 S 85TH E AVE,,,TULSA,OK,74112,840,,SOUTHERN GLAZER'S OF OK,315 S 85TH E AVE,,,TULSA,OK,74112,,840,8501-1000,0,,,LTL,,,20,Fully Assigned To An Outbound Shipment,20240821,20240823,20240830,164034,240823P0000,N,0,0,0,2,90,Invoiced,,2,Pickticket Completely Invoiced.,,N,N,,0,64848.,64848.,0.,0,28,3138105.6,0.,0.,0,31.,,TL,53,F,5,03,ACTIVITY 3,,N N,,,,3,20240823011,9,All from Reserve,2402592,12898760,961,MISCOKT,MISCOKT,DAY,,,,,,,F,***,,***,,22.,1.,1.,0.,0.,1.,1.,1.,1.,1.,CT1,XDK,3963938,7920.,90,Invoiced Complete,82205678,,20240821,105546,20240830,164034,EUBER,2024-08-19 20:13:26,0,2025-04-25 01:21:23,INFAJOB,WMIPHPICK_15_AGC_3815853_20240819140032.txt,WMI,820be7d12f4378cada41744cfa879ffc
111693043,20240830,202408,,7002,-7002,82239171,AGC,-961,82239171,82239171,DB,7202SPAR,SOUTHERN GLAZER'S OF NV - SPARKS,,250 LILLARD,,,SPARKS,NV,89434,840,,SOUTHERN GLAZER'S OF NV - SPARKS,250 LILLARD,,,SPARKS,NV,89434,,840,7202-SPAR,0,,,,0002139912,0002139803,10,Partially Assigned To An Outbound Shipment,20240820,20240826,20240830,161514,240826P0000,N,0,0,0,2,90,Invoiced,,2,Pickticket Completely Invoiced.,,N,N,,0,46320.,0.,0.,0,20,2241792.,0.,0.,0,23.,,TL,53,F,5,03,ACTIVITY 3,,N N,,,,13,20240826020,9,All from Reserve,2133484,13048097,961,MISCNVS,MISCNVS,DAY,,,,,,,F,***,,***,,22.,1.,1.,0.,0.,1.,1.,1.,1.,1.,CT1,XDK,3952353,7920.,90,Invoiced Complete,82239171,,20240820,150912,20240830,161514,EUBER,2024-08-20 20:13:20,0,2025-04-25 01:21:23,INFAJOB,WMIPHPICK_15_AGC_3819029_20240820140033.txt,WMI,39f61e0129cd90afc555508ab52d1b51
125683968,20240829,202408,,7002,-7002,82378248,AGC,-961,82378248,82378248,DB,4501METR,SOUTHERN GLAZERS OF NY - SYOSSET,,345 UNDERHILL BLVD,,,SYOSSET,NY,11791,840,,SOUTHERN GLAZERS OF NY - SYOSSET,345 UNDERHILL BLVD,,,SYOSSET,NY,11791,,840,4501-METR,0,,,LTL,,,20,Fully Assigned To An Outbound Shipment,20240827,20240828,20240829,235902,240828P0000,N,0,0,0,2,90,Invoiced,,2,Pickticket Completely Invoiced.,,N,N,,0,78744.,78744.,0.,0,34,3811046.4,0.,0.,0,34.,,TL,53,F,5,03,ACTIVITY 3,,N N,,,,5,20240828010,9,All from Reserve,2207720,12980385,961,MISCNYU,MISCNYU,DAY,,,,,,,F,***,,***,,22.,1.,1.,0.,0.,1.,1.,1.,1.,1.,CT1,XDK,3934898,7920.,90,Invoiced Complete,82378248,,20240827,183802,20240829,235902,ESOLORZANO,2024-08-27 21:40:31,0,2025-04-25 01:21:23,INFAJOB,WMIPHPICK_15_AGC_3838885_20240827140032.txt,WMI,2e6f3ff2d76406f02a80b9783372caf0
110021858,20240909,202409,,7002,-7002,82307520,AGC,-961,82307520,82307520,DB,5601BULK,SOUTHERN GLAZER'S OF SD,,3350 4TH AVENUE EAST,,,SHAKOPEE,MN,55379,840,,SOUTHERN GLAZER'S OF SD,3350 4TH AVENUE EAST,,,SHAKOPEE,MN,55379,,840,5601-BULK,0,,,LTL,,,20,Fully Assigned To An Outbound Shipment,20240904,20240906,20240909,184526,240906P0000,N,0,0,0,2,90,Invoiced,,2,Pickticket Completely Invoiced.,,N,N,,0,94956.,2316.,0.,0,41,4595270.4,0.,0.,0,41.,,TL,53,F,5,03,ACTIVITY 3,,N N,,,,1,20240906013,9,All from Reserve,12772823,12985326,961,MISCMIN,MISCMIN,DAY,,,,,,,F,***,,***,,22.,4.,4.,0.,0.,4.,4.,1.,1.,1.,CT1,XDK,3974887,7920.,90,Invoiced Complete,82307520,,20240904,150152,20240909,184526,AGUERRERO,2024-08-22 20:13:35,0,2025-04-25 01:21:23,INFAJOB,WMIPHPICK_15_AGC_3825394_20240822140033.txt,WMI,ff3d2555a7c33574a8c35e3c62045dc0
136061031,20240915,202409,,7002,-7002,82635900,AGC,-961,82635900,82635900,DB,7201LASV,SOUTHERN GLAZER'S OF NV - LAS VEGAS,,8400 SOUTH JONES BLVD,,,LAS VEGAS,NV,89139,840,,SOUTHERN GLAZER'S OF NV - LAS VEGAS,8400 SOUTH JONES BLVD,,,LAS VEGAS,NV,89139,,840,7201-LASV,0,,,LTL,0002140773,0002140633,10,Partially Assigned To An Outbound Shipment,20240906,20240906,20240915,155306,240906P0000,N,0,0,0,2,90,Invoiced,,2,Pickticket Completely Invoiced.,,N,N,,0,60216.,0.,0.,0,26,2914329.6,0.,0.,0,27.,,TL,53,F,5,03,ACTIVITY 3,,N N,,,,2,20240906026,9,All from Reserve,428533,12991968,961,MISCNVL,MISCNVL,DAY,,,,,,,F,***,,***,,22.,8.,8.,0.,1.,7.,7.,1.,1.,1.,CT1,XDK,3968358,7920.,90,Invoiced Complete,82635900,,20240906,173040,20240915,155306,EUBER,2024-09-06 20:14:14,0,2025-04-25 01:21:23,INFAJOB,WMIPHPICK_15_AGC_3869631_20240906140253.txt,WMI,9f410e52f0c9c39c41facfe1f3e67bfa
118086088,20240919,202409,,7002,-7002,82541455,AGC,-961,82541455,82541455,DB,7201LASV,SOUTHERN GLAZER'S OF NV - LAS VEGAS,,8400 SOUTH JONES BLVD,,,LAS VEGAS,NV,89139,840,,SOUTHERN GLAZER'S OF NV - LAS VEGAS,8400 SOUTH JONES BLVD,,,LAS VEGAS,NV,89139,,840,7201-LASV,0,,,LTL,,,20,Fully Assigned To An Outbound Shipment,20240906,20240911,20240919,82338,240911P0000,N,0,0,0,2,90,Invoiced,,2,Pickticket Completely Invoiced.,,N,N,,0,53268.,0.,0.,0,23,2578060.8,0.,0.,0,24.,,TL,53,F,5,03,ACTIVITY 3,,N N,,,,6,20240911002,9,All from Reserve,428533,12991968,961,MISCNVL,MISCNVL,DAY,,,,,,,F,***,,***,,22.,1.,1.,0.,0.,1.,1.,1.,1.,1.,CT1,XDK,3964370,7920.,90,Invoiced Complete,82541455,,20240906,142900,20240919,82338,EUBER,2024-09-03 20:13:27,0,2025-04-25 01:21:23,INFAJOB,WMIPHPICK_15_AGC_3860228_20240903140032.txt,WMI,39af5812ac4d969c34704faddd310cb9
175052008,20240912,202409,,7002,-7002,82774415,AGC,-961,82774415,82774415,DB,93011000,SOUTHERN GLAZERS OF AR 06379,,11101 SMITTY LANE,,,NORTH LITTLE ROCK,AR,721175390,840,,SOUTHERN GLAZERS OF AR 06379,11101 SMITTY LANE,,,NORTH LITTLE ROCK,AR,721175390,,840,9301-1000,0,,,LTL,,,20,Fully Assigned To An Outbound Shipment,20240912,20240919,20240920,235144,240919P0000,N,0,0,0,2,90,Invoiced,,2,Pickticket Completely Invoiced.,,N,N,,0,55584.,55584.,0.,0,24,2690150.4,0.,0.,0,24.,,TL,53,F,5,03,ACTIVITY 3,,N N,,,,14,,,,9594589,13052294,961,MISCARL,MISCARL,,,,,,,,F,,,,,22.,1.,1.,0.,0.,0.,0.,1.,0.,0.,CT1,XDK,3944601,0.,,,,,20240912,110114,20240912,110114,AGCWMI,2024-09-13 01:21:02,0,2025-04-25 01:21:23,INFAJOB,WMIPHPICK_15_AGC_3887563_20240912190031.txt,WMI,29ea4f49353b63a52b99d266cea4d028
143131605,20240924,202409,,7002,-7002,82972389,AGC,-961,82972389,82972389,DB,5901BULK,SOUTHERN GLAZERS OF NE,,13855 CORNHUSKER ROAD,,,OMAHA,NE,681383906,840,,SOUTHERN GLAZERS OF NE,13855 CORNHUSKER ROAD,,,OMAHA,NE,681383906,,840,5901-BULK,0,,,LTL,,,20,Fully Assigned To An Outbound Shipment,20240920,20240923,20240924,165102,240923P0000,N,0,0,0,2,90,Invoiced,,2,Pickticket Completely Invoiced.,,N,N,,0,62532.,0.,0.,0,27,3026419.2,0.,0.,0,27.,,TL,53,F,5,03,ACTIVITY 3,,N N,,,,11,20240923015,9,All from Reserve,278135,12930629,961,MISCNEO,MISCNEO,DAY,,,,,,,F,***,,***,,22.,1.,1.,0.,0.,1.,1.,1.,1.,1.,CT1,XDK,3989860,7920.,90,Invoiced Complete,82972389,,20240920,92534,20240924,165102,AGUERRERO,2024-09-21 01:18:16,0,2025-04-25 01:21:23,INFAJOB,WMIPHPICK_15_AGC_3910055_20240920190033.txt,WMI,ca0e5e5d142bdba2884e074f67e4cedf
129470330,20240930,202409,,7002,-7002,83088880,AGC,-961,83088880,83088880,DB,87021000,SOUTHERN GLAZER'S OF TX W 512532,,525 CANE ISLAND PARKWAY,,,KATY,TX,77494,840,,SOUTHERN GLAZER'S OF TX W 512532,525 CANE ISLAND PARKWAY,,,KATY,TX,77494,,840,8702-1000,0,,,LTL,,,20,Fully Assigned To An Outbound Shipment,20240930,20241001,20241003,205004,241001P0000,N,0,0,0,2,90,Invoiced,,2,Pickticket Completely Invoiced.,,N,N,,0,44004.,44004.,0.,0,19,2129702.4,0.,0.,0,19.,,TL,53,F,5,03,ACTIVITY 3,,N N,,,,3,,,,2180193,12920171,961,MISCTXH,MISCTXH,,,,,,,,F,,,,,22.,0.,0.,0.,0.,0.,0.,1.,0.,0.,CT1,XDK,4000520,0.,,,,,20240930,190634,20240930,190634,AGCWMI,2024-09-27 02:51:34,0,2025-04-25 01:21:23,INFAJOB,WMIPHPICK_15_AGC_3923497_20240926190037.txt,WMI,3b64c2818aeef1a8025c94f268650b0c
133769889,20241004,202410,,7002,-7002,83198309,AGC,-961,83198309,83198309,DB,4601SL01,SOUTHERN GLAZER'S OF NY - UPSTATE,,3063 COURT STREET,,,SYRACUSE,NY,13208,840,,SOUTHERN GLAZER'S OF NY - UPSTATE,3063 COURT STREET,,,SYRACUSE,NY,13208,,840,4601-SL01,0,,,LTL,,,20,Fully Assigned To An Outbound Shipment,20241003,20241004,20241004,174732,241004P0000,N,0,0,0,2,90,Invoiced,,2,Pickticket Completely Invoiced.,,N,N,,0,46320.,2316.,0.,0,20,2241792.,0.,0.,0,20.,,TL,53,F,5,03,ACTIVITY 3,,N N,,,,7,20241004001,9,All from Reserve,2207720,12980385,961,MISCNYU,MISCNYU,DAY,,,,,,,F,***,,***,,22.,2.,2.,0.,0.,2.,2.,1.,1.,1.,CT1,XDK,3996152,7920.,90,Invoiced Complete,83198309,,20241003,135444,20241004,174732,AGUERRERO,2024-10-02 05:09:50,0,2025-04-25 01:21:23,INFAJOB,WMIPHPICK_15_AGC_3937625_20241001190114.txt,WMI,64dc920b9bde7cb741aee4870f77f8f5
121004114,20241008,202410,,7002,-7002,83200389,AGC,-961,83200389,83200389,DB,94011000,SOUTHERN GLAZERS OF KS - EDWARDSVI,,1100 BLAKE STREET,,,EDWARDSVILLE,KS,66111,840,,SOUTHERN GLAZERS OF KS - EDWARDSVI,1100 BLAKE STREET,,,EDWARDSVILLE,KS,66111,,840,9401-1000,0,,,LTL,,,20,Fully Assigned To An Outbound Shipment,20241004,20241007,20241009,2523,241007P0000,N,0,0,0,2,90,Invoiced,,2,Pickticket Completely Invoiced.,,N,N,,0,50952.,50952.,0.,0,22,2465971.2,0.,0.,0,25.,,TL,53,F,5,03,ACTIVITY 3,,N N,,,,4,20241007022,9,All from Reserve,1865328,12938428,961,MISCKSE,MISCKSE,DAY,,,,,,,F,***,,***,,22.,1.,1.,0.,0.,1.,1.,1.,1.,1.,CT1,XDK,4000802,7920.,90,Invoiced Complete,83200389,,20241004,152239,20241009,2523,ESOLORZANO,2024-10-02 05:09:50,0,2025-04-25 01:21:23,INFAJOB,WMIPHPICK_15_AGC_3937625_20241001190114.txt,WMI,dede0db93736217b1a5f963fbda0bfb2
144795910,20241010,202410,,7002,-7002,83088927,AGC,-961,83088927,83088927,DB,6601KAPO,SOUTHERN GLAZER'S OF HI-KAPO,,91 210 HANUA STREET,,,KAPOLEI,HI,96707,840,,SOUTHERN GLAZER'S OF HI-KAPO,91 210 HANUA STREET,,,KAPOLEI,HI,96707,,840,6601-KAPO,0,,,LTL,,,20,Fully Assigned To An Outbound Shipment,20240926,20240926,20241010,182802,240926P0000,N,0,0,0,2,90,Invoiced,,2,Pickticket Completely Invoiced.,,N,N,,0,41688.,27792.,0.,0,18,2017612.8,0.,0.,0,18.,,TL,53,F,5,03,ACTIVITY 3,,N N,,,,2,20240926023,9,All from Reserve,2402272,13113973,961,MISCHIC,MISCHIC,DAY,,,,,,,F,***,,***,,22.,7.,7.,0.,0.,7.,7.,1.,1.,1.,CT1,XDK,3985818,7920.,90,Invoiced Complete,83088927,,20240926,111901,20241010,182802,AGUERRERO,2024-09-27 02:51:34,0,2025-04-25 01:21:23,INFAJOB,WMIPHPICK_15_AGC_3923497_20240926190037.txt,WMI,1e83dbcabb6389589587247a68003f05
136167630,20241014,202410,,7002,-7002,83482532,AGC,-961,83482532,83482532,DB,7201LASV,SOUTHERN GLAZER'S OF NV - LAS VEGAS,,8400 SOUTH JONES BLVD,,,LAS VEGAS,NV,89139,840,,SOUTHERN GLAZER'S OF NV - LAS VEGAS,8400 SOUTH JONES BLVD,,,LAS VEGAS,NV,89139,,840,7201-LASV,0,,,LTL,,,20,Fully Assigned To An Outbound Shipment,20241014,20241016,20241018,201137,241016P0000,N,0,0,0,2,90,Invoiced,,2,Pickticket Completely Invoiced.,,N,N,,0,20844.,20844.,0.,0,9,1008403.2,0.,0.,0,9.,,TL,53,F,5,03,ACTIVITY 3,,N N,,,,4,,,,428533,12991968,961,MISCNVL,MISCNVL,,,,,,,,F,,,,,22.,0.,0.,0.,0.,0.,0.,1.,0.,0.,CT1,XDK,4012954,0.,,,,,20241014,151730,20241014,151730,AGCWMI,2024-10-15 01:58:37,0,2025-04-25 01:21:23,INFAJOB,WMIPHPICK_15_AGC_3974612_20241014190034.txt,WMI,19c860aed276e4a1b31c20f23bfb9e64
136142155,20241022,202410,,7002,-7002,83582435,AGC,-961,83582435,83582435,DB,7601BULK,SOUTHERN GLAZER'S OF NM,,123 MONTANO RD NW,,,ALBUQUERQUE,NM,87107,840,,SOUTHERN GLAZER'S OF NM,123 MONTANO RD NW,,,ALBUQUERQUE,NM,87107,,840,7601-BULK,0,,,LTL,,,20,Fully Assigned To An Outbound Shipment,20241017,20241019,20241022,193550,241019P0000,N,0,0,0,2,90,Invoiced,,2,Pickticket Completely Invoiced.,,N,N,,0,57900.,2316.,0.,0,25,2802240.,0.,0.,0,25.,,TL,53,F,5,03,ACTIVITY 3,,N N,,,,4,20241019012,9,All from Reserve,603572,12819236,961,MISCALB,MISCALB,DAY,,,,,,,F,***,,***,,22.,1.,1.,0.,0.,1.,1.,1.,1.,1.,CT1,XDK,4011869,7920.,90,Invoiced Complete,83582435,,20241017,105542,20241022,193550,DENCINA,2024-10-18 02:04:28,0,2025-04-25 01:21:23,INFAJOB,WMIPHPICK_15_AGC_3984203_20241017190034.txt,WMI,4083cecd24d4b0c9be23b10c78ab96d5
135197650,20241021,202410,,7002,-7002,83549080,AGC,-961,83549080,83549080,DB,7801DENV,SOUTHERN GLAZER'S OF CO,,22800 EAST 19TH AVENUE,,,AURORA,CO,80019,840,,SOUTHERN GLAZER'S OF CO,22800 EAST 19TH AVENUE,,,AURORA,CO,80019,,840,7801-DENV,0,,,LTL,,,20,Fully Assigned To An Outbound Shipment,20241016,20241018,20241021,233605,241018P0000,N,0,0,0,2,90,Invoiced,,2,Pickticket Completely Invoiced.,,N,N,,0,62532.,62532.,0.,0,27,3026419.2,0.,0.,0,27.,,TL,53,F,5,03,ACTIVITY 3,,N N,,,,7,20241018023,9,All from Reserve,603892,13173221,961,MISCCOA,MISCCOA,DAY,,,,,,,F,***,,***,,22.,1.,1.,0.,0.,1.,1.,1.,1.,1.,CT1,XDK,3988824,7920.,90,Invoiced Complete,83549080,,20241016,102252,20241021,233605,DENCINA,2024-10-17 01:22:45,0,2025-04-25 01:21:23,INFAJOB,WMIPHPICK_15_AGC_3981008_20241016190034.txt,WMI,2f1729b9b8c5401f321d99088ac02b1b
142006136,20241023,202410,,7002,-7002,83600891,AGC,-961,83600891,83600891,DB,8001BULK,SOUTHERN GLAZERS OF WA,,1025 VALLEY AVE NW,,,PUYALLUP,WA,98371,840,,SOUTHERN GLAZERS OF WA,1025 VALLEY AVE NW,,,PUYALLUP,WA,98371,,840,8001-BULK,0,,,LTL,,,20,Fully Assigned To An Outbound Shipment,20241022,20241022,20241023,200219,241022P0000,N,0,0,0,2,90,Invoiced,,2,Pickticket Completely Invoiced.,,N,N,,0,64848.,9264.,0.,0,28,3138508.8,0.,0.,0,29.,,TL,53,F,5,03,ACTIVITY 3,,N N,,,,6,20241022015,9,All from Reserve,2184675,13035126,961,MISCWAP,MISCWAP,DAY,,,,,,,F,***,,***,,22.,1.,1.,0.,0.,1.,1.,1.,1.,1.,CT1,XDK,3893464,7920.,90,Invoiced Complete,83600891,,20241022,83807,20241023,200219,DENCINA,2024-10-19 01:23:00,0,2025-04-25 01:21:23,INFAJOB,WMIPHPICK_15_AGC_3987394_20241018190035.txt,WMI,f8ffe7f29caea2f90fb4a8cbaf6bdb06
104646899,20241030,202410,,7002,-7002,80394030,AGC,-961,80394030,80394030,DB,7601BULK,SOUTHERN GLAZERS OF NM,,123 MONTANO RD NW,,,ALBUQUERQUE,NM,87107,840,,SOUTHERN GLAZERS OF NM,123 MONTANO RD NW,,,ALBUQUERQUE,NM,87107,,840,7601-BULK,0,,,LTL,,,,Not Assigned To An Outbound Shipment,20240613,0,20241030,0,,,,,,,99,Cancelled,,3,Pickticket Cancelled.,,Y,N,,0,0.,0.,0.,0,0,0.,0.,0.,0,0.,,TL,53,F,0,,,,N N,,,,1,,,,603572,12819236,961,MISCALB,MISCALB,,,,,,,,F,,,,,22.,0.,0.,0.,0.,0.,0.,1.,0.,0.,CT1,XDK,3894116,0.,,,,,20240613,54737,20241030,184255,LKOESTERS,2024-07-20 14:34:08,0,2025-04-25 01:21:23,INFAJOB,WMIPHPICK_15_Adhoc_3730955_20240719125822.txt,WMI,02503b24b87a870d9f70c94c8506bb02
98984619,20241030,202410,,7002,-7002,80773317,AGC,-961,80773317,80773317,DB,6601KAWA,SOUTHERN GLAZERS OF HI - KAWA,,61 3785 MALUOKALANI PL 12,,,KAWAIHAE,HI,96743,840,,SOUTHERN GLAZERS OF HI - KAWA,61 3785 MALUOKALANI PL 12,,,KAWAIHAE,HI,96743,,840,6601-KAWA,0,,,LTL,,,,Not Assigned To An Outbound Shipment,20240703,0,20241030,0,,,,,,,99,Cancelled,,3,Pickticket Cancelled.,,Y,N,,0,0.,0.,0.,0,0,0.,0.,0.,0,0.,,TL,53,F,0,,,,N N,,,,4,,,,6491230,12907000,961,MISCHIB,MISCHIB,,,,,,,,F,,,,,22.,0.,0.,0.,0.,0.,0.,1.,0.,0.,CT1,XDK,3899589,0.,,,,,20240703,181100,20241030,183731,LKOESTERS,2024-07-20 14:34:08,0,2025-04-25 01:21:23,INFAJOB,WMIPHPICK_15_Adhoc_3730955_20240719125822.txt,WMI,6cb326b27ea2f068a676b85ac1175fb3
100117776,20241030,202410,,7002,-7002,80671329,AGC,-961,80671329,80671329,DB,95011000,SOUTHERN GLAZER'S OF MO - RAYMORE M,,1100 S DEAN AVE,,,RAYMORE,MO,64083,840,,SOUTHERN GLAZER'S OF MO - RAYMORE M,1100 S DEAN AVE,,,RAYMORE,MO,64083,,840,9501-1000,0,,,LTL,,,,Not Assigned To An Outbound Shipment,20240618,0,20241030,0,,,,,,,99,Cancelled,,3,Pickticket Cancelled.,,Y,N,,0,0.,0.,0.,0,0,0.,0.,0.,0,0.,,TL,53,F,0,,,,N N,,,,5,,,,12686107,12910067,961,MISCMOR,MISCMOR,,,,,,,,F,,,,,22.,0.,0.,0.,0.,0.,0.,1.,0.,0.,CT1,XDK,3902745,0.,,,,,20240618,145534,20241030,183905,LKOESTERS,2024-07-20 14:34:08,0,2025-04-25 01:21:23,INFAJOB,WMIPHPICK_15_Adhoc_3730955_20240719125822.txt,WMI,e99be34a664ec74dfd607cbbf5052d24
99209902,20241030,202410,,7002,-7002,80572440,AGC,-961,80572440,80572440,DB,2501BULK,SOUTHERN GLAZERS OF IN,,3901 HANNA CIRCLE,,,INDIANAPOLIS,IN,46241,840,,SOUTHERN GLAZERS OF IN,3901 HANNA CIRCLE,,,INDIANAPOLIS,IN,46241,,840,2501-BULK,0,,,LTL,,,,Not Assigned To An Outbound Shipment,20240617,0,20241030,0,,,,,,,99,Cancelled,,3,Pickticket Cancelled.,,Y,N,,0,0.,0.,0.,0,0,0.,0.,0.,0,0.,,TL,53,F,0,,,,N N,,,,2,,,,2237158,12946561,961,MISCINA,MISCINA,,,,,,,,F,,,,,22.,0.,0.,0.,0.,0.,0.,1.,0.,0.,CT1,XDK,3909553,0.,,,,,20240617,132840,20241030,184015,LKOESTERS,2024-07-20 14:34:08,0,2025-04-25 01:21:23,INFAJOB,WMIPHPICK_15_Adhoc_3730955_20240719125822.txt,WMI,0201d7ba8ed1f025f26fa7a5adcfa983
100945422,20241030,202410,,7002,-7002,80602152,AGC,-961,80602152,80602152,DB,5201BULK,SOUTHERN GLAZERS OF AZ,,2375 S 45TH AVE,,,PHOENIX,AZ,85043,840,,SOUTHERN GLAZERS OF AZ,2375 S 45TH AVE,,,PHOENIX,AZ,85043,,840,5201-BULK,0,,,LTL,,,,Not Assigned To An Outbound Shipment,20240619,0,20241030,0,,,,,,,99,Cancelled,,3,Pickticket Cancelled.,,Y,N,,0,0.,0.,0.,0,0,0.,0.,0.,0,0.,,TL,53,F,0,,,,N N,,,,3,,,,2028527,12886643,961,MISCPHX,MISCPHX,,,,,,,,F,,,,,22.,0.,0.,0.,0.,0.,0.,1.,0.,0.,CT1,XDK,3905252,0.,,,,,20240619,124318,20241030,183937,LKOESTERS,2024-07-20 14:34:08,0,2025-04-25 01:21:23,INFAJOB,WMIPHPICK_15_Adhoc_3730955_20240719125822.txt,WMI,ea960fefd8dc0f3db19c3f8090f5a374
100256801,20241030,202410,,7002,-7002,80469440,AGC,-961,80469440,80469440,DB,6601LIHU,SOUTHERN GLAZERS OF HI -LIHU,,1556 HALEUKANA ST,,,"LIHUE, KAUAI",HI,96766,840,,SOUTHERN GLAZERS OF HI -LIHU,1556 HALEUKANA ST,,,"LIHUE, KAUAI",HI,96766,,840,6601-LIHU,0,,,LTL,,,,Not Assigned To An Outbound Shipment,20240614,0,20241030,0,,,,,,,99,Cancelled,,3,Pickticket Cancelled.,,Y,N,,0,0.,0.,0.,0,0,0.,0.,0.,0,0.,,TL,53,F,0,,,,N N,,,,20,,,,604212,12978507,961,MISCHIK,MISCHIK,,,,,,,,F,,,,,22.,0.,0.,0.,0.,0.,0.,1.,0.,0.,CT1,XDK,3901300,0.,,,,,20240614,174138,20241030,184138,LKOESTERS,2024-07-20 14:34:08,0,2025-04-25 01:21:23,INFAJOB,WMIPHPICK_15_Adhoc_3730955_20240719125822.txt,WMI,1e01ef8a174560bfde41d867ec2d10d8
101423130,20241030,202410,,7002,-7002,80738810,AGC,-961,80738810,80738810,DB,6601KAPO,SOUTHERN GLAZERS OF HI - KAPO,,91 210 HANUA STREET,,,KAPOLEI,HI,96707,840,,SOUTHERN GLAZERS OF HI - KAPO,91 210 HANUA STREET,,,KAPOLEI,HI,96707,,840,6601-KAPO,0,,,LTL,,,,Not Assigned To An Outbound Shipment,20240709,0,20241030,0,,,,,,,99,Cancelled,,3,Pickticket Cancelled.,,Y,N,,0,0.,0.,0.,0,0,0.,0.,0.,0,0.,,TL,53,F,0,,,,N N,,,,5,,,,2402272,13113973,961,MISCHIC,MISCHIC,,,,,,,,F,,,,,22.,0.,0.,0.,0.,0.,0.,1.,0.,0.,CT1,XDK,3913664,0.,,,,,20240709,174315,20241030,183752,LKOESTERS,2024-07-20 14:34:08,0,2025-04-25 01:21:23,INFAJOB,WMIPHPICK_15_Adhoc_3730955_20240719125822.txt,WMI,d5c12b0ba846facdc166f5051b171ed5
101121286,20241030,202410,,7002,-7002,80738511,AGC,-961,80738511,80738511,DB,93011000,SOUTHERN GLAZERS OF AR 06379,,11101 SMITTY LANE,,,NORTH LITTLE ROCK,AR,721175390,840,,SOUTHERN GLAZERS OF AR 06379,11101 SMITTY LANE,,,NORTH LITTLE ROCK,AR,721175390,,840,9301-1000,0,,,LTL,,,,Not Assigned To An Outbound Shipment,20240624,0,20241030,0,,,,,,,99,Cancelled,,3,Pickticket Cancelled.,,Y,N,,0,0.,0.,0.,0,0,0.,0.,0.,0,0.,,TL,53,F,0,,,,N N,,,,1,,,,9594589,13052294,961,MISCARL,MISCARL,,,,,,,,F,,,,,22.,0.,0.,0.,0.,0.,0.,1.,0.,0.,CT1,XDK,3888809,0.,,,,,20240624,164850,20241030,183752,LKOESTERS,2024-07-20 14:34:08,0,2025-04-25 01:21:23,INFAJOB,WMIPHPICK_15_Adhoc_3730955_20240719125822.txt,WMI,7985e54eaa58817cbbf7352e0d4b6586
99571061,20241030,202410,,7002,-7002,80688881,AGC,-961,80688881,80688881,DB,77011000,SOUTHERN GLAZERS OF TN,,6290 SHELBY VIEW DR,,,MEMPHIS,TN,381347662,840,,SOUTHERN GLAZERS OF TN,6290 SHELBY VIEW DR,,,MEMPHIS,TN,381347662,,840,7701-1000,0,,,LTL,,,,Not Assigned To An Outbound Shipment,20240618,0,20241030,0,,,,,,,99,Cancelled,,3,Pickticket Cancelled.,,Y,N,,0,0.,0.,0.,0,0,0.,0.,0.,0,0.,,TL,53,F,0,,,,N N,,,,7,,,,6491550,12968114,961,MISCTEN,MISCTEN,,,,,,,,F,,,,,22.,0.,0.,0.,0.,0.,0.,1.,0.,0.,CT1,XDK,3905843,0.,,,,,20240618,85313,20241030,183832,LKOESTERS,2024-07-20 14:34:08,0,2025-04-25 01:21:23,INFAJOB,WMIPHPICK_15_Adhoc_3730955_20240719125822.txt,WMI,98986358be0ea167922f3f900c5e90f1
99611118,20241030,202410,,7002,-7002,80602152,AGC,-961,80602152,80602152,DB,5201BULK,SOUTHERN GLAZERS OF AZ,,2375 S 45TH AVE,,,PHOENIX,AZ,85043,840,,SOUTHERN GLAZERS OF AZ,2375 S 45TH AVE,,,PHOENIX,AZ,85043,,840,5201-BULK,0,,,LTL,,,,Not Assigned To An Outbound Shipment,20240619,0,20241030,0,,,,,,,99,Cancelled,,3,Pickticket Cancelled.,,Y,N,,0,0.,0.,0.,0,0,0.,0.,0.,0,0.,,TL,53,F,0,,,,N N,,,,5,,,,2028527,12886643,961,MISCPHX,MISCPHX,,,,,,,,F,,,,,22.,0.,0.,0.,0.,0.,0.,1.,0.,0.,CT1,XDK,3910133,0.,,,,,20240619,124318,20241030,183937,LKOESTERS,2024-07-20 14:34:08,0,2025-04-25 01:21:23,INFAJOB,WMIPHPICK_15_Adhoc_3730955_20240719125822.txt,WMI,2e5e817fe79ae313b957f4dfa64bd5fa
100578398,20241030,202410,,7002,-7002,80773362,AGC,-961,80773362,80773362,DB,4601SL01,SOUTHERN GLAZERS OF NY - UPSTATE,,3063 COURT STREET,,,SYRACUSE,NY,13208,840,,SOUTHERN GLAZERS OF NY - UPSTATE,3063 COURT STREET,,,SYRACUSE,NY,13208,,840,4601-SL01,0,,,LTL,,,,Not Assigned To An Outbound Shipment,20240701,0,20241030,0,,,,,,,99,Cancelled,,3,Pickticket Cancelled.,,Y,N,,0,0.,0.,0.,0,0,0.,0.,0.,0,0.,,TL,53,F,0,,,,N N,,,,7,,,,2207720,12980385,961,MISCNYU,MISCNYU,,,,,,,,F,,,,,22.,0.,0.,0.,0.,0.,0.,1.,0.,0.,CT1,XDK,3915028,0.,,,,,20240701,95957,20241030,183731,LKOESTERS,2024-07-20 14:34:08,0,2025-04-25 01:21:23,INFAJOB,WMIPHPICK_15_Adhoc_3730955_20240719125822.txt,WMI,ae60cc2a5e88f320880e46c1bbbd60ed
100969608,20241030,202410,,7002,-7002,80675570,AGC,-961,80675570,80675570,DB,92021000,SOUTHERN GLAZERS OF LA - LAFAYETTE,,939 W PONT DES MOUTON RD,,,LAFAYETTE,LA,705074007,840,,SOUTHERN GLAZERS OF LA - LAFAYETTE,939 W PONT DES MOUTON RD,,,LAFAYETTE,LA,705074007,,840,9202-1000,0,,,LTL,,,,Not Assigned To An Outbound Shipment,20240626,0,20241030,0,,,,,,,99,Cancelled,,3,Pickticket Cancelled.,,Y,N,,0,0.,0.,0.,0,0,0.,0.,0.,0,0.,,TL,53,F,0,,,,N N,,,,25,,,,604532,12852462,961,MISCLAS,MISCLAS,,,,,,,,F,,,,,22.,0.,0.,0.,0.,0.,0.,1.,0.,0.,CT1,XDK,3913171,0.,,,,,20240626,85500,20241030,183848,LKOESTERS,2024-07-20 14:34:08,0,2025-04-25 01:21:23,INFAJOB,WMIPHPICK_15_Adhoc_3730955_20240719125822.txt,WMI,ba725f011774a82797da8ad05b258762
99842780,20241030,202410,,7002,-7002,80688419,AGC,-961,80688419,80688419,DB,83011000,SOUTHERN GLAZERS OF IA WA 0000085,,4377 112TH STREET,,,URBANDALE,IA,503222073,840,,SOUTHERN GLAZERS OF IA WA 0000085,4377 112TH STREET,,,URBANDALE,IA,503222073,,840,8301-1000,0,,,LTL,,,,Not Assigned To An Outbound Shipment,20240626,0,20241030,0,,,,,,,99,Cancelled,,3,Pickticket Cancelled.,,Y,N,,0,0.,0.,0.,0,0,0.,0.,0.,0,0.,,TL,53,F,0,,,,N N,,,,14,,,,9594909,12906807,961,MISCIAU,MISCIAU,,,,,,,,F,,,,,22.,0.,0.,0.,0.,0.,0.,1.,0.,0.,CT1,XDK,3902061,0.,,,,,20240626,80657,20241030,183832,LKOESTERS,2024-07-20 14:34:08,0,2025-04-25 01:21:23,INFAJOB,WMIPHPICK_15_Adhoc_3730955_20240719125822.txt,WMI,531dd44dbd8d8f7b6e9ecc01a566a2bd
102006981,20241030,202410,,7002,-7002,80773100,AGC,-961,80773100,80773100,DB,5201BULK,SOUTHERN GLAZERS OF AZ,,2375 S 45TH AVE,,,PHOENIX,AZ,85043,840,,SOUTHERN GLAZERS OF AZ,2375 S 45TH AVE,,,PHOENIX,AZ,85043,,840,5201-BULK,0,,,LTL,,,,Not Assigned To An Outbound Shipment,20240620,0,20241030,0,,,,,,,99,Cancelled,,3,Pickticket Cancelled.,,Y,N,,0,0.,0.,0.,0,0,0.,0.,0.,0,0.,,TL,53,F,0,,,,N N,,,,7,,,,2028527,12886643,961,MISCPHX,MISCPHX,,,,,,,,F,,,,,22.,0.,0.,0.,0.,0.,0.,1.,0.,0.,CT1,XDK,3913311,0.,,,,,20240620,152446,20241030,183752,LKOESTERS,2024-07-20 14:34:08,0,2025-04-25 01:21:23,INFAJOB,WMIPHPICK_15_Adhoc_3730955_20240719125822.txt,WMI,7211c4283cc7fa8f5376c15d210880fd
102600805,20241030,202410,,7002,-7002,80537112,AGC,-961,80537112,80537112,DB,92011000,SOUTHERN GLAZERS OF LA - ST. ROSE 7,,111 RIVERBEND DR,,,SAINT ROSE,LA,700873318,840,,SOUTHERN GLAZERS OF LA - ST. ROSE 7,111 RIVERBEND DR,,,SAINT ROSE,LA,700873318,,840,9201-1000,0,,,LTL,,,,Not Assigned To An Outbound Shipment,20240614,0,20241030,0,,,,,,,99,Cancelled,,3,Pickticket Cancelled.,,Y,N,,0,0.,0.,0.,0,0,0.,0.,0.,0,0.,,TL,53,F,0,,,,N N,,,,4,,,,604532,12852462,961,MISCLAS,MISCLAS,,,,,,,,F,,,,,22.,0.,0.,0.,0.,0.,0.,1.,0.,0.,CT1,XDK,3899709,0.,,,,,20240614,101142,20241030,184108,LKOESTERS,2024-07-20 14:34:08,0,2025-04-25 01:21:23,INFAJOB,WMIPHPICK_15_Adhoc_3730955_20240719125822.txt,WMI,50c035d106d077762cab5eb029f27ea2
101881452,20241030,202410,,7002,-7002,80570337,AGC,-961,80570337,80570337,DB,4501METR,SOUTHERN GLAZERS OF NY - SYOSSET,,345 UNDERHILL BLVD,,,SYOSSET,NY,11791,840,,SOUTHERN GLAZERS OF NY - SYOSSET,345 UNDERHILL BLVD,,,SYOSSET,NY,11791,,840,4501-METR,0,,,LTL,,,,Not Assigned To An Outbound Shipment,20240617,0,20241030,0,,,,,,,99,Cancelled,,3,Pickticket Cancelled.,,Y,N,,0,0.,0.,0.,0,0,0.,0.,0.,0,0.,,TL,53,F,0,,,,N N,,,,3,,,,2179553,12855646,961,MISCNYM,MISCNYM,,,,,,,,F,,,,,22.,0.,0.,0.,0.,0.,0.,1.,0.,0.,CT1,XDK,3891020,0.,,,,,20240617,161749,20241030,184032,LKOESTERS,2024-07-20 14:34:08,0,2025-04-25 01:21:23,INFAJOB,WMIPHPICK_15_Adhoc_3730955_20240719125822.txt,WMI,71cf3412a38c3a8e3a6053ca7427001d
100930659,20241030,202410,,7002,-7002,80706027,AGC,-961,80706027,80706027,DB,3201COLU,SOUTHERN GLAZERS OF SC,,7600 RICHARD ST,,,COLUMBIA,SC,29209,840,,SOUTHERN GLAZERS OF SC,7600 RICHARD ST,,,COLUMBIA,SC,29209,,840,3201-COLU,0,,,LTL,,,,Not Assigned To An Outbound Shipment,20240702,0,20241030,0,,,,,,,99,Cancelled,,3,Pickticket Cancelled.,,Y,N,,0,0.,0.,0.,0,0,0.,0.,0.,0,0.,,TL,53,F,0,,,,N N,,,,3,,,,12685467,12945008,961,MISCCOL,MISCCOL,,,,,,,,F,,,,,22.,0.,0.,0.,0.,0.,0.,1.,0.,0.,CT1,XDK,3913860,0.,,,,,20240702,91214,20241030,183832,LKOESTERS,2024-07-20 14:34:08,0,2025-04-25 01:21:23,INFAJOB,WMIPHPICK_15_Adhoc_3730955_20240719125822.txt,WMI,f74ab33d0cc324173ac8f61e84d5646d
102529384,20241030,202410,,7002,-7002,80469536,AGC,-961,80469536,80469536,DB,6601KAPO,SOUTHERN GLAZERS OF HI - KAPO,,91 210 HANUA STREET,,,KAPOLEI,HI,96707,840,,SOUTHERN GLAZERS OF HI - KAPO,91 210 HANUA STREET,,,KAPOLEI,HI,96707,,840,6601-KAPO,0,,,LTL,,,,Not Assigned To An Outbound Shipment,20240702,0,20241030,0,,,,,,,99,Cancelled,,3,Pickticket Cancelled.,,Y,N,,0,0.,0.,0.,0,0,0.,0.,0.,0,0.,,TL,53,F,0,,,,N N,,,,11,,,,2402272,13113973,961,MISCHIC,MISCHIC,,,,,,,,F,,,,,22.,0.,0.,0.,0.,0.,0.,1.,0.,0.,CT1,XDK,3895860,0.,,,,,20240702,171139,20241030,184138,LKOESTERS,2024-07-20 14:34:08,0,2025-04-25 01:21:23,INFAJOB,WMIPHPICK_15_Adhoc_3730955_20240719125822.txt,WMI,567422cf934fcbec9d4ae2e00b63db86
99167880,20241030,202410,,7002,-7002,80325918,AGC,-961,80325918,80325918,DB,6601KAWA,SOUTHERN GLAZERS OF HI - KAWA,,61 3785 MALUOKALANI PL 12,,,KAWAIHAE,HI,96743,840,,SOUTHERN GLAZERS OF HI - KAWA,61 3785 MALUOKALANI PL 12,,,KAWAIHAE,HI,96743,,840,6601-KAWA,0,,,LTL,,,,Not Assigned To An Outbound Shipment,20240625,0,20241030,0,,,,,,,99,Cancelled,,3,Pickticket Cancelled.,,Y,N,,0,0.,0.,0.,0,0,0.,0.,0.,0,0.,,TL,53,F,0,,,,N N,,,,2,,,,6491230,12907000,961,MISCHIB,MISCHIB,,,,,,,,F,,,,,22.,0.,0.,0.,0.,0.,0.,1.,0.,0.,CT1,XDK,3893151,0.,,,,,20240625,144331,20241030,184342,LKOESTERS,2024-07-20 14:34:08,0,2025-04-25 01:21:23,INFAJOB,WMIPHPICK_15_Adhoc_3730955_20240719125822.txt,WMI,26e7ccb8147909caf03d12adfd91ad0d
128440762,20241104,202411,,7002,-7002,83792842,AGC,-961,83792842,83792842,DB,85011000,SOUTHERN GLAZER'S OF OK,,315 S 85TH E AVE,,,TULSA,OK,74112,840,,SOUTHERN GLAZER'S OF OK,315 S 85TH E AVE,,,TULSA,OK,74112,,840,8501-1000,0,,,LTL,,,20,Fully Assigned To An Outbound Shipment,20241028,20241101,20241104,134859,241101P0000,N,0,0,0,2,90,Invoiced,,2,Pickticket Completely Invoiced.,,N,N,,0,62532.,62532.,0.,0,27,3026419.2,0.,0.,0,27.,,TL,53,F,5,03,ACTIVITY 3,,N N,,,,7,20241101015,9,All from Reserve,2402592,12898760,961,MISCOKT,MISCOKT,DAY,,,,,,,F,***,,***,,22.,1.,1.,0.,0.,1.,1.,1.,1.,1.,CT1,XDK,4015248,7920.,90,Invoiced Complete,83792842,,20241028,144125,20241104,134859,AGUERRERO,2024-10-29 01:18:41,0,2025-04-25 01:21:23,INFAJOB,WMIPHPICK_15_AGC_4037540_20241028190037.txt,WMI,b1ba3346c420dc31cf3a62c747f0e114
128454842,20241104,202411,,7002,-7002,83792842,AGC,-961,83792842,83792842,DB,85011000,SOUTHERN GLAZER'S OF OK,,315 S 85TH E AVE,,,TULSA,OK,74112,840,,SOUTHERN GLAZER'S OF OK,315 S 85TH E AVE,,,TULSA,OK,74112,,840,8501-1000,0,,,LTL,,,20,Fully Assigned To An Outbound Shipment,20241028,20241101,20241104,134859,241101P0000,N,0,0,0,2,90,Invoiced,,2,Pickticket Completely Invoiced.,,N,N,,0,62532.,62532.,0.,0,27,3026419.2,0.,0.,0,27.,,TL,53,F,5,03,ACTIVITY 3,,N N,,,,11,20241101015,9,All from Reserve,2402592,12898760,961,MISCOKT,MISCOKT,DAY,,,,,,,F,***,,***,,22.,1.,1.,0.,0.,1.,1.,1.,1.,1.,CT1,XDK,3982754,7920.,90,Invoiced Complete,83792842,,20241028,144125,20241104,134859,AGUERRERO,2024-10-29 01:18:41,0,2025-04-25 01:21:23,INFAJOB,WMIPHPICK_15_AGC_4037540_20241028190037.txt,WMI,873dd7765ef1e2710e2e62abe5989274
146407655,20241105,202411,,7002,-7002,83765479,AGC,-961,83765479,83765479,DB,4501METR,SOUTHERN GLAZER'S OF NY - SYOSSET,,345 UNDERHILL BLVD,,,SYOSSET,NY,11791,840,,SOUTHERN GLAZER'S OF NY - SYOSSET,345 UNDERHILL BLVD,,,SYOSSET,NY,11791,,840,4501-METR,0,,,LTL,,,20,Fully Assigned To An Outbound Shipment,20241025,20241031,20241105,115558,241031P0000,N,0,0,0,2,90,Invoiced,,2,Pickticket Completely Invoiced.,,N,N,,0,46320.,46320.,0.,0,20,2241792.,0.,0.,0,20.,,TL,53,F,5,03,ACTIVITY 3,,N N,,,,3,20241031009,9,All from Reserve,2179553,12855646,961,MISCNYM,MISCNYM,DAY,,,,,,,F,***,,***,,22.,13.,13.,0.,0.,13.,13.,1.,1.,1.,CT1,XDK,4017934,7920.,90,Invoiced Complete,83765479,,20241025,94739,20241105,115558,AGUERRERO,2024-10-26 02:03:17,0,2025-04-25 01:21:23,INFAJOB,WMIPHPICK_15_AGC_4030338_20241025190036.txt,WMI,10924f3246dc03237d5cb8093443c8f8
133698754,20241105,202411,,7002,-7002,83849400,AGC,-961,83849400,83849400,DB,77011000,SOUTHERN GLAZERS OF TN,,6290 SHELBY VIEW DR,,,MEMPHIS,TN,381347662,840,,SOUTHERN GLAZERS OF TN,6290 SHELBY VIEW DR,,,MEMPHIS,TN,381347662,,840,7701-1000,0,,,LTL,,,20,Fully Assigned To An Outbound Shipment,20241029,20241104,20241105,160327,241104P0000,N,0,0,0,2,90,Invoiced,,2,Pickticket Completely Invoiced.,,N,N,,0,85692.,18528.,0.,0,37,4147315.2,0.,0.,0,39.,,TL,53,F,5,02,ACTIVITY 2,,N N,,,,25,20241104003,9,All from Reserve,6491550,12968114,961,MISCTEN,MISCTEN,DAY,,,,,,,F,***,,***,,22.,1.,1.,0.,0.,1.,1.,1.,1.,1.,CT1,XDK,4015064,7920.,90,Invoiced Complete,83849400,,20241029,143714,20241105,160327,VRINCON,2024-10-30 01:19:18,0,2025-04-25 01:21:23,INFAJOB,WMIPHPICK_15_AGC_4040736_20241029190041.txt,WMI,1ecb71566677fae171a0810262ce6a32
149796796,20241112,202411,,7002,-7002,84049458,AGC,-961,84049458,84049458,DB,93011000,SOUTHERN GLAZERS OF AR 06379,,11101 SMITTY LANE,,,NORTH LITTLE ROCK,AR,721175390,840,,SOUTHERN GLAZERS OF AR 06379,11101 SMITTY LANE,,,NORTH LITTLE ROCK,AR,721175390,,840,9301-1000,0,,,LTL,,,20,Fully Assigned To An Outbound Shipment,20241107,20241107,20241112,173539,241107P0000,N,0,0,0,2,90,Invoiced,,2,Pickticket Completely Invoiced.,,N,N,,0,97292.4,13898.4,0.,0,25,4706956.,0.,0.,0,43.,,TL,53,F,5,03,ACTIVITY 3,,N N,,,,4,20241107013,9,All from Reserve,9594589,13052294,961,MISCARL,MISCARL,DAY,,,,,,,F,***,,***,,22.,2.,2.,0.,0.,2.,2.,1.,1.,1.,CT1,XDK,4027384,7920.,90,Invoiced Complete,84049458,,20241107,164211,20241112,173539,AGUERRERO,2024-11-07 02:36:12,0,2025-04-25 01:21:23,INFAJOB,WMIPHPICK_15_AGC_4064351_20241106190037.txt,WMI,477b3ccbcce65462760a75fb23d31eb6
142482106,20241113,202411,,7002,-7002,84049327,AGC,-961,84049327,84049327,DB,6401OTHR,SOUTHERN GLAZER'S OF CA-NORTH,,1555 ATLANTIC STREET,,,UNION CITY,CA,94587,840,,SOUTHERN GLAZER'S OF CA-NORTH,1555 ATLANTIC STREET,,,UNION CITY,CA,94587,,840,6401-OTHR,0,,,LTL,,,20,Fully Assigned To An Outbound Shipment,20241106,20241108,20241113,201617,241108P0000,N,0,0,0,2,90,Invoiced,,2,Pickticket Completely Invoiced.,,N,N,,0,50955.6,50955.6,0.,0,19,2465164.,0.,0.,0,22.,,TL,53,F,5,03,ACTIVITY 3,,N N,,,,4,20241108024,9,All from Reserve,1547569,12942087,961,MISCCAN,MISCCAN,DAY,,,,,,,F,***,,***,,22.,6.,6.,0.,0.,6.,6.,1.,1.,1.,CT1,XDK,3952589,7920.,90,Invoiced Complete,84049327,,20241106,120736,20241113,201617,AGUERRERO,2024-11-07 02:36:12,0,2025-04-25 01:21:23,INFAJOB,WMIPHPICK_15_AGC_4064351_20241106190037.txt,WMI,18dc5e830e7b0b5ba426563048a4e55b
134147635,20241119,202411,,7002,-7002,84281777,AGC,-961,84281777,84281777,DB,7601BULK,SOUTHERN GLAZER'S OF NM,,123 MONTANO RD NW,,,ALBUQUERQUE,NM,87107,840,,SOUTHERN GLAZER'S OF NM,123 MONTANO RD NW,,,ALBUQUERQUE,NM,87107,,840,7601-BULK,0,,,LTL,,,20,Fully Assigned To An Outbound Shipment,20241115,20241118,20241119,190320,241118P0000,N,0,0,0,2,90,Invoiced,,2,Pickticket Completely Invoiced.,,N,N,,0,99608.4,99608.4,0.,0,26,4819852.8,0.,0.,0,43.,,TL,53,F,5,03,ACTIVITY 3,,N N,,,,1,20241118023,9,All from Reserve,603572,12819236,961,MISCALB,MISCALB,DAY,,,,,,,F,***,,***,,22.,1.,1.,0.,0.,1.,1.,1.,1.,1.,CT1,XDK,4031384,7920.,90,Invoiced Complete,84281777,,20241115,100447,20241119,190320,AGUERRERO,2024-11-16 02:17:41,0,2025-04-25 01:21:23,INFAJOB,WMIPHPICK_15_AGC_4091114_20241115190036.txt,WMI,5b26c46eb00321e35eb6d226f060f2b6
155859858,20241119,202411,,7002,-7002,84256076,AGC,-961,84256076,84256076,DB,92011000,SOUTHERN GLAZERS OF LA - ST. ROSE 7,,111 RIVERBEND DR,,,SAINT ROSE,LA,700873318,840,,SOUTHERN GLAZERS OF LA - ST. ROSE 7,111 RIVERBEND DR,,,SAINT ROSE,LA,700873318,,840,9201-1000,0,,,LTL,,,20,Fully Assigned To An Outbound Shipment,20241115,20241115,20241119,110600,241115P0000,N,0,0,0,2,90,Invoiced,,2,Pickticket Completely Invoiced.,,N,N,,0,115809.6,115809.6,0.,0,42,5604480.,0.,0.,0,57.,,TL,53,F,5,03,ACTIVITY 3,,N N,,,,7,20241115033,9,All from Reserve,604532,12852462,961,MISCLAS,MISCLAS,DAY,,,,,,,F,***,,***,,22.,1.,1.,0.,0.,1.,1.,1.,1.,1.,CT1,XDK,4041597,7920.,90,Invoiced Complete,84256076,,20241115,134100,20241119,110600,AGUERRERO,2024-11-15 02:32:22,0,2025-04-25 01:21:23,INFAJOB,WMIPHPICK_15_AGC_4087861_20241114190036.txt,WMI,1a8d4dfc9535d89476c6440330f6841d
135292347,20241119,202411,,7002,-7002,84244595,AGC,-961,84244595,84244595,DB,51011000,SOUTHERN GLAZER'S OF OH 3214991-000,,4800 POTH ROAD,,,COLUMBUS,OH,432131332,840,,SOUTHERN GLAZER'S OF OH 3214991-000,4800 POTH ROAD,,,COLUMBUS,OH,432131332,,840,5101-1000,0,,,LTL,,,20,Fully Assigned To An Outbound Shipment,20241114,20241115,20241119,105506,241115P0000,N,0,0,0,2,90,Invoiced,,2,Pickticket Completely Invoiced.,,N,N,,0,92654.4,92654.4,0.,0,28,4483584.,0.,0.,0,40.,,TL,53,F,5,03,ACTIVITY 3,,N N,,,,3,20241115013,9,All from Reserve,9595229,13006627,961,MISCOHC,MISCOHC,DAY,,,,,,,F,***,,***,,22.,16.,16.,0.,0.,16.,16.,1.,1.,1.,CT1,XDK,4041116,7920.,90,Invoiced Complete,84244595,,20241114,100558,20241119,105506,AGUERRERO,2024-11-15 02:32:22,0,2025-04-25 01:21:23,INFAJOB,WMIPHPICK_15_AGC_4087861_20241114190036.txt,WMI,282e7e0f0ea273e6bce0dfbce61b7235
149885310,20241125,202411,,7002,-7002,84357660,AGC,-961,84357660,84357660,DB,92021000,SOUTHERN GLAZERS OF LA - LAFAYETTE,,939 W PONT DES MOUTON RD,,,LAFAYETTE,LA,705074007,840,,SOUTHERN GLAZERS OF LA - LAFAYETTE,939 W PONT DES MOUTON RD,,,LAFAYETTE,LA,705074007,,840,9202-1000,0,,,LTL,,,20,Fully Assigned To An Outbound Shipment,20241119,20241122,20241125,174743,241122P0000,N,0,0,0,2,90,Invoiced,,2,Pickticket Completely Invoiced.,,N,N,,0,2212350.,2212350.,0.,0,28,107026195.2,0.,0.,0,1003.,,TL,53,F,5,03,ACTIVITY 3,,N N,,,,6,20241122009,9,All from Reserve,12685787,12882903,961,MISCLAL,MISCLAL,DAY,,,,,,,F,***,,***,,22.,38.,38.,0.,0.,38.,38.,1.,1.,1.,CT1,XDK,4043082,7920.,90,Invoiced Complete,84357660,,20241119,150819,20241125,174743,AGUERRERO,2024-11-20 02:26:46,0,2025-04-25 01:21:23,INFAJOB,WMIPHPICK_15_AGC_4101764_20241119190036.txt,WMI,a6b4d802e43b31764988b0c389a1691b
149901950,20241125,202411,,7002,-7002,84357660,AGC,-961,84357660,84357660,DB,92021000,SOUTHERN GLAZERS OF LA - LAFAYETTE,,939 W PONT DES MOUTON RD,,,LAFAYETTE,LA,705074007,840,,SOUTHERN GLAZERS OF LA - LAFAYETTE,939 W PONT DES MOUTON RD,,,LAFAYETTE,LA,705074007,,840,9202-1000,0,,,LTL,,,20,Fully Assigned To An Outbound Shipment,20241119,20241122,20241125,174743,241122P0000,N,0,0,0,2,90,Invoiced,,2,Pickticket Completely Invoiced.,,N,N,,0,2212350.,2212350.,0.,0,28,107026195.2,0.,0.,0,1003.,,TL,53,F,5,03,ACTIVITY 3,,N N,,,,5,20241122009,9,All from Reserve,12685787,12882903,961,MISCLAL,MISCLAL,DAY,,,,,,,F,***,,***,,22.,288.,288.,0.,48.,240.,240.,1.,1.,1.,CT1,XDK,4040543,7920.,90,Invoiced Complete,84357660,,20241119,150819,20241125,174743,AGUERRERO,2024-11-20 02:26:46,0,2025-04-25 01:21:23,INFAJOB,WMIPHPICK_15_AGC_4101764_20241119190036.txt,WMI,c1df382cdb72d24201a1224ba1dd2d95
144416211,20241129,202411,,7002,-7002,84244597,AGC,-961,84244597,84244597,DB,87011000,SOUTHERN GLAZER'S OF TX W -10722102,,15245 HERITAGE PARKWAY,,,FORT WORTH,TX,76177,840,,SOUTHERN GLAZER'S OF TX W -10722102,15245 HERITAGE PARKWAY,,,FORT WORTH,TX,76177,,840,8701-1000,0,,,LTL,,,20,Fully Assigned To An Outbound Shipment,20241114,20241127,20241129,182226,241127P0000,N,0,0,0,2,90,Invoiced,,2,Pickticket Completely Invoiced.,,N,N,,0,69484.8,69484.8,0.,0,26,3362688.,0.,0.,0,30.,,TL,53,F,5,03,ACTIVITY 3,,N N,,,,3,20241127013,9,All from Reserve,2179873,13026456,961,MISCTXD,MISCTXD,DAY,,,,,,,F,***,,***,,22.,1.,1.,0.,0.,1.,1.,1.,1.,1.,CT1,XDK,4045640,7920.,90,Invoiced Complete,84244597,,20241114,112303,20241129,182226,AGUERRERO,2024-11-15 02:32:22,0,2025-04-25 01:21:23,INFAJOB,WMIPHPICK_15_AGC_4087861_20241114190036.txt,WMI,2c0753390ca07a25d13fc84e0326464d
132775076,20241130,202411,,7002,-7002,84046887,AGC,-961,84046887,84046887,DB,83011000,SOUTHERN GLAZERS OF IA WA 0000085,,4377 112TH STREET,,,URBANDALE,IA,503222073,840,,SOUTHERN GLAZERS OF IA WA 0000085,4377 112TH STREET,,,URBANDALE,IA,503222073,,840,8301-1000,0,,,LTL,,,20,Fully Assigned To An Outbound Shipment,20241106,20241106,20241130,75122,241106P0000,N,0,0,0,2,90,Invoiced,,2,Pickticket Completely Invoiced.,,N,N,,0,71798.4,71798.4,0.,0,29,3474777.6,0.,0.,0,33.,,TL,53,F,5,03,ACTIVITY 3,,N N,,,,9,20241106001,9,All from Reserve,9594909,12906807,961,MISCIAU,MISCIAU,DAY,,,,,,,F,***,,***,,22.,2.,2.,0.,0.,2.,2.,1.,1.,1.,CT1,XDK,4013968,7920.,90,Invoiced Complete,84046887,,20241106,101928,20241130,75122,EUBER,2024-11-07 02:36:12,0,2025-04-25 01:21:23,INFAJOB,WMIPHPICK_15_AGC_4064351_20241106190037.txt,WMI,8faf7dd032187c51fc8506c79bf504ef
215695267,20241203,202412,,7002,-7002,84494832,AGC,-961,84494832,84494832,DB,51011000,SOUTHERN GLAZER'S OF OH 3214991-000,,4800 POTH ROAD,,,COLUMBUS,OH,432131332,840,,SOUTHERN GLAZER'S OF OH 3214991-000,4800 POTH ROAD,,,COLUMBUS,OH,432131332,,840,5101-1000,0,,,LTL,,,20,Fully Assigned To An Outbound Shipment,20241125,20241202,20241203,115849,241202P0000,N,0,0,0,2,90,Invoiced,,2,Pickticket Completely Invoiced.,,N,N,,0,3412351.8,3412351.8,0.,0,26,165107980.8,0.,0.,0,1473.,,TL,53,F,5,03,ACTIVITY 3,,N N,,,,5,20241202004,9,All from Reserve,9595229,13006627,961,MISCOHC,MISCOHC,DAY,,,,,,,F,***,,***,,22.,373.,373.,0.,0.,373.,373.,1.,1.,1.,CT1,XDK,4043379,7920.,90,Invoiced Complete,84494832,,20241125,115951,20241203,115849,AGUERRERO,2024-11-26 02:19:39,0,2025-04-25 01:21:23,INFAJOB,WMIPHPICK_15_AGC_4118758_20241125190037.txt,WMI,0711e83ba31a2106aa3499545cdc5f76
147261195,20241204,202412,,7002,-7002,84495103,AGC,-961,84495103,84495103,DB,5201BULK,SOUTHERN GLAZER'S OF AZ,,2375 S 45TH AVE,,,PHOENIX,AZ,85043,840,,SOUTHERN GLAZER'S OF AZ,2375 S 45TH AVE,,,PHOENIX,AZ,85043,,840,5201-BULK,0,,,LTL,,,20,Fully Assigned To An Outbound Shipment,20241125,20241202,20241204,93557,241202P0000,N,0,0,0,2,90,Invoiced,,2,Pickticket Completely Invoiced.,,N,N,,0,474892.2,474892.2,0.,0,25,22978368.,0.,0.,0,205.,,TL,53,F,5,03,ACTIVITY 3,,N N,,,,6,20241202025,9,All from Reserve,2028527,12886643,961,MISCPHX,MISCPHX,DAY,,,,,,,F,***,,***,,22.,2.,2.,0.,0.,2.,2.,1.,1.,1.,CT1,XDK,4007153,7920.,90,Invoiced Complete,84495103,,20241125,141159,20241204,93557,VRINCON,2024-11-26 02:19:39,0,2025-04-25 01:21:23,INFAJOB,WMIPHPICK_15_AGC_4118758_20241125190037.txt,WMI,2545f10fd5933e7f67d91590d33e6296
151987809,20241205,202412,,7002,-7002,84627005,AGC,-961,84627005,84627005,DB,93011000,SOUTHERN GLAZERS OF AR 06379,,11101 SMITTY LANE,,,NORTH LITTLE ROCK,AR,721175390,840,,SOUTHERN GLAZERS OF AR 06379,11101 SMITTY LANE,,,NORTH LITTLE ROCK,AR,721175390,,840,9301-1000,0,,,LTL,,,20,Fully Assigned To An Outbound Shipment,20241204,20241205,20241205,175010,241205P0000,N,0,0,0,2,90,Invoiced,,2,Pickticket Completely Invoiced.,,N,N,,0,1758293.4,1758293.4,0.,0,26,85073181.2,0.,0.,0,759.,,TL,53,F,5,03,ACTIVITY 3,,N N,,,,11,20241205006,9,All from Reserve,9594589,13052294,961,MISCARL,MISCARL,DAY,,,,,,,F,***,,***,,22.,1.,1.,0.,0.,1.,1.,1.,1.,1.,CT1,XDK,4053178,7920.,90,Invoiced Complete,84627005,,20241204,172839,20241205,175010,AGUERRERO,2024-12-03 02:18:36,0,2025-04-25 01:21:23,INFAJOB,WMIPHPICK_15_AGC_4143772_20241202190035.txt,WMI,6ad8361f1cf75e753844c6dc7b368c69
160295445,20241206,202412,,7002,-7002,84538006,AGC,-961,84538006,84538006,DB,95011000,SOUTHERN GLAZER'S OF MO - RAYMORE M,,1100 S DEAN AVE,,,RAYMORE,MO,64083,840,,SOUTHERN GLAZER'S OF MO - RAYMORE M,1100 S DEAN AVE,,,RAYMORE,MO,64083,,840,9501-1000,0,,,LTL,,,20,Fully Assigned To An Outbound Shipment,20241127,20241204,20241206,113549,241204P0000,N,0,0,0,2,90,Invoiced,,2,Pickticket Completely Invoiced.,,N,N,,0,2328182.4,2328182.4,0.,0,22,112650048.,0.,0.,0,1005.,,TL,53,F,5,03,ACTIVITY 3,,N N,,,,2,20241204023,9,All from Reserve,12686107,12910067,961,MISCMOR,MISCMOR,DAY,,,,,,,F,***,,***,,22.,58.,58.,0.,0.,58.,58.,1.,1.,1.,CT1,XDK,4060335,7920.,90,Invoiced Complete,84538006,,20241127,135536,20241206,113549,AGUERRERO,2024-11-27 02:18:23,0,2025-04-25 01:21:23,INFAJOB,WMIPHPICK_15_AGC_4121981_20241126190036.txt,WMI,6946a9c27bf74416a18eeb635cc8cedf
153658535,20241209,202412,,7002,-7002,84244596,AGC,-961,84244596,84244596,DB,85011000,SOUTHERN GLAZER'S OF OK,,315 S 85TH E AVE,,,TULSA,OK,74112,840,,SOUTHERN GLAZER'S OF OK,315 S 85TH E AVE,,,TULSA,OK,74112,,840,8501-1000,0,,,LTL,,,20,Fully Assigned To An Outbound Shipment,20241127,20241129,20241209,110151,241129P0000,N,0,0,0,2,90,Invoiced,,2,Pickticket Completely Invoiced.,,N,N,,0,81064.8,81064.8,0.,0,31,3923136.,0.,0.,0,35.,,TL,53,F,5,03,ACTIVITY 3,,N N,,,,4,20241129016,9,All from Reserve,2402592,12898760,961,MISCOKT,MISCOKT,DAY,,,,,,,F,***,,***,,22.,1.,1.,0.,0.,1.,1.,1.,1.,1.,CT1,XDK,4019940,7920.,90,Invoiced Complete,84244596,,20241127,173619,20241209,110151,MCASTANE,2024-11-15 02:32:22,0,2025-04-25 01:21:23,INFAJOB,WMIPHPICK_15_AGC_4087861_20241114190036.txt,WMI,1be767105374252a0863ffdb19317333
171573843,20241210,202412,,7002,-7002,84671386,AGC,-961,84671386,84671386,DB,5201BULK,SOUTHERN GLAZER'S OF AZ,,2375 S 45TH AVE,,,PHOENIX,AZ,85043,840,,SOUTHERN GLAZER'S OF AZ,2375 S 45TH AVE,,,PHOENIX,AZ,85043,,840,5201-BULK,0,,,LTL,,,20,Fully Assigned To An Outbound Shipment,20241204,20241206,20241210,131942,241206P0000,N,0,0,0,2,90,Invoiced,,2,Pickticket Completely Invoiced.,,N,N,,0,2274898.2,2274898.2,0.,0,23,110071987.2,0.,0.,0,1038.,,TL,53,F,5,03,ACTIVITY 3,,N N,,,,9,20241206017,9,All from Reserve,2028527,12886643,961,MISCPHX,MISCPHX,DAY,,,,,,,F,***,,***,,22.,60.,60.,0.,0.,60.,60.,1.,1.,1.,CT1,XDK,4059399,7920.,90,Invoiced Complete,84671386,,20241204,93642,20241210,131942,MCASTANE,2024-12-04 02:19:04,0,2025-04-25 01:21:23,INFAJOB,WMIPHPICK_15_AGC_4146993_20241203190036.txt,WMI,7ba3031fddb6991631da2bad17fe0917
138515759,20241212,202412,,7002,-7002,84671404,AGC,-961,84671404,84671404,DB,6601LIHU,SOUTHERN GLAZERS OF HI -LIHU,,1556 HALEUKANA ST,,,"LIHUE, KAUAI",HI,96766,840,,SOUTHERN GLAZERS OF HI -LIHU,1556 HALEUKANA ST,,,"LIHUE, KAUAI",HI,96766,,840,6601-LIHU,0,,,LTL,,,20,Fully Assigned To An Outbound Shipment,20241206,20241210,20241212,181939,241210P0000,N,0,0,0,2,90,Invoiced,,2,Pickticket Completely Invoiced.,,N,N,,0,2101152.,2101152.,0.,0,23,101299204.8,0.,0.,0,907.,,TL,53,F,5,03,ACTIVITY 3,,N N,,,,3,20241210028,9,All from Reserve,604212,12978507,961,MISCHIK,MISCHIK,DAY,,,,,,,F,***,,***,,22.,138.,138.,0.,0.,138.,138.,1.,1.,1.,CT1,XDK,4053009,7920.,90,Invoiced Complete,84671404,,20241206,142235,20241212,181939,AGUERRERO,2024-12-04 02:19:04,0,2025-04-25 01:21:23,INFAJOB,WMIPHPICK_15_AGC_4146993_20241203190036.txt,WMI,4286d4b6ec45e5d7f892d470eb497497
159569941,20241217,202412,,7002,-7002,84839308,AGC,-961,84839308,84839308,DB,5201BULK,SOUTHERN GLAZER'S OF AZ,,2375 S 45TH AVE,,,PHOENIX,AZ,85043,840,,SOUTHERN GLAZER'S OF AZ,2375 S 45TH AVE,,,PHOENIX,AZ,85043,,840,5201-BULK,0,,,LTL,,,20,Fully Assigned To An Outbound Shipment,20241210,20241212,20241217,112450,241212P0000,N,0,0,0,2,90,Invoiced,,2,Pickticket Completely Invoiced.,,N,N,,0,2610807.6,2610807.6,0.,0,29,126048110.,0.,0.,0,1127.,,TL,53,F,5,03,ACTIVITY 3,,N N,,,,9,20241212016,9,All from Reserve,2028527,12886643,961,MISCPHX,MISCPHX,DAY,,,,,,,F,***,,***,,22.,56.,56.,0.,0.,56.,56.,1.,1.,1.,CT1,XDK,4058468,7920.,90,Invoiced Complete,84839308,,20241210,150138,20241217,112450,AGUERRERO,2024-12-11 02:25:13,0,2025-04-25 01:21:23,INFAJOB,WMIPHPICK_15_AGC_4167130_20241210190035.txt,WMI,4cbed878ccc47a383e895f15f836049b
175934997,20241217,202412,,7002,-7002,84702465,AGC,-961,84702465,84702465,DB,6601KAWA,SOUTHERN GLAZERS OF HI - KAWA,,61 3785 MALUOKALANI PL 12,,,KAWAIHAE,HI,96743,840,,SOUTHERN GLAZERS OF HI - KAWA,61 3785 MALUOKALANI PL 12,,,KAWAIHAE,HI,96743,,840,6601-KAWA,0,,,LTL,,,20,Fully Assigned To An Outbound Shipment,20241204,20241213,20241217,132104,241213P0000,N,0,0,0,2,90,Invoiced,,2,Pickticket Completely Invoiced.,,N,N,,0,2360602.8,2360602.8,0.,0,38,113808042.4,0.,0.,0,1019.,,TL,53,F,5,03,ACTIVITY 3,,N N,,,,8,20241213016,9,All from Reserve,6491230,12907000,961,MISCHIB,MISCHIB,DAY,,,,,,,F,***,,***,,22.,3.,3.,0.,0.,3.,3.,1.,1.,1.,CT1,XDK,3994255,7920.,90,Invoiced Complete,84702465,,20241204,190745,20241217,132104,AGUERRERO,2024-12-05 03:02:53,0,2025-04-25 01:21:23,INFAJOB,WMIPHPICK_15_AGC_4150217_20241204190037.txt,WMI,02985856683bc841eda8c1b3cefaac77
141254821,20241220,202412,,7002,-7002,84945412,AGC,-961,84945412,84945412,DB,6601LIHU,SOUTHERN GLAZERS OF HI -LIHU,,1556 HALEUKANA ST,,,"LIHUE, KAUAI",HI,96766,840,,SOUTHERN GLAZERS OF HI -LIHU,1556 HALEUKANA ST,,,"LIHUE, KAUAI",HI,96766,,840,6601-LIHU,0,,,LTL,,,20,Fully Assigned To An Outbound Shipment,20241218,20241219,20241220,183607,241219P0000,N,0,0,0,2,90,Invoiced,,2,Pickticket Completely Invoiced.,,N,N,,0,233968.2,233968.2,0.,0,16,11280291.6,0.,0.,0,101.,,TL,53,F,5,03,ACTIVITY 3,,N N,,,,1,20241219011,9,All from Reserve,604212,12978507,961,MISCHIK,MISCHIK,DAY,,,,,,,F,***,,***,,22.,77.,77.,0.,0.,77.,77.,1.,1.,1.,CT1,XDK,4012663,7920.,90,Invoiced Complete,84945412,,20241218,153130,20241220,183607,MCASTANE,2024-12-14 02:33:59,0,2025-04-25 01:21:23,INFAJOB,WMIPHPICK_15_AGC_4176609_20241213190036.txt,WMI,18b24149839fb3e83568a33cfc42f958
165318185,20241224,202412,,7002,-7002,85003254,AGC,-961,85003254,85003254,DB,87021000,SOUTHERN GLAZER'S OF TX W 512532,,525 CANE ISLAND PARKWAY,,,KATY,TX,77494,840,,SOUTHERN GLAZER'S OF TX W 512532,525 CANE ISLAND PARKWAY,,,KATY,TX,77494,,840,8702-1000,0,,,LTL,,,20,Fully Assigned To An Outbound Shipment,20241217,20241220,20241224,93531,241220P0000,N,0,0,0,2,90,Invoiced,,2,Pickticket Completely Invoiced.,,N,N,,0,2386095.6,2386095.6,0.,0,27,115350582.4,0.,0.,0,1030.,,TL,53,F,5,03,ACTIVITY 3,,N N,,,,9,20241220008,9,All from Reserve,2180193,12920171,961,MISCTXH,MISCTXH,DAY,,,,,,,F,***,,***,,22.,205.,205.,0.,0.,205.,205.,1.,1.,1.,CT1,XDK,4077281,7920.,90,Invoiced Complete,85003254,,20241217,102625,20241224,93531,SYOUSEFI,2024-12-18 02:20:33,0,2025-04-25 01:21:23,INFAJOB,WMIPHPICK_15_AGC_4187236_20241217190037.txt,WMI,41b32989dd820562db7c89cb6a43cd14
181275512,20241227,202412,,7002,-7002,84905882,AGC,-961,84905882,84905882,DB,6601KAHU,SOUTHERN GLAZERS OF HI - KAHU,,231 LALO PLACE,,,"KAHULUI, MAUI",HI,96732,840,,SOUTHERN GLAZERS OF HI - KAHU,231 LALO PLACE,,,"KAHULUI, MAUI",HI,96732,,840,6601-KAHU,0,,,LTL,,,20,Fully Assigned To An Outbound Shipment,20241212,20241218,20241227,161911,241218P0000,N,0,0,0,2,90,Invoiced,,2,Pickticket Completely Invoiced.,,N,N,,0,2684939.4,2684939.4,0.,0,25,129444074.,0.,0.,0,1159.,,TL,53,F,5,03,ACTIVITY 3,,N N,,,,2,20241218021,9,All from Reserve,920691,13016240,961,MISCHIM,MISCHIM,DAY,,,,,,,F,***,,***,,22.,6.,6.,0.,0.,6.,6.,1.,1.,1.,CT1,XDK,4045846,7920.,90,Invoiced Complete,84905882,,20241212,190728,20241227,161911,AGUERRERO,2024-12-13 02:37:29,0,2025-04-25 01:21:23,INFAJOB,WMIPHPICK_15_AGC_4173394_20241212190036.txt,WMI,1e6875e5300f0290d6a1790d4d0217e5
163593621,20241231,202412,,7002,-7002,85089465,AGC,-961,85089465,85089465,DB,5301BULK,SOUTHERN GLAZER'S OF MD,,SUITE C 7001 QUAD AVENUE,,,ROSEDALE,MD,21237,840,,SOUTHERN GLAZER'S OF MD,SUITE C 7001 QUAD AVENUE,,,ROSEDALE,MD,21237,,840,5301-BULK,0,,,LTL,,,20,Fully Assigned To An Outbound Shipment,20241223,20241223,20241231,134514,241223P0000,N,0,0,0,2,90,Invoiced,,2,Pickticket Completely Invoiced.,,N,N,,0,2742854.4,2742854.4,0.,0,21,132236224.,0.,0.,0,1184.,,TL,53,F,5,03,ACTIVITY 3,,N N,,,,13,20241223036,9,All from Reserve,2111406,12918618,961,MISCMRD,MISCMRD,DAY,,,,,,,F,***,,***,,22.,5.,5.,0.,0.,5.,5.,1.,1.,1.,CT1,XDK,4067446,7920.,90,Invoiced Complete,85089465,,20241223,132516,20241231,134514,AGUERRERO,2024-12-21 03:20:52,0,2025-04-25 01:21:23,INFAJOB,WMIPHPICK_15_AGC_4196893_20241220190037.txt,WMI,9a3fec4bfde4bab48d2ca6b452e487e8
148035197,20250106,202501,,7002,-7002,85187638,AGC,-961,85187638,85187638,DB,7601BULK,SOUTHERN GLAZERS OF NM,,123 MONTANO RD NW,,,ALBUQUERQUE,NM,87107,840,,SOUTHERN GLAZERS OF NM,123 MONTANO RD NW,,,ALBUQUERQUE,NM,87107,,840,7601-BULK,0,,,LTL,,,20,Fully Assigned To An Outbound Shipment,20241227,20250102,20250106,153742,250102P0000,N,0,0,0,2,90,Invoiced,,2,Pickticket Completely Invoiced.,,N,N,,0,1976052.,1976052.,0.,0,32,95268163.2,0.,0.,0,853.,,TL,53,F,5,03,ACTIVITY 3,,N N,,,,10,20250102025,9,All from Reserve,603572,12819236,961,MISCALB,MISCALB,DAY,,,,,,,F,***,,***,,22.,71.,71.,0.,0.,71.,71.,1.,1.,1.,CT1,XDK,4075399,7920.,90,Invoiced Complete,85187638,,20241227,110121,20250106,153742,AGUERRERO,2024-12-28 02:59:14,0,2025-04-25 01:21:23,INFAJOB,WMIPHPICK_15_AGC_4217164_20241227190036.txt,WMI,adc25b2418903d2d54a242693c5d7356
160061889,20250106,202501,,7002,-7002,85272382,AGC,-961,85272382,85272382,DB,1401BULK,SOUTHERN GLAZER'S OF FL,,4440 OLD TAMPA HIGHWAY,,,LAKELAND,FL,33811,840,,SOUTHERN GLAZER'S OF FL,4440 OLD TAMPA HIGHWAY,,,LAKELAND,FL,33811,,840,1401-BULK,0,,,LTL,,,20,Fully Assigned To An Outbound Shipment,20250103,20250103,20250106,130120,250103P0000,N,0,0,0,2,90,Invoiced,,2,Pickticket Completely Invoiced.,,N,N,,0,2263314.6,2263314.6,0.,0,24,109481269.2,0.,0.,0,977.,,TL,53,F,5,03,ACTIVITY 3,,N N,,,,7,20250103002,9,All from Reserve,161017,13060051,961,MISCLAK,MISCLAK,DAY,,,,,,,F,***,,***,,22.,274.,274.,0.,0.,274.,274.,1.,1.,1.,CT1,XDK,3985972,7920.,90,Invoiced Complete,85272382,,20250103,92949,20250106,130120,AGUERRERO,2025-01-03 03:03:14,0,2025-04-25 01:21:23,INFAJOB,WMIPHPICK_15_AGC_4235004_20250102190040.txt,WMI,022749180c046043916b3023b3c1e17c
137080611,20250107,202501,,7002,-7002,84732794,AGC,-961,84732794,84732794,DB,5601BULK,SOUTHERN GLAZER'S OF MN,,3350 4TH AVENUE EAST,,,SHAKOPEE,MN,55379,840,,SOUTHERN GLAZER'S OF MN,3350 4TH AVENUE EAST,,,SHAKOPEE,MN,55379,,840,5601-BULK,0,,,LTL,,,20,Fully Assigned To An Outbound Shipment,20241213,20241218,20250107,143617,241218P0000,N,0,0,0,2,90,Invoiced,,2,Pickticket Completely Invoiced.,,N,N,,0,2833201.8,0.,0.,0,27,136591978.,0.,0.,0,1223.,,TL,53,F,5,03,ACTIVITY 3,,N N,,,,4,20241218003,9,All from Reserve,12772823,12985326,961,MISCMIN,MISCMIN,DAY,,,,,,,F,***,,***,,22.,117.,117.,0.,0.,117.,117.,1.,1.,1.,CT1,XDK,4063619,7920.,90,Invoiced Complete,84732794,,20241213,95117,20250107,143617,VRINCON,2024-12-06 02:19:31,0,2025-04-25 01:21:23,INFAJOB,WMIPHPICK_15_AGC_4153308_20241205190036.txt,WMI,ad8169df413c22f5bb348f4187129915
161202308,20250115,202501,,7002,-7002,85233996,AGC,-961,85233996,85233996,DB,8001BULK,SOUTHERN GLAZER'S OF WA,,1025 VALLEY AVE NW,,,PUYALLUP,WA,98371,840,,SOUTHERN GLAZER'S OF WA,1025 VALLEY AVE NW,,,PUYALLUP,WA,98371,,840,8001-BULK,0,,,LTL,,,20,Fully Assigned To An Outbound Shipment,20241231,20250108,20250115,110655,250108P0000,N,0,0,0,2,90,Invoiced,,2,Pickticket Completely Invoiced.,,N,N,,0,599995.2,599995.2,0.,0,11,28926676.8,0.,0.,0,259.,,TL,53,F,5,03,ACTIVITY 3,,N N,,,,6,20250108007,9,All from Reserve,2184675,13035126,961,MISCWAP,MISCWAP,DAY,,,,,,,F,***,,***,,22.,2.,2.,0.,0.,2.,2.,1.,1.,1.,CT1,XDK,4070525,7920.,90,Invoiced Complete,85233996,,20241231,130306,20250115,110655,AGUERRERO,2025-01-01 02:20:18,0,2025-04-25 01:21:23,INFAJOB,WMIPHPICK_15_AGC_4228119_20241231190037.txt,WMI,c040f639f7d5be52c29256fcbab3b78f
203390328,20250115,202501,,7002,-7002,85414331,AGC,-961,85414331,85414331,DB,1401BULK,SOUTHERN GLAZER'S OF FL,,4440 OLD TAMPA HIGHWAY,,,LAKELAND,FL,33811,840,,SOUTHERN GLAZER'S OF FL,4440 OLD TAMPA HIGHWAY,,,LAKELAND,FL,33811,,840,1401-BULK,0,,,LTL,,,20,Fully Assigned To An Outbound Shipment,20250113,20250113,20250115,142622,250113P0000,N,0,0,0,2,90,Invoiced,,2,Pickticket Completely Invoiced.,,N,N,,0,3136676.4,3136676.4,0.,0,21,151222844.,0.,0.,0,1354.,,TL,53,F,5,03,ACTIVITY 3,,N N,,,,6,20250113013,9,All from Reserve,161017,13060051,961,MISCLAK,MISCLAK,DAY,,,,,,,F,***,,***,,22.,14.,14.,0.,0.,14.,14.,1.,1.,1.,CT1,XDK,3948152,7920.,90,Invoiced Complete,85414331,,20250113,133048,20250115,142622,AGUERRERO,2025-01-10 02:25:19,0,2025-04-25 01:21:23,INFAJOB,WMIPHPICK_15_AGC_4255285_20250109190037.txt,WMI,be4460089195fb8df8604c24d7ebedcf
203400248,20250115,202501,,7002,-7002,85414331,AGC,-961,85414331,85414331,DB,1401BULK,SOUTHERN GLAZER'S OF FL,,4440 OLD TAMPA HIGHWAY,,,LAKELAND,FL,33811,840,,SOUTHERN GLAZER'S OF FL,4440 OLD TAMPA HIGHWAY,,,LAKELAND,FL,33811,,840,1401-BULK,0,,,LTL,,,20,Fully Assigned To An Outbound Shipment,20250113,20250113,20250115,142622,250113P0000,N,0,0,0,2,90,Invoiced,,2,Pickticket Completely Invoiced.,,N,N,,0,3136676.4,3136676.4,0.,0,21,151222844.,0.,0.,0,1354.,,TL,53,F,5,03,ACTIVITY 3,,N N,,,,5,20250113013,9,All from Reserve,161017,13060051,961,MISCLAK,MISCLAK,DAY,,,,,,,F,***,,***,,22.,300.,300.,0.,0.,300.,300.,1.,1.,1.,CT1,XDK,4083122,7920.,90,Invoiced Complete,85414331,,20250113,133048,20250115,142622,AGUERRERO,2025-01-10 02:25:19,0,2025-04-25 01:21:23,INFAJOB,WMIPHPICK_15_AGC_4255285_20250109190037.txt,WMI,4d7033bfab680bb4cbeb714bf079d915
165403976,20250120,202501,,7002,-7002,85272572,AGC,-961,85272572,85272572,DB,2201LOUI,SOUTHERN GLAZER'S OF KY,,2801 CONSTANT COMMENT PLACE,,,LOUISVILLE,KY,40299,840,,SOUTHERN GLAZER'S OF KY,2801 CONSTANT COMMENT PLACE,,,LOUISVILLE,KY,40299,,840,2201-LOUI,0,,,LTL,,,20,Fully Assigned To An Outbound Shipment,20250102,20250109,20250120,113526,250109P0000,N,0,0,0,2,90,Invoiced,,2,Pickticket Completely Invoiced.,,N,N,,0,2015437.2,2015437.2,0.,0,27,97166823.2,0.,0.,0,870.,,TL,53,F,5,03,ACTIVITY 3,,N N,,,,4,20250109029,9,All from Reserve,2213802,12990002,961,MISCLOU,MISCLOU,DAY,,,,,,,F,***,,***,,22.,38.,38.,0.,0.,38.,38.,1.,1.,1.,CT1,XDK,4050542,7920.,90,Invoiced Complete,85272572,,20250102,155122,20250120,113526,AGUERRERO,2025-01-03 03:03:14,0,2025-04-25 01:21:23,INFAJOB,WMIPHPICK_15_AGC_4235004_20250102190040.txt,WMI,d33950aa07b24af40373bf61f6ea82f7
162722819,20250120,202501,,7002,-7002,85475776,AGC,-961,85475776,85475776,DB,5601BULK,SOUTHERN GLAZERS OF MN,,3350 4TH AVENUE EAST,,,SHAKOPEE,MN,55379,840,,SOUTHERN GLAZERS OF MN,3350 4TH AVENUE EAST,,,SHAKOPEE,MN,55379,,840,5601-BULK,0,,,LTL,,,20,Fully Assigned To An Outbound Shipment,20250113,20250113,20250120,113806,250113P0000,N,0,0,0,2,90,Invoiced,,2,Pickticket Completely Invoiced.,,N,N,,0,2474125.8,2474125.8,0.,0,31,119280650.,0.,0.,0,1068.,,TL,53,F,5,03,ACTIVITY 3,,N N,,,,19,20250113023,9,All from Reserve,12772823,12985326,961,MISCMIN,MISCMIN,DAY,,,,,,,F,***,,***,,22.,2.,2.,0.,0.,2.,2.,1.,1.,1.,CT1,XDK,4089346,7920.,90,Invoiced Complete,85475776,,20250113,105540,20250120,113806,AGUERRERO,2025-01-14 02:20:53,0,2025-04-25 01:21:23,INFAJOB,WMIPHPICK_15_AGC_4265675_20250113190036.txt,WMI,95844aa870f6f2e144999134e5986d74
189974129,20250120,202501,,7002,-7002,85601595,AGC,-961,85601595,85601595,DB,83011000,SOUTHERN GLAZERS OF IA WA 0000085,,4377 112TH STREET,,,URBANDALE,IA,503222073,840,,SOUTHERN GLAZERS OF IA WA 0000085,4377 112TH STREET,,,URBANDALE,IA,503222073,,840,8301-1000,0,,,LTL,,,20,Fully Assigned To An Outbound Shipment,20250117,20250117,20250120,133524,250117P0000,N,0,0,0,2,90,Invoiced,,2,Pickticket Completely Invoiced.,,N,N,,0,1934356.8,0.,0.,0,24,93593606.4,0.,0.,0,835.,,TL,53,F,5,03,ACTIVITY 3,,N N,,,,1,20250117014,9,All from Reserve,9594909,12906807,961,MISCIAU,MISCIAU,DAY,,,,,,,F,***,,***,,22.,6.,6.,0.,0.,6.,6.,1.,1.,1.,CT1,XDK,4096481,7920.,90,Invoiced Complete,85601595,,20250117,162712,20250120,133524,AGUERRERO,2025-01-18 03:06:37,0,2025-04-25 01:21:23,INFAJOB,WMIPHPICK_15_AGC_4278548_20250117190036.txt,WMI,17519360b7fe55de74822f63f809294c
169830799,20250122,202501,,7002,-7002,85615247,AGC,-961,85615247,85615247,DB,1401BULK,SOUTHERN GLAZER'S OF FL,,4440 OLD TAMPA HIGHWAY,,,LAKELAND,FL,33811,840,,SOUTHERN GLAZER'S OF FL,4440 OLD TAMPA HIGHWAY,,,LAKELAND,FL,33811,,840,1401-BULK,0,,,LTL,,,20,Fully Assigned To An Outbound Shipment,20250120,20250120,20250122,181758,250120P0000,N,0,0,0,2,90,Invoiced,,2,Pickticket Completely Invoiced.,,N,N,,0,192267.6,32432.4,0.,0,19,9269944.8,0.,0.,0,83.,,TL,53,F,5,03,ACTIVITY 3,,N N,,,,3,20250120022,9,All from Reserve,161017,13060051,961,MISCLAK,MISCLAK,DAY,,,,,,,F,***,,***,,22.,1.,1.,0.,0.,1.,1.,1.,1.,1.,CT1,XDK,4091843,7920.,90,Invoiced Complete,85615247,,20250120,112040,20250122,181758,AGUERRERO,2025-01-21 03:02:49,0,2025-04-25 01:21:23,INFAJOB,WMIPHPICK_15_AGC_4285884_20250120190036.txt,WMI,e2e4b45b40ed04c3634591ec0ea4aa09
171801382,20250124,202501,,7002,-7002,85667169,AGC,-961,85667169,85667169,DB,2501BULK,SOUTHERN GLAZER'S OF IN,,3901 HANNA CIRCLE,,,INDIANAPOLIS,IN,46241,840,,SOUTHERN GLAZER'S OF IN,3901 HANNA CIRCLE,,,INDIANAPOLIS,IN,46241,,840,2501-BULK,0,,,LTL,,,20,Fully Assigned To An Outbound Shipment,20250121,20250121,20250124,114931,250121P0000,N,0,0,0,2,90,Invoiced,,2,Pickticket Completely Invoiced.,,N,N,,0,64848.,64848.,0.,0,28,3128025.6,0.,0.,0,28.,,TL,53,F,5,03,ACTIVITY 3,,N N,,,,9,20250121032,9,All from Reserve,2237158,12946561,961,MISCINA,MISCINA,DAY,,,,,,,F,***,,***,,22.,3.,3.,0.,0.,3.,3.,1.,1.,1.,CT1,XDK,4094253,7920.,90,Invoiced Complete,85667169,,20250121,155946,20250124,114931,AGUERRERO,2025-01-22 03:10:44,0,2025-04-25 01:21:23,INFAJOB,WMIPHPICK_15_AGC_4289096_20250121190036.txt,WMI,f1395ac5580944115183a1cb6f3cbeb9
174439472,20250128,202501,,7002,-7002,85211659,AGC,-961,85211659,85211659,DB,6601KAPO,SOUTHERN GLAZER'S OF HI-KAPO,,91 210 HANUA STREET,,,KAPOLEI,HI,96707,840,,SOUTHERN GLAZER'S OF HI-KAPO,91 210 HANUA STREET,,,KAPOLEI,HI,96707,,840,6601-KAPO,0,,,LTL,,,20,Fully Assigned To An Outbound Shipment,20250103,20250108,20250128,191626,250108P0000,N,0,0,0,2,90,Invoiced,,2,Pickticket Completely Invoiced.,,N,N,,0,2610807.,2610807.,0.,0,23,125870122.8,0.,0.,0,1127.,,TL,53,F,5,03,ACTIVITY 3,,N N,,,,4,20250108003,9,All from Reserve,2402272,13113973,961,MISCHIC,MISCHIC,DAY,,,,,,,F,***,,***,,22.,47.,47.,0.,0.,47.,47.,1.,1.,1.,CT1,XDK,4062867,7920.,90,Invoiced Complete,85211659,,20250103,165516,20250128,191626,VRINCON,2024-12-31 02:20:28,0,2025-04-25 01:21:23,INFAJOB,WMIPHPICK_15_AGC_4224538_20241230190037.txt,WMI,845354d7d9193ef5da869977399007cb
171015005,20250130,202501,,7002,-7002,85823921,AGC,-961,85823921,85823921,DB,7201LASV,SOUTHERN GLAZER'S OF NV - LAS VEGAS,,8400 SOUTH JONES BLVD,,,LAS VEGAS,NV,89139,840,,SOUTHERN GLAZER'S OF NV - LAS VEGAS,8400 SOUTH JONES BLVD,,,LAS VEGAS,NV,89139,,840,7201-LASV,0,,,LTL,,,20,Fully Assigned To An Outbound Shipment,20250128,20250129,20250130,180114,250129P0000,N,0,0,0,2,90,Invoiced,,2,Pickticket Completely Invoiced.,,N,N,,0,3013886.4,3013886.4,0.,0,41,145804359.6,0.,0.,0,1304.,,TL,53,F,5,03,ACTIVITY 3,,N N,,,,5,20250129002,9,All from Reserve,428533,12991968,961,MISCNVL,MISCNVL,DAY,,,,,,,F,***,,***,,22.,1.,1.,0.,0.,1.,1.,1.,1.,1.,CT1,XDK,4097027,7920.,90,Invoiced Complete,85823921,,20250128,172249,20250130,180114,AGUERRERO,2025-01-29 04:10:48,0,2025-04-25 01:21:23,INFAJOB,WMIPHPICK_15_AGC_4309433_20250128190039.txt,WMI,ea02a36a8d1d306975c748cc01eea7bc
157541954,20250204,202502,,7002,-7002,85694116,AGC,-961,85694116,85694116,DB,6601KAPO,SOUTHERN GLAZER'S OF HI-KAPO,,91 210 HANUA STREET,,,KAPOLEI,HI,96707,840,,SOUTHERN GLAZER'S OF HI-KAPO,91 210 HANUA STREET,,,KAPOLEI,HI,96707,,840,6601-KAPO,0,,,LTL,,,20,Fully Assigned To An Outbound Shipment,20250122,20250130,20250204,160426,250130P0000,N,0,0,0,2,90,Invoiced,,2,Pickticket Completely Invoiced.,,N,N,,0,180673.2,13896.,0.,0,37,8711522.4,0.,0.,0,79.,,TL,53,F,5,03,ACTIVITY 3,,N N,,,,9,20250130029,9,All from Reserve,2402272,13113973,961,MISCHIC,MISCHIC,DAY,,,,,,,F,***,,***,,22.,3.,3.,0.,0.,3.,3.,1.,1.,1.,CT1,XDK,4094467,7920.,90,Invoiced Complete,85694116,,20250122,173539,20250204,160426,AGUERRERO,2025-01-23 02:57:54,0,2025-04-25 01:21:23,INFAJOB,WMIPHPICK_15_AGC_4292279_20250122190038.txt,WMI,8723b243cdc3b7dfeabeb3c80faf8336
192866660,20250204,202502,,7002,-7002,85823849,AGC,-961,85823849,85823849,DB,6601KAPO,SOUTHERN GLAZER'S OF HI-KAPO,,91 210 HANUA STREET,,,KAPOLEI,HI,96707,840,,SOUTHERN GLAZER'S OF HI-KAPO,91 210 HANUA STREET,,,KAPOLEI,HI,96707,,840,6601-KAPO,0,,,LTL,,,20,Fully Assigned To An Outbound Shipment,20250131,20250131,20250204,175638,250131P0000,N,0,0,0,2,90,Invoiced,,2,Pickticket Completely Invoiced.,,N,N,,0,2703471.,236293.2,0.,0,20,130445727.6,0.,0.,0,1167.,,TL,53,F,5,03,ACTIVITY 3,,N N,,,,8,20250131037,9,All from Reserve,2402272,13113973,961,MISCHIC,MISCHIC,DAY,,,,,,,F,***,,***,,22.,1.,1.,0.,0.,1.,1.,1.,1.,1.,CT1,XDK,4093692,7920.,90,Invoiced Complete,85823849,,20250131,160313,20250204,175638,AGUERRERO,2025-01-29 04:10:48,0,2025-04-25 01:21:23,INFAJOB,WMIPHPICK_15_AGC_4309433_20250128190039.txt,WMI,1e1e57ea072392983db47b9572488446
195503354,20250206,202502,,7002,-7002,85990844,AGC,-961,85990844,85990844,DB,7201LASV,SOUTHERN GLAZER'S OF NV - LAS VEGAS,,8400 SOUTH JONES BLVD,,,LAS VEGAS,NV,89139,840,,SOUTHERN GLAZER'S OF NV - LAS VEGAS,8400 SOUTH JONES BLVD,,,LAS VEGAS,NV,89139,,840,7201-LASV,0,,,LTL,,,20,Fully Assigned To An Outbound Shipment,20250205,20250205,20250206,174029,250205P0000,N,0,0,0,2,90,Invoiced,,2,Pickticket Completely Invoiced.,,N,N,,0,2205399.6,2205399.6,0.,0,23,106426781.2,0.,0.,0,952.,,TL,53,F,5,03,ACTIVITY 3,,N N,,,,6,20250205020,9,All from Reserve,428533,12991968,961,MISCNVL,MISCNVL,DAY,,,,,,,F,***,,***,,22.,1.,1.,0.,0.,1.,1.,1.,1.,1.,CT1,XDK,4101206,7920.,90,Invoiced Complete,85990844,,20250205,110919,20250206,174029,AGUERRERO,2025-02-05 02:25:34,0,2025-04-25 01:21:23,INFAJOB,WMIPHPICK_15_AGC_4329087_20250204190038.txt,WMI,b50d81656eddccae750b177c2635de34
209339564,20250207,202502,,7002,-7002,85694066,AGC,-961,85694066,85694066,DB,2201LOUI,SOUTHERN GLAZER'S OF KY,,2801 CONSTANT COMMENT PLACE,,,LOUISVILLE,KY,40299,840,,SOUTHERN GLAZER'S OF KY,2801 CONSTANT COMMENT PLACE,,,LOUISVILLE,KY,40299,,840,2201-LOUI,0,,,LTL,,,20,Fully Assigned To An Outbound Shipment,20250122,20250205,20250207,143554,250205P0000,N,0,0,0,2,90,Invoiced,,2,Pickticket Completely Invoiced.,,N,N,,0,50952.,0.,0.,0,22,2457100.8,0.,0.,0,22.,,TL,53,F,5,03,ACTIVITY 3,,N N,,,,1,20250205043,9,All from Reserve,2213802,12990002,961,MISCLOU,MISCLOU,DAY,,,,,,,F,***,,***,,22.,13.,13.,0.,0.,13.,13.,1.,1.,1.,CT1,XDK,4081479,7920.,90,Invoiced Complete,85694066,,20250122,102646,20250207,143554,AGUERRERO,2025-01-23 02:57:54,0,2025-04-25 01:21:23,INFAJOB,WMIPHPICK_15_AGC_4292279_20250122190038.txt,WMI,6a83a0847cb4c4ab253a722cd8fc9e34
166565026,20250210,202502,,7002,-7002,85959780,AGC,-961,85959780,85959780,DB,6601KAWA,SOUTHERN GLAZERS OF HI - KAWA,,61 3785 MALUOKALANI PL 12,,,KAWAIHAE,HI,96743,840,,SOUTHERN GLAZERS OF HI - KAWA,61 3785 MALUOKALANI PL 12,,,KAWAIHAE,HI,96743,,840,6601-KAWA,0,,,LTL,,,20,Fully Assigned To An Outbound Shipment,20250203,20250206,20250210,153556,250206P0000,N,0,0,0,2,90,Invoiced,,2,Pickticket Completely Invoiced.,,N,N,,0,2437060.8,0.,0.,0,21,117493673.6,0.,0.,0,1052.,,TL,53,F,5,03,ACTIVITY 3,,N N,,,,1,20250206004,9,All from Reserve,6491230,12907000,961,MISCHIB,MISCHIB,DAY,,,,,,,F,***,,***,,22.,585.,585.,0.,0.,585.,585.,1.,1.,1.,CT1,XDK,4086935,7920.,90,Invoiced Complete,85959780,,20250203,190137,20250210,153556,AGUERRERO,2025-02-04 02:17:14,0,2025-04-25 01:21:23,INFAJOB,WMIPHPICK_15_AGC_4325965_20250203190038.txt,WMI,dee536f01d708db0b6150a85082db0a6
207512374,20250217,202502,,7002,-7002,86133358,AGC,-961,86133358,86133358,DB,5601BULK,SOUTHERN GLAZERS OF MN,,3350 4TH AVENUE EAST,,,SHAKOPEE,MN,55379,840,,SOUTHERN GLAZERS OF MN,3350 4TH AVENUE EAST,,,SHAKOPEE,MN,55379,,840,5601-BULK,0,,,LTL,,,20,Fully Assigned To An Outbound Shipment,20250210,20250213,20250217,105840,250213P0000,N,0,0,0,2,90,Invoiced,,2,Pickticket Completely Invoiced.,,N,N,,0,1894975.8,222393.6,0.,0,37,91359150.,0.,0.,0,818.,,TL,53,F,5,03,ACTIVITY 3,,N N,,,,17,20250213019,9,All from Reserve,12772823,12985326,961,MISCMIN,MISCMIN,DAY,,,,,,,F,***,,***,,22.,9.,9.,0.,0.,9.,9.,1.,1.,1.,CT1,XDK,4112418,7920.,90,Invoiced Complete,86133358,,20250210,170900,20250217,105840,AGUERRERO,2025-02-11 02:17:45,0,2025-04-25 01:21:23,INFAJOB,WMIPHPICK_15_AGC_4345005_20250210190039.txt,WMI,57cbcab5b489b7399584eaeb24ac57ed
197257137,20250219,202502,,7002,-7002,86160906,AGC,-961,86160906,86160906,DB,8001BULK,SOUTHERN GLAZER'S OF WA,,1025 VALLEY AVE NW,,,PUYALLUP,WA,98371,840,,SOUTHERN GLAZER'S OF WA,1025 VALLEY AVE NW,,,PUYALLUP,WA,98371,,840,8001-BULK,0,,,LTL,,,20,Fully Assigned To An Outbound Shipment,20250211,20250217,20250219,165651,250217P0000,N,0,0,0,2,90,Invoiced,,2,Pickticket Completely Invoiced.,,N,N,,0,2328183.,101930.4,0.,0,23,112244430.,0.,0.,0,1005.,,TL,53,F,5,03,ACTIVITY 3,,N N,,,,6,20250217027,9,All from Reserve,2184675,13035126,961,MISCWAP,MISCWAP,DAY,,,,,,,F,***,,***,,22.,20.,20.,0.,0.,20.,20.,1.,1.,1.,CT1,XDK,4115007,7920.,90,Invoiced Complete,86160906,,20250211,145441,20250219,165651,MCERTEZA,2025-02-12 02:22:03,0,2025-04-25 01:21:23,INFAJOB,WMIPHPICK_15_AGC_4348131_20250211190037.txt,WMI,ee26789d387b34fc97b48e426b4c56c8
226090534,20250219,202502,,7002,-7002,86171036,AGC,-961,86171036,86171036,DB,6601LIHU,SOUTHERN GLAZERS OF HI -LIHU,,1556 HALEUKANA ST,,,"LIHUE, KAUAI",HI,96766,840,,SOUTHERN GLAZERS OF HI -LIHU,1556 HALEUKANA ST,,,"LIHUE, KAUAI",HI,96766,,840,6601-LIHU,0,,,LTL,,,20,Fully Assigned To An Outbound Shipment,20250211,20250212,20250219,103057,250212P0000,N,0,0,0,2,90,Invoiced,,2,Pickticket Completely Invoiced.,,N,N,,0,783010.8,783010.8,0.,0,14,37749868.,0.,0.,0,338.,,TL,53,F,5,03,ACTIVITY 3,,N N,,,,9,20250212031,9,All from Reserve,604212,12978507,961,MISCHIK,MISCHIK,DAY,,,,,,,F,***,,***,,22.,5.,5.,0.,0.,5.,5.,1.,1.,1.,CT1,XDK,4115437,7920.,90,Invoiced Complete,86171036,,20250211,184854,20250219,103057,MCERTEZA,2025-02-12 02:22:03,0,2025-04-25 01:21:23,INFAJOB,WMIPHPICK_15_AGC_4348131_20250211190037.txt,WMI,6052ecdd89e3cf24bd2b8e3a0d005e91
164187971,20250220,202502,,7002,-7002,86287318,AGC,-961,86287318,86287318,DB,83011000,SOUTHERN GLAZERS OF IA WA 0000085,,4377 112TH STREET,,,URBANDALE,IA,503222073,840,,SOUTHERN GLAZERS OF IA WA 0000085,4377 112TH STREET,,,URBANDALE,IA,503222073,,840,8301-1000,0,,,LTL,,,20,Fully Assigned To An Outbound Shipment,20250217,20250218,20250220,164458,250218P0000,N,0,0,0,2,90,Invoiced,,2,Pickticket Completely Invoiced.,,N,N,,0,1693430.4,1693430.4,0.,0,24,81642468.8,0.,0.,0,731.,,TL,53,F,5,03,ACTIVITY 3,,N N,,,,4,20250218039,9,All from Reserve,9594909,12906807,961,MISCIAU,MISCIAU,DAY,,,,,,,F,***,,***,,22.,137.,137.,0.,0.,137.,137.,1.,1.,1.,CT1,XDK,4115193,7920.,90,Invoiced Complete,86287318,,20250217,171400,20250220,164458,MCERTEZA,2025-02-18 02:18:15,0,2025-04-25 01:21:23,INFAJOB,WMIPHPICK_15_AGC_4364908_20250217190039.txt,WMI,bdbad6bdd2c1ebe7c4fdf658966ff3fa
219626380,20250224,202502,,7002,-7002,86221456,AGC,-961,86221456,86221456,DB,92011000,SOUTHERN GLAZERS OF LA - ST. ROSE 7,,111 RIVERBEND DR,,,SAINT ROSE,LA,700873318,840,,SOUTHERN GLAZERS OF LA - ST. ROSE 7,111 RIVERBEND DR,,,SAINT ROSE,LA,700873318,,840,9201-1000,0,,,LTL,,,20,Fully Assigned To An Outbound Shipment,20250214,20250218,20250224,104457,250218P0000,N,0,0,0,2,90,Invoiced,,2,Pickticket Completely Invoiced.,,N,N,,0,2152116.,2152116.,0.,0,36,103756297.6,0.,0.,0,931.,,TL,53,F,5,03,ACTIVITY 3,,N N,,,,29,20250218048,9,All from Reserve,604532,12852462,961,MISCLAS,MISCLAS,DAY,,,,,,,F,***,,***,,22.,35.,35.,0.,0.,35.,35.,1.,1.,1.,CT1,XDK,4119866,7920.,90,Invoiced Complete,86221456,,20250214,111528,20250224,104457,MCERTEZA,2025-02-14 02:19:46,0,2025-04-25 01:21:23,INFAJOB,WMIPHPICK_15_AGC_4354457_20250213190040.txt,WMI,02401ce88ded96bd77572a99025c8e90
218791450,20250226,202502,,7002,-7002,86287338,AGC,-961,86287338,86287338,DB,4501LIND,SOUTHERN GLAZER'S OF NY - LINDEN,,801 W LINDEN AVENUE,,,LINDEN,NJ,07036,840,,SOUTHERN GLAZER'S OF NY - LINDEN,801 W LINDEN AVENUE,,,LINDEN,NJ,07036,,840,4501-LIND,0,,,LTL,,,20,Fully Assigned To An Outbound Shipment,20250217,20250222,20250226,171237,250222P0000,N,0,0,0,2,90,Invoiced,,2,Pickticket Completely Invoiced.,,N,N,,0,233966.4,2316.,0.,0,19,11280292.8,0.,0.,0,129.,,TL,53,F,5,03,ACTIVITY 3,,N N,,,,4,20250222004,9,All from Reserve,161337,12880991,961,MISCNJR,MISCNJR,DAY,,,,,,,F,***,,***,,22.,17.,17.,0.,0.,17.,17.,1.,1.,1.,CT1,XDK,4117990,7920.,90,Invoiced Complete,86287338,,20250217,170700,20250226,171237,MCERTEZA,2025-02-18 02:18:15,0,2025-04-25 01:21:23,INFAJOB,WMIPHPICK_15_AGC_4364908_20250217190039.txt,WMI,4fef98a073721f9bfdd1bb9f4cd27d47
167185928,20250227,202502,,7002,-7002,86471147,AGC,-961,86471147,86471147,DB,94011000,SOUTHERN GLAZERS OF KS - EDWARDSVI,,1100 BLAKE STREET,,,EDWARDSVILLE,KS,66111,840,,SOUTHERN GLAZERS OF KS - EDWARDSVI,1100 BLAKE STREET,,,EDWARDSVILLE,KS,66111,,840,9401-1000,0,,,LTL,,,20,Fully Assigned To An Outbound Shipment,20250224,20250225,20250227,193927,250225P0000,N,0,0,0,2,90,Invoiced,,2,Pickticket Completely Invoiced.,,N,N,,0,847864.2,847864.2,0.,0,30,40877083.6,0.,0.,0,366.,,TL,53,F,5,03,ACTIVITY 3,,N N,,,,1,20250225005,9,All from Reserve,1865328,12938428,961,MISCKSE,MISCKSE,DAY,,,,,,,F,***,,***,,22.,5.,5.,0.,0.,5.,5.,1.,1.,1.,CT1,XDK,4052260,7920.,90,Invoiced Complete,86471147,,20250224,174106,20250227,193927,AGUERRERO,2025-02-25 02:23:01,0,2025-04-25 01:21:23,INFAJOB,WMIPHPICK_15_AGC_4384537_20250224190043.txt,WMI,653582bbf2d108241c2a8cf9a6af5cf5
227454751,20250305,202503,,7002,-7002,86606327,AGC,-961,86606327,86606327,DB,3501BOLI,SOUTHERN GLAZER'S OF IL,,300 EAST CROSSROADS PARKWAY,,,BOLINGBROOK,IL,60440,840,,SOUTHERN GLAZER'S OF IL,300 EAST CROSSROADS PARKWAY,,,BOLINGBROOK,IL,60440,,840,3501-BOLI,0,,,LTL,,,20,Fully Assigned To An Outbound Shipment,20250228,20250304,20250305,172201,250304P0000,N,0,0,0,2,90,Invoiced,,2,Pickticket Completely Invoiced.,,N,N,,0,2536674.6,2316.,0.,0,26,122296171.6,0.,0.,0,1095.,,TL,53,F,5,03,ACTIVITY 3,,N N,,,,1,20250304002,9,All from Reserve,2401952,12888203,961,MISCBOL,MISCBOL,DAY,,,,,,,F,***,,***,,22.,84.,84.,0.,0.,84.,84.,1.,1.,1.,CT1,XDK,4119177,7920.,90,Invoiced Complete,86606327,,20250228,164924,20250305,172201,AGUERRERO,2025-03-01 02:20:35,0,2025-04-25 01:21:23,INFAJOB,WMIPHPICK_15_AGC_4397220_20250228190038.txt,WMI,9d6bb431bdd61960dcf2fdf1a155bdc8
182782729,20250308,202503,,7002,-7002,86671755,AGC,-961,86671755,86671755,DB,87011000,SOUTHERN GLAZER'S OF TX W -10722102,,15245 HERITAGE PARKWAY,,,FORT WORTH,TX,76177,840,,SOUTHERN GLAZER'S OF TX W -10722102,15245 HERITAGE PARKWAY,,,FORT WORTH,TX,76177,,840,8701-1000,0,,,LTL,,,20,Fully Assigned To An Outbound Shipment,20250305,20250306,20250308,140502,250306P0000,N,0,0,0,2,90,Invoiced,,2,Pickticket Completely Invoiced.,,N,N,,0,3889565.4,555982.8,0.,0,29,187922377.2,0.,0.,0,1679.,,TL,53,F,5,03,ACTIVITY 3,,N N,,,,3,20250306026,9,All from Reserve,2179873,13026456,961,MISCTXD,MISCTXD,DAY,,,,,,,F,***,,***,,22.,1.,1.,0.,0.,1.,1.,1.,1.,1.,CT1,XDK,4121664,7920.,90,Invoiced Complete,86671755,,20250305,152807,20250308,140502,MCERTEZA,2025-03-05 02:21:05,0,2025-04-25 01:21:23,INFAJOB,WMIPHPICK_15_AGC_4408185_20250304190039.txt,WMI,24dd5ac412f746eeb95e4a09b0ffe34d
203731745,20250311,202503,,7002,-7002,86635300,AGC,-961,86635300,86635300,DB,7801DENV,SOUTHERN GLAZER'S OF CO,,22800 EAST 19TH AVENUE,,,AURORA,CO,80019,840,,SOUTHERN GLAZER'S OF CO,22800 EAST 19TH AVENUE,,,AURORA,CO,80019,,840,7801-DENV,0,,,LTL,,,20,Fully Assigned To An Outbound Shipment,20250303,20250308,20250311,140553,250308P0000,N,0,0,0,2,90,Invoiced,,2,Pickticket Completely Invoiced.,,N,N,,0,2617756.2,2617756.2,0.,0,22,126205181.2,0.,0.,0,1130.,,TL,53,F,5,03,ACTIVITY 3,,N N,,,,4,20250308006,9,All from Reserve,603892,13173221,961,MISCCOA,MISCCOA,DAY,,,,,,,F,***,,***,,22.,1.,1.,0.,0.,1.,1.,1.,1.,1.,CT1,XDK,4131348,7920.,90,Invoiced Complete,86635300,,20250303,151126,20250311,140553,MCERTEZA,2025-03-04 02:18:31,0,2025-04-25 01:21:23,INFAJOB,WMIPHPICK_15_AGC_4405035_20250303190044.txt,WMI,bdafe8f9010cfbb9a9a1c90a63e38a08
170537033,20250317,202503,,7002,-7002,86405211,AGC,-961,86405211,86405211,DB,5301BULK,SOUTHERN GLAZER'S OF DC,,SUITE C 7001 QUAD AVENUE,,,ROSEDALE,MD,21237,840,,SOUTHERN GLAZER'S OF DC,SUITE C 7001 QUAD AVENUE,,,ROSEDALE,MD,21237,,840,5301-BULK,0,,,LTL,,,20,Fully Assigned To An Outbound Shipment,20250224,20250312,20250317,115705,250312P0000,N,0,0,0,2,90,Invoiced,,2,Pickticket Completely Invoiced.,,N,N,,0,377592.,18532.8,0.,0,27,18204827.2,0.,0.,0,163.,,TL,53,F,5,03,ACTIVITY 3,,N N,,,,8,20250312010,9,All from Reserve,2111406,12918618,961,MISCMRD,MISCMRD,DAY,,,,,,,F,***,,***,,22.,1.,1.,0.,0.,1.,1.,1.,1.,1.,CT1,XDK,4120632,7920.,90,Invoiced Complete,86405211,,20250224,84636,20250317,115705,MCERTEZA,2025-02-22 02:21:59,0,2025-04-25 01:21:23,INFAJOB,WMIPHPICK_15_AGC_4377468_20250221190046.txt,WMI,792d801f48dc5af1348a89cf783da609
238937590,20250317,202503,,7002,-7002,86736952,AGC,-961,86736952,86736952,DB,1401BULK,SOUTHERN GLAZER'S OF FL,,4440 OLD TAMPA HIGHWAY,,,LAKELAND,FL,33811,840,,SOUTHERN GLAZER'S OF FL,4440 OLD TAMPA HIGHWAY,,,LAKELAND,FL,33811,,840,1401-BULK,0,,,LTL,,,20,Fully Assigned To An Outbound Shipment,20250307,20250313,20250317,105453,250313P0000,N,0,0,0,2,90,Invoiced,,2,Pickticket Completely Invoiced.,,N,N,,0,2691888.6,2691888.6,0.,0,25,129779132.4,0.,0.,0,1162.,,TL,53,F,5,03,ACTIVITY 3,,N N,,,,1,20250313003,9,All from Reserve,161017,13060051,961,MISCLAK,MISCLAK,DAY,,,,,,,F,***,,***,,22.,781.,781.,0.,0.,781.,781.,1.,1.,1.,CT1,XDK,4127164,7920.,90,Invoiced Complete,86736952,,20250307,140013,20250317,105453,MCERTEZA,2025-03-07 02:28:32,0,2025-04-25 01:21:23,INFAJOB,WMIPHPICK_15_AGC_4414603_20250306190038.txt,WMI,ae16137e18381362b6712fa84f34d2e4
192252029,20250320,202503,,7002,-7002,86843043,AGC,-961,86843043,86843043,DB,5601BULK,SOUTHERN GLAZER'S OF SD,,3350 4TH AVENUE EAST,,,SHAKOPEE,MN,55379,840,,SOUTHERN GLAZER'S OF SD,3350 4TH AVENUE EAST,,,SHAKOPEE,MN,55379,,840,5601-BULK,0,,,LTL,,,20,Fully Assigned To An Outbound Shipment,20250312,20250317,20250320,114402,250317P0000,N,0,0,0,2,90,Invoiced,,2,Pickticket Completely Invoiced.,,N,N,,0,2295747.6,127413.,0.,0,31,110680828.,0.,0.,0,1008.,,TL,53,F,5,03,ACTIVITY 3,,N N,,,,25,20250317009,9,All from Reserve,12772823,12985326,961,MISCMIN,MISCMIN,DAY,,,,,,,F,***,,***,,22.,1.,1.,0.,0.,1.,1.,1.,1.,1.,CT1,XDK,4139050,7920.,90,Invoiced Complete,86843043,,20250312,92112,20250320,114402,MCERTEZA,2025-03-12 01:21:26,0,2025-04-25 01:21:23,INFAJOB,WMIPHPICK_15_AGC_4428056_20250311190038.txt,WMI,65a4ca0da7961103faa1e15236e5e764
241912485,20250325,202503,,7002,-7002,86877501,AGC,-961,86877501,86877501,DB,93011000,SOUTHERN GLAZERS OF AR 06379,,11101 SMITTY LANE,,,NORTH LITTLE ROCK,AR,721175390,840,,SOUTHERN GLAZERS OF AR 06379,11101 SMITTY LANE,,,NORTH LITTLE ROCK,AR,721175390,,840,9301-1000,0,,,LTL,,,20,Fully Assigned To An Outbound Shipment,20250313,20250317,20250325,180942,250317P0000,N,0,0,0,2,90,Invoiced,,2,Pickticket Completely Invoiced.,,N,N,,0,2701153.8,243242.4,0.,0,36,130225877.2,0.,0.,0,1166.,,TL,53,F,5,03,ACTIVITY 3,,N N,,,,19,20250317008,9,All from Reserve,9594589,13052294,961,MISCARL,MISCARL,DAY,,,,,,,F,***,,***,,22.,89.,89.,0.,0.,89.,89.,1.,1.,1.,CT1,XDK,4118449,7920.,90,Invoiced Complete,86877501,,20250313,163730,20250325,180942,MCERTEZA,2025-03-13 01:28:13,0,2025-04-25 01:21:23,INFAJOB,WMIPHPICK_15_AGC_4431271_20250312190038.txt,WMI,b5c98988175c0ba30067fe2ca5710cf2
174046904,20250331,202503,,7002,-7002,87226886,AGC,-961,87226886,87226886,DB,87011000,DKEKFCA - FAIRFIELD-TX W -107221028,,15245 HERITAGE PARKWAY,,,FORT WORTH,TX,76177,840,,DKEKFCA - FAIRFIELD-TX W -107221028,15245 HERITAGE PARKWAY,,,FORT WORTH,TX,76177,,840,8701-1000,0,,,LTL,,,20,Fully Assigned To An Outbound Shipment,20250327,20250327,20250331,141308,250327P0000,N,0,0,0,2,90,Invoiced,,2,Pickticket Completely Invoiced.,,N,N,,0,2353665.6,122779.8,0.,0,19,113652578.,0.,0.,0,1016.,,TL,53,F,5,03,ACTIVITY 3,,N N,,,,1,20250327034,9,All from Reserve,2179873,13026456,961,MISCTXD,MISCTXD,DAY,,,,,,,F,***,,***,,22.,280.,280.,0.,0.,280.,280.,1.,1.,1.,CT1,XDK,4083854,7920.,90,Invoiced Complete,87226886,,20250327,115710,20250331,141308,MCERTEZA,2025-03-27 01:28:33,0,2025-04-25 01:21:23,INFAJOB,WMIPHPICK_15_AGC_4471419_20250326190039.txt,WMI,ee3c1d180469e35002805c9d3c562ffb
170593458,20250403,202504,,7002,-7002,87316321,AGC,-961,87316321,87316321,DB,6601KAWA,PHHDFCA - FAIRFIELD-A RDC FAIRFIELD,,61 3785 MALUOKALANI PL 12,,,KAWAIHAE,HI,96743,840,,PHHDFCA - FAIRFIELD-A RDC FAIRFIELD,61 3785 MALUOKALANI PL 12,,,KAWAIHAE,HI,96743,,840,6601-KAWA,0,,,LTL,,,20,Fully Assigned To An Outbound Shipment,20250401,20250401,20250403,175026,250401P0000,N,0,0,0,2,90,Invoiced,,2,Pickticket Completely Invoiced.,,N,N,,0,912740.4,912740.4,0.,0,9,44004284.,0.,0.,0,398.,,TL,53,F,5,03,ACTIVITY 3,,N N,,,,5,20250401029,9,All from Reserve,6491230,12907000,961,MISCHIB,MISCHIB,DAY,,,,,,,F,***,,***,,22.,18.,18.,0.,0.,18.,18.,1.,1.,1.,CT1,XDK,4152909,7920.,90,Invoiced Complete,87316321,,20250401,100524,20250403,175026,MCERTEZA,2025-04-01 01:20:31,0,2025-04-25 01:21:23,INFAJOB,WMIPHPICK_15_AGC_4485040_20250331190039.txt,WMI,cdb0a8267fd9f329a7c65d1337abc47b
226359842,20250404,202504,,7002,-7002,87316340,AGC,-961,87316340,87316340,DB,83011000,HJIRFCA - FAIRFIELD-A WA 0000085-,,4377 112TH STREET,,,URBANDALE,IA,503222073,840,,HJIRFCA - FAIRFIELD-A WA 0000085-,4377 112TH STREET,,,URBANDALE,IA,503222073,,840,8301-1000,0,,,LTL,,,20,Fully Assigned To An Outbound Shipment,20250401,20250402,20250404,181419,250402P0000,N,0,0,0,2,90,Invoiced,,2,Pickticket Completely Invoiced.,,N,N,,0,2675673.,2675673.,0.,0,28,128997330.,0.,0.,0,1160.,,TL,53,F,5,03,ACTIVITY 3,,N N,,,,8,20250402007,9,All from Reserve,9594909,12906807,961,MISCIAU,MISCIAU,DAY,,,,,,,F,***,,***,,22.,16.,16.,0.,0.,16.,16.,1.,1.,1.,CT1,XDK,4152402,7920.,90,Invoiced Complete,87316340,,20250401,112928,20250404,181419,MCERTEZA,2025-04-01 01:20:31,0,2025-04-25 01:21:23,INFAJOB,WMIPHPICK_15_AGC_4485040_20250331190039.txt,WMI,78935698ae39e735076070d7d77fef5a
211752447,20250408,202504,,7002,-7002,87385528,AGC,-961,87385528,87385528,DB,8001BULK,TQYLFCA - FAIRFIELD-WA-,,1025 VALLEY AVE NW,,,PUYALLUP,WA,98371,840,,TQYLFCA - FAIRFIELD-WA-,1025 VALLEY AVE NW,,,PUYALLUP,WA,98371,,840,8001-BULK,0,,,LTL,,,20,Fully Assigned To An Outbound Shipment,20250403,20250403,20250408,131437,250403P0000,N,0,0,0,2,90,Invoiced,,2,Pickticket Completely Invoiced.,,N,N,,0,2390729.4,2390729.4,0.,0,28,115415741.6,0.,0.,0,1192.,,TL,53,F,5,03,ACTIVITY 3,,N N,,,,7,20250403031,9,All from Reserve,2184675,13035126,961,MISCWAP,MISCWAP,DAY,,,,,,,F,***,,***,,22.,85.,85.,0.,0.,85.,85.,1.,1.,1.,CT1,XDK,4150101,7920.,90,Invoiced Complete,87385528,,20250403,93129,20250408,131437,MCERTEZA,2025-04-03 01:21:26,0,2025-04-25 01:21:23,INFAJOB,WMIPHPICK_15_AGC_4491856_20250402190039.txt,WMI,363181ec6a164d3118a6f39b1ddaf3f1
183836579,20250409,202504,,7002,-7002,87226753,AGC,-961,87226753,87226753,DB,5301BULK,PRIUFCA - FAIRFIELD-DC-,,SUITE C 7001 QUAD AVENUE,,,ROSEDALE,MD,21237,840,,PRIUFCA - FAIRFIELD-DC-,SUITE C 7001 QUAD AVENUE,,,ROSEDALE,MD,21237,,840,5301-BULK,0,,,LTL,,,20,Fully Assigned To An Outbound Shipment,20250327,20250327,20250409,174544,250327P0000,N,0,0,0,2,90,Invoiced,,2,Pickticket Completely Invoiced.,,N,N,,0,2715055.2,2715055.2,0.,0,27,131297977.6,0.,0.,0,1192.,,TL,53,F,5,03,ACTIVITY 3,,N N,,,,13,20250327046,9,All from Reserve,2111406,12918618,961,MISCMRD,MISCMRD,DAY,,,,,,,F,***,,***,,22.,100.,100.,0.,0.,100.,100.,1.,1.,1.,CT1,XDK,4148946,7920.,90,Invoiced Complete,87226753,,20250327,125914,20250409,174544,MCERTEZA,2025-03-27 01:28:33,0,2025-04-25 01:21:23,INFAJOB,WMIPHPICK_15_AGC_4471419_20250326190039.txt,WMI,c901df51966e83dffc9aa32ad7a116c9
173506875,20250409,202504,,7002,-7002,87250894,AGC,-961,87250894,87250894,DB,4501METR,SNKSFCA - FAIRFIELD-NY - SYOSSET-,,345 UNDERHILL BLVD,,,SYOSSET,NY,11791,840,,SNKSFCA - FAIRFIELD-NY - SYOSSET-,345 UNDERHILL BLVD,,,SYOSSET,NY,11791,,840,4501-METR,0,,,LTL,,,20,Fully Assigned To An Outbound Shipment,20250327,20250404,20250409,181950,250404P0000,N,0,0,0,2,90,Invoiced,,2,Pickticket Completely Invoiced.,,N,N,,0,3810807.,0.,0.,0,25,183723470.,0.,0.,0,1645.,,TL,53,F,5,03,ACTIVITY 3,,N N,,,,7,20250404017,9,All from Reserve,2179553,12855646,961,MISCNYM,MISCNYM,DAY,,,,,,,F,***,,***,,22.,340.,340.,0.,0.,340.,340.,1.,1.,1.,CT1,XDK,4146740,7920.,90,Invoiced Complete,87250894,,20250327,181233,20250409,181950,MCERTEZA,2025-03-28 01:20:06,0,2025-04-25 01:21:23,INFAJOB,WMIPHPICK_15_AGC_4474625_20250327190041.txt,WMI,cc58fc5a1fbf87c5d2574464a09b8e51
204878859,20250409,202504,,7002,-7002,87481782,AGC,-961,87481782,87481782,DB,3501BOLI,SGWSGFCA - FAIRFIELDIL-,,300 EAST CROSSROADS PARKWAY,,,BOLINGBROOK,IL,60440,840,,SGWSGFCA - FAIRFIELDIL-,300 EAST CROSSROADS PARKWAY,,,BOLINGBROOK,IL,60440,,840,3501-BOLI,0,,,LTL,,,20,Fully Assigned To An Outbound Shipment,20250407,20250407,20250409,182520,250407P0000,N,0,0,0,2,90,Invoiced,,2,Pickticket Completely Invoiced.,,N,N,,0,2527410.6,2527410.6,0.,0,22,121849426.,0.,0.,0,1091.,,TL,53,F,5,03,ACTIVITY 3,,N N,,,,7,20250407026,9,All from Reserve,2401952,12888203,961,MISCBOL,MISCBOL,DAY,,,,,,,F,***,,***,,22.,204.,204.,0.,0.,204.,204.,1.,1.,1.,CT1,XDK,4154860,7920.,90,Invoiced Complete,87481782,,20250407,181132,20250409,182520,MCERTEZA,2025-04-08 01:18:05,0,2025-04-25 01:21:23,INFAJOB,WMIPHPICK_15_AGC_4505438_20250407190039.txt,WMI,4a5f038f110975c8d468cee58a2f9555
243637362,20250421,202504,,7002,-7002,87618524,AGC,-961,87618524,87618524,DB,6601KAPO,SGWSGFCA - FAIRFIELDHI-KAPO-,,91 210 HANUA STREET,,,KAPOLEI,HI,96707,840,,SGWSGFCA - FAIRFIELDHI-KAPO-,91 210 HANUA STREET,,,KAPOLEI,HI,96707,,840,6601-KAPO,0,,,LTL,,,20,Fully Assigned To An Outbound Shipment,20250411,20250417,20250421,103848,250417P0000,N,0,0,0,2,90,Invoiced,,2,Pickticket Completely Invoiced.,,N,N,,0,2386097.4,0.,0.,0,22,115036580.4,0.,0.,0,1030.,,TL,53,F,5,03,ACTIVITY 3,,N N,,,,9,20250417001,9,All from Reserve,2402272,13113973,961,MISCHIC,MISCHIC,DAY,,,,,,,F,***,,***,,22.,7.,7.,0.,0.,7.,7.,1.,1.,200.,CT1,XDK,4154976,7920.,90,Invoiced Complete,87618524,,20250411,132439,20250421,103848,MCERTEZA,2025-04-12 01:19:50,0,2025-04-25 01:21:23,INFAJOB,WMIPHPICK_15_AGC_4518103_20250411190041.txt,WMI,20f8159a654958cd0d331f09a0f5ade1
206939215,20250421,202504,,7002,-7002,87560464,AGC,-961,87560464,87560464,DB,83011000,SGWSGFCA - FAIRFIELDA WA 0000085-,,4377 112TH STREET,,,URBANDALE,IA,503222073,840,,SGWSGFCA - FAIRFIELDA WA 0000085-,4377 112TH STREET,,,URBANDALE,IA,503222073,,840,8301-1000,0,,,LTL,,,20,Fully Assigned To An Outbound Shipment,20250414,20250416,20250421,182351,250416P0000,N,0,0,0,2,90,Invoiced,,2,Pickticket Completely Invoiced.,,N,N,,0,1297289.4,0.,0.,0,30,62544164.4,0.,0.,0,560.,,TL,53,F,5,03,ACTIVITY 3,,N N,,,,19,20250416017,9,All from Reserve,9594909,12906807,961,MISCIAU,MISCIAU,DAY,,,,,,,F,***,,***,,22.,10.,10.,0.,0.,10.,10.,1.,1.,200.,CT1,XDK,4168582,7920.,90,Invoiced Complete,87560464,,20250414,102110,20250421,182351,MCERTEZA,2025-04-10 01:19:27,0,2025-04-25 01:21:23,INFAJOB,WMIPHPICK_15_AGC_4511738_20250409190040.txt,WMI,1c7bace1db2002992024909fbc38ce12
216912825,20250422,202504,,7002,-7002,87691587,AGC,-961,87691587,87691587,DB,4501METR,SGWSGFCA - FAIRFIELDNY - SYOSSET-,,345 UNDERHILL BLVD,,,SYOSSET,NY,11791,840,,SGWSGFCA - FAIRFIELDNY - SYOSSET-,345 UNDERHILL BLVD,,,SYOSSET,NY,11791,,840,4501-METR,0,,,LTL,,,20,Fully Assigned To An Outbound Shipment,20250416,20250418,20250422,130655,250418P0000,N,0,0,0,2,90,Invoiced,,2,Pickticket Completely Invoiced.,,N,N,,0,2569108.2,407721.6,0.,0,30,123876322.4,0.,0.,0,1109.,,TL,53,F,5,03,ACTIVITY 3,,N N,,,,13,20250418011,9,All from Reserve,2179553,12855646,961,MISCNYM,MISCNYM,DAY,,,,,,,F,***,,***,,22.,21.,21.,0.,0.,21.,21.,1.,1.,200.,CT1,XDK,4167076,7920.,90,Invoiced Complete,87691587,,20250416,115453,20250422,130655,MCERTEZA,2025-04-16 01:54:42,0,2025-04-25 01:21:23,INFAJOB,WMIPHPICK_15_AGC_4528642_20250415190043.txt,WMI,c3447b192f176f861616a5a7f0b20735
245923513,20250424,202504,,7002,-7002,87809524,AGC,-961,87809524,87809524,DB,7801DENV,SGWSGFCA - FAIRFIELD CA RDC FAIRFIE,,22800 EAST 19TH AVENUE,,,AURORA,CO,80019,840,,SGWSGFCA - FAIRFIELD CA RDC FAIRFIE,22800 EAST 19TH AVENUE,,,AURORA,CO,80019,,840,7801-DENV,0,,,LTL,,,20,Fully Assigned To An Outbound Shipment,20250422,20250422,20250424,175930,250422P0000,N,0,0,0,2,90,Invoiced,,2,Pickticket Completely Invoiced.,,N,N,,0,1642464.6,201543.6,0.,0,22,79185377.2,0.,0.,0,723.,,TL,53,F,5,03,ACTIVITY 3,,N N,,,,9,20250422013,9,All from Reserve,603892,13173221,961,MISCCOA,MISCCOA,DAY,,,,,,,F,***,,***,,22.,1.,1.,0.,0.,1.,1.,1.,1.,200.,CT1,XDK,4175727,7920.,90,Invoiced Complete,87809524,,20250422,91323,20250424,175930,MCERTEZA,2025-04-22 01:19:24,0,2025-04-25 01:21:23,INFAJOB,WMIPHPICK_15_Adhoc_4544572_20250421141851.txt,WMI,624a0ed8f802830ace9800e927db97e3
246563762,20250426,202504,,7002,-7002,87879270,AGC,-961,87879270,87879270,DB,5601BULK,SGWSGFCA - FAIRFIELDN-,,3350 4TH AVENUE EAST,,,SHAKOPEE,MN,55379,840,,SGWSGFCA - FAIRFIELDN-,3350 4TH AVENUE EAST,,,SHAKOPEE,MN,55379,,840,5601-BULK,0,,,LTL,,,20,Fully Assigned To An Outbound Shipment,20250424,20250424,20250426,144609,250424P0000,N,0,0,0,2,90,Invoiced,,2,Pickticket Completely Invoiced.,,N,N,,0,2057137.8,2057137.8,0.,0,29,99367668.4,0.,0.,0,888.,,TL,53,F,5,03,ACTIVITY 3,,N N,,,,6,20250424009,9,All from Reserve,12772823,12985326,961,MISCMIN,MISCMIN,DAY,,,,,,,F,***,,***,,22.,5.,5.,0.,0.,5.,5.,1.,1.,200.,CT1,XDK,4169086,7920.,90,Invoiced Complete,87879270,,20250424,121714,20250426,144609,EUBER,2025-04-24 01:42:53,0,2025-04-27 01:16:13,INFAJOB,WMIPHPICK_15_AGC_4552003_20250423190040.txt,WMI,fb458f47f981f37dd855429b930d128a
174080883,20250428,202504,,7001,-7001,8026047482,AGK,-960,8026047482,8026047482,DH,9501,SGWS - Missouri Kansas City,,6201 Stilwell St,,,Kansas City,MO,64120-1273,840,,SGWS - Missouri Kansas City,6201 Stilwell St,,,Kansas City,MO,64120-1273,,840,9501,20250411,,,LTL,,,20,Fully Assigned To An Outbound Shipment,20250411,20250424,20250428,103323,250424P0000,N,0,0,0,2,90,Invoiced,,2,Pickticket Completely Invoiced.,,N,N,000,0,20485.6,0.,0.,0,12,1478131.2,0.,0.,0,7344.,,TL,53,P,5,02,ACTIVITY 2,9500,N N,,,,10,20250424006,9,All From Reserve,1807396,11909350,960,71616,71616,DAY,,,,,,,F,***,,***,,3360.,3360.,3360.,0.,0.,3360.,3360.,12.,840.,120.,CT1,MOR,,10.9457,90,Invoiced Complete,4179131,9500,20250410,140042,20250428,103323,MLIPSCOMB,2025-04-10 22:21:41,0,2025-04-28 22:19:01,INFAJOB,WMIPHPICK_15_AGK_4514265_20250410160042.txt,WMI,3bd1939553634675559f732f24bd892c
222550434,20250428,202504,,7002,-7002,87842513,AGC,-961,87842513,87842513,DB,7601BULK,SGWSGFCA - FAIRFIELDAA CA RDC FAIRF,,123 MONTANO RD NW,,,ALBUQUERQUE,NM,87107,840,,SGWSGFCA - FAIRFIELDAA CA RDC FAIRF,123 MONTANO RD NW,,,ALBUQUERQUE,NM,87107,,840,7601-BULK,0,,,LTL,,,20,Fully Assigned To An Outbound Shipment,20250423,20250423,20250428,155705,250423P0000,N,0,0,0,2,90,Invoiced,,2,Pickticket Completely Invoiced.,,N,N,,0,1765242.,505017.6,0.,0,34,85111594.8,0.,0.,0,762.,,TL,53,F,5,03,ACTIVITY 3,,N N,,,,23,20250423031,9,All from Reserve,603572,12819236,961,MISCALB,MISCALB,DAY,,,,,,,F,***,,***,,22.,1.,1.,0.,0.,1.,1.,1.,1.,200.,CT1,XDK,4175064,7920.,90,Invoiced Complete,87842513,,20250423,123126,20250428,155705,AGUERRERO,2025-04-23 02:11:15,0,2025-04-29 01:20:24,INFAJOB,WMIPHPICK_15_AGC_4548799_20250422190046.txt,WMI,fd7dc9473c7edac93af1cabf87510427
216610352,20250429,202504,,7002,-7002,CA7257121,AGC,-961,CA7257121,CA7257121,DB,99005,SANTA FE SPRINGS,SANTA FE SPRINGS,13500 FOSTER ROAD,,,SANTA FE SPRINGS,CA,90670,840,,SANTA FE SPRINGS,13500 FOSTER ROAD,,,SANTA FE SPRINGS,CA,90670,5629262000,840,CA0099005,20250424,,,LTL,,,20,Fully Assigned To An Outbound Shipment,20250423,20250425,20250429,141205,250425P0000,N,0,0,0,2,90,Invoiced,,2,Pickticket Completely Invoiced.,,N,N,07257121,1,14443.1,14443.1,0.,0,8,929239.836,0.,0.,0,7236.,,TL,53,F,5,02,ACTIVITY 2,6200,N N,,,,2,20250425017,9,All from Reserve,12637784,11945847,961,622100,622100,DAY,,,,,,,F,***,,***,,660.,660.,660.,0.,0.,660.,660.,12.,660.,132.,CT1,SFS,*,6882.15,90,Invoiced Complete,4190098,6200,20250423,161440,20250429,141205,MCERTEZA,2025-04-24 01:42:53,0,2025-04-30 01:23:24,INFAJOB,WMIPHPICK_15_AGC_4552003_20250423190040.txt,WMI,cf1e5cfc679c460011be45330983efdf
213175021,20250430,202504,,7002,-7002,HI7520015,AGC,-961,HI7520015,HI7520015,DB,330,SGWS MAUI WHSE 3,SGWS MAUI WHSE 3,231 LALO PLACE,,,KAHULUI,HI,96732,840,,SGWS MAUI WHSE 3,231 LALO PLACE,,,KAHULUI,HI,96732,8088718406,840,HI0000330,20250423,,,LTL,,,20,Fully Assigned To An Outbound Shipment,20250422,20250429,20250430,130127,250429P0000,N,0,0,0,2,90,Invoiced,,2,Pickticket Completely Invoiced.,,N,N,07520015,1,36563.5,36563.5,0.,0,54,2022563.366,0.,0.,0,10870.,,TL,53,F,5,02,ACTIVITY 2,6600,N N,,,,37,20250429006,9,All from Reserve,2165481,11891515,961,964129,964129,DAY,,,,,,,F,***,,***,,60.,60.,60.,0.,0.,60.,60.,6.,360.,90.,CT1,HIC,*,1395.7,90,Invoiced Complete,4188754,6600,20250422,135810,20250430,130127,VRINCON,2025-04-23 02:11:15,0,2025-05-01 01:23:43,INFAJOB,WMIPHPICK_15_AGC_4548799_20250422190046.txt,WMI,8f7f9599be9b558b66b910f591e25993
206792465,20250430,202504,,7002,-7002,AZ7516270,AGC,-961,AZ7516270,AZ7516270,DB,1,SGWS ARIZONA,SGWS ARIZONA,2375 S 45TH AVE,,,PHOENIX,AZ,85043,840,,SGWS PHOENIX,2375 S. 45TH AVE,,,PHOENIX,AZ,85043,6025338100,840,AZ0000001,20250425,,,LTL,,,20,Fully Assigned To An Outbound Shipment,20250424,20250429,20250430,174108,250429P0000,N,0,0,0,2,90,Invoiced,,2,Pickticket Completely Invoiced.,,N,N,07516270,1,34689.6,34689.6,0.,0,18,2068416.,0.,0.,0,11880.,,TL,53,F,5,02,ACTIVITY 2,5200,N N,,,,1,20250429011,9,All from Reserve,6183070,11916066,961,24601,24601,DAY,,,,,,,F,***,,***,,11880.,11880.,11880.,0.,0.,11880.,11880.,12.,660.,132.,CT1,PHX,*,245480.4,90,Invoiced Complete,4191543,5200,20250424,141123,20250430,174108,MCERTEZA,2025-04-25 01:21:23,0,2025-05-01 01:23:43,INFAJOB,WMIPHPICK_15_AGC_4555183_20250424190040.txt,WMI,fee5d00bec725073773e5e22a259295c
200551554,20250430,202504,,7002,-7002,87942671,AGC,-961,87942671,87942671,DB,7201LASV,SGWSGFCA - FAIRFIELDNV - LAS VEGAS-,,8400 SOUTH JONES BLVD,,,LAS VEGAS,NV,89139,840,,SGWSGFCA - FAIRFIELDNV - LAS VEGAS-,8400 SOUTH JONES BLVD,,,LAS VEGAS,NV,89139,,840,7201-LASV,0,,,LTL,,,20,Fully Assigned To An Outbound Shipment,20250429,20250429,20250430,153307,250429P0000,N,0,0,0,2,90,Invoiced,,2,Pickticket Completely Invoiced.,,N,N,,0,3127408.2,3127408.2,0.,0,30,3910326.2,0.,0.,0,1350.,,TL,53,F,5,03,ACTIVITY 3,,N N,,,,19,20250429021,9,All from Reserve,428533,12991968,961,MISCNVL,MISCNVL,DAY,,,,,,,F,***,,***,,22.,28.,28.,0.,0.,28.,28.,1.,1.,200.,CT1,XDK,4184457,7920.,90,Invoiced Complete,87942671,,20250429,103059,20250430,153307,MCERTEZA,2025-04-26 01:20:07,0,2025-05-01 01:23:43,INFAJOB,WMIPHPICK_15_AGC_4558364_20250425190038.txt,WMI,b3f902dd4506d3b6111659bc884023ed
179369689,20250501,202505,,7001,-7001,87951287,AGK,-960,87951287,87951287,DB,2501BULK,ANKAA GLOBAL LOGISTICS KY HUBEPHERD,,3901 HANNA CIRCLE,,,INDIANAPOLIS,IN,46241,840,,ANKAA GLOBAL LOGISTICS KY HUBEPHERD,3901 HANNA CIRCLE,,,INDIANAPOLIS,IN,46241,,840,2501-BULK,0,,,LTL,,,20,Fully Assigned To An Outbound Shipment,20250428,20250429,20250501,93656,250429P0000,N,0,0,0,2,90,Invoiced,,2,Pickticket Completely Invoiced.,,N,N,,0,11580.,0.,0.,0,5,558432.,0.,0.,0,5.,,TL,53,F,5,03,ACTIVITY 3,,N N,,,,2,20250429005,9,All From Reserve,61185,4753217,960,MISCINA,MISCINA,DAY,,,,,,,F,***,,***,,22.,1.,1.,0.,0.,1.,1.,1.,1.,1.,CT1,XDK,4180142,7920.,90,Invoiced Complete,87951287,,20250428,114311,20250501,93656,ZMAERZ,2025-04-25 22:22:40,0,2025-05-01 22:25:22,INFAJOB,WMIPHPICK_15_AGK_4557707_20250425160044.txt,WMI,4c247221cebabf9c1191d24a1da5416c
198994601,20250506,202505,,7002,-7002,HI7520066,AGC,-961,HI7520066,HI7520066,DB,330,SGWS MAUI WHSE 3,SGWS MAUI WHSE 3,231 LALO PLACE,,,KAHULUI,HI,96732,840,,SGWS MAUI WHSE 3,231 LALO PLACE,,,KAHULUI,HI,96732,8088718406,840,HI0000330,20250430,,,LTL,,,20,Fully Assigned To An Outbound Shipment,20250429,20250501,20250506,124440,250501P0000,N,0,0,0,2,90,Invoiced,,2,Pickticket Completely Invoiced.,,N,N,07520066,1,38323.15,38323.15,0.,0,52,2605443.439,0.,0.,0,11816.,,TL,53,F,5,02,ACTIVITY 2,6600,N N,,,,12,20250501002,9,All from Reserve,202613,12044217,961,38168,38168,DAY,,,,,,,F,***,,***,,528.,528.,528.,0.,0.,528.,528.,12.,1320.,264.,CT1,HIC,*,5799.2,90,Invoiced Complete,4195380,6600,20250429,170152,20250506,124440,VRINCON,2025-04-30 01:23:24,0,2025-05-07 01:22:55,INFAJOB,WMIPHPICK_15_AGC_4568876_20250429190049.txt,WMI,84b098f69c505e5f1b5322757d97cb8a
206432974,20250506,202505,,7002,-7002,88058498,AGC,-961,88058498,88058498,DB,5201BULK,SGWSGFCA - FAIRFIELDAZ-,,2375 S 45TH AVE,,,PHOENIX,AZ,85043,840,,SGWSGFCA - FAIRFIELDAZ-,2375 S 45TH AVE,,,PHOENIX,AZ,85043,,840,5201-BULK,0,,,LTL,,,20,Fully Assigned To An Outbound Shipment,20250430,20250501,20250506,120338,250501P0000,N,0,0,0,2,90,Invoiced,,2,Pickticket Completely Invoiced.,,N,N,,0,2620074.6,0.,0.,0,28,1131.,0.,0.,0,1131.,,TL,53,F,5,03,ACTIVITY 3,,N N,,,,14,20250501013,9,All from Reserve,2028527,12886643,961,MISCPHX,MISCPHX,DAY,,,,,,,F,***,,***,,22.,8.,8.,0.,0.,8.,8.,1.,1.,200.,CT1,XDK,4188530,7920.,90,Invoiced Complete,88058498,,20250430,174313,20250506,120338,MCERTEZA,2025-05-01 01:23:43,0,2025-05-07 01:22:55,INFAJOB,WMIPHPICK_15_AGC_4572041_20250430190038.txt,WMI,0fd1c9672740fb35358d9b5c4a29ddd5
246530185,20250506,202505,,7002,-7002,88119721,AGC,-961,88119721,88119721,DB,7202SPAR,SGWSGFCA - FAIRFIELDNV - SPARKS-,,250 LILLARD,,,SPARKS,NV,89434,840,,SGWSGFCA - FAIRFIELDNV - SPARKS-,250 LILLARD,,,SPARKS,NV,89434,,840,7202-SPAR,0,,,LTL,,,20,Fully Assigned To An Outbound Shipment,20250502,20250502,20250506,123548,250502P0000,N,0,0,0,2,90,Invoiced,,2,Pickticket Completely Invoiced.,,N,N,,0,2578374.,148262.4,0.,0,38,336169.2,0.,0.,0,1113.,,TL,53,F,5,03,ACTIVITY 3,,N N,,,,28,20250502030,9,All from Reserve,2133484,13048097,961,MISCNVS,MISCNVS,DAY,,,,,,,F,***,,***,,22.,3.,3.,0.,0.,3.,3.,1.,1.,200.,CT1,XDK,4189247,7920.,90,Invoiced Complete,88119721,,20250502,153945,20250506,123548,MCERTEZA,2025-05-03 01:23:03,0,2025-05-07 01:22:55,INFAJOB,WMIPHPICK_15_AGC_4578769_20250502190040.txt,WMI,9447d6d2604512bee6f962a06c4c3cd2
210905099,20250507,202505,,7001,-7001,88051381,AGK,-960,88051381,88051381,DB,95011000,ANKAA GLOBAL LOGISTICS KY HUBHEPHER,,1100 S DEAN AVE,,,RAYMORE,MO,64083,840,,ANKAA GLOBAL LOGISTICS KY HUBHEPHER,1100 S DEAN AVE,,,RAYMORE,MO,64083,,840,9501-1000,0,,,LTL,,,20,Fully Assigned To An Outbound Shipment,20250430,20250505,20250507,124129,250505P0000,N,0,0,0,2,90,Invoiced,,2,Pickticket Completely Invoiced.,,N,N,,0,25476.,0.,0.,0,11,1228550.4,0.,0.,0,11.,,TL,53,F,5,03,ACTIVITY 3,,N N,,,,4,20250505025,9,All From Reserve,78514,4617938,960,MISCMOR,MISCMOR,DAY,,,,,,,F,***,,***,,22.,1.,1.,0.,0.,1.,1.,1.,1.,1.,CT1,XDK,4188338,7920.,90,Invoiced Complete,88051381,,20250430,171908,20250507,124129,KRENO,2025-04-30 22:26:52,0,2025-05-07 22:24:24,INFAJOB,WMIPHPICK_15_AGK_4571379_20250430160039.txt,WMI,184150d9c69fb9c21cf3770accf6f9b3
228146420,20250509,202505,,7002,-7002,88118979,AGC,-961,88118979,88118979,DB,6601KAPO,SGWSGFCA - FAIRFIELD-I-KAPO-,,91 210 HANUA STREET,,,KAPOLEI,HI,96707,840,,SGWSGFCA - FAIRFIELD-I-KAPO-,91 210 HANUA STREET,,,KAPOLEI,HI,96707,,840,6601-KAPO,0,,,LTL,,,20,Fully Assigned To An Outbound Shipment,20250502,20250506,20250509,112422,250506P0000,N,0,0,0,2,90,Invoiced,,2,Pickticket Completely Invoiced.,,N,N,,0,2645556.6,20849.4,0.,0,32,112827.4,0.,0.,0,1142.,,TL,53,F,5,03,ACTIVITY 3,,N N,,,,3,20250506003,9,All from Reserve,2402272,13113973,961,MISCHIC,MISCHIC,DAY,,,,,,,F,***,,***,,22.,9.,9.,0.,0.,9.,9.,1.,1.,200.,CT1,XDK,4169011,7920.,90,Invoiced Complete,88118979,,20250502,153345,20250509,112422,MCERTEZA,2025-05-03 01:23:03,0,2025-05-10 01:23:34,INFAJOB,WMIPHPICK_15_AGC_4578769_20250502190040.txt,WMI,a2091854eabe4dcbb3e23f3e43889c18
212482130,20250509,202505,,7002,-7002,HI7520095,AGC,-961,HI7520095,HI7520095,DB,329,SGWS CAMPBELL WHSE 1,SGWS CAMPBELL WHSE 1,91 210 HANUA ST,,,KAPOLEI,HI,96707,840,,SGWS CAMPBELL WHSE 1,91 210 HANUA ST,,,KAPOLEI,HI,96707,8086823737,840,HI0000329,20250506,,,LTL,,,20,Fully Assigned To An Outbound Shipment,20250505,20250506,20250509,130715,250506P0000,N,0,0,0,2,90,Invoiced,,2,Pickticket Completely Invoiced.,,N,N,07520095,1,37978.25,37978.25,0.,0,47,2211767.935,0.,0.,0,13584.,,TL,53,F,5,02,ACTIVITY 2,6600,N N,,,,20,20250506034,9,All from Reserve,291907,13147900,961,658411,658411,DAY,,,,,,,F,***,,***,,2016.,2016.,2016.,0.,0.,2016.,2016.,12.,672.,168.,CT1,HIC,*,31930.08,90,Invoiced Complete,4199041,6600,20250505,142621,20250509,130715,VRINCON,2025-05-06 01:19:29,0,2025-05-10 01:23:34,INFAJOB,WMIPHPICK_15_AGC_4586136_20250505190039.txt,WMI,80ab8ba72fc38c253458297f14448b57
192443588,20250513,202505,,7001,-7001,88185551,AGK,-960,88185551,88185551,DB,5601BULK,ANKAA GLOBAL LOGISTICS KY HUB,,3350 4TH AVENUE EAST,,,SHAKOPEE,MN,55379,840,,ANKAA GLOBAL LOGISTICS KY HUB,3350 4TH AVENUE EAST,,,SHAKOPEE,MN,55379,,840,5601-BULK,0,,,LTL,,,20,Fully Assigned To An Outbound Shipment,20250506,20250509,20250513,145909,250509P0000,N,0,0,0,2,90,Invoiced,,2,Pickticket Completely Invoiced.,,N,N,,0,57900.,0.,0.,0,25,2796595.2,0.,0.,0,25.,,TL,53,F,5,03,ACTIVITY 3,,N N,,,,2,20250509008,9,All From Reserve,90516,4663337,960,MISCMIN,MISCMIN,DAY,,,,,,,F,***,,***,,22.,1.,1.,0.,0.,1.,1.,1.,1.,1.,CT1,XDK,4149790,7920.,90,Invoiced Complete,88185551,,20250506,161914,20250513,145909,MLIPSCOMB,2025-05-06 22:25:47,0,2025-05-13 22:23:40,INFAJOB,WMIPHPICK_15_AGK_4588665_20250506160044.txt,WMI,2c453597fa1b5fbe73226149e0fc43e8
220633074,20250513,202505,,7002,-7002,88150811,AGC,-961,88150811,88150811,DB,93011000,SGWSGFCA - FAIRFIELDR 06379-,,11101 SMITTY LANE,,,NORTH LITTLE ROCK,AR,721175390,840,,SGWSGFCA - FAIRFIELDR 06379-,11101 SMITTY LANE,,,NORTH LITTLE ROCK,AR,721175390,,840,9301-1000,0,,,LTL,,,20,Fully Assigned To An Outbound Shipment,20250506,20250506,20250513,165403,250506P0000,N,0,0,0,2,90,Invoiced,,2,Pickticket Completely Invoiced.,,N,N,,0,2872584.,141312.6,0.,0,37,1240.,0.,0.,0,1240.,,TL,53,F,5,03,ACTIVITY 3,,N N,,,,16,20250506061,9,All from Reserve,9594589,13052294,961,MISCARL,MISCARL,DAY,,,,,,,F,***,,***,,22.,7.,7.,0.,0.,7.,7.,1.,1.,200.,CT1,XDK,4186235,7920.,90,Invoiced Complete,88150811,,20250506,105629,20250513,165403,MCERTEZA,2025-05-06 01:19:29,0,2025-05-14 01:22:56,INFAJOB,WMIPHPICK_15_AGC_4586136_20250505190039.txt,WMI,f72d759a30224924448a91b28808b426
219123405,20250518,202505,,7002,-7002,88351718,AGC,-961,88351718,88351718,DB,87011000,SGWSGFCA - FAIRFIELDTX W -107221028,,15245 HERITAGE PARKWAY,,,FORT WORTH,TX,76177,840,,SGWSGFCA - FAIRFIELDTX W -107221028,15245 HERITAGE PARKWAY,,,FORT WORTH,TX,76177,,840,8701-1000,0,,,LTL,,,20,Fully Assigned To An Outbound Shipment,20250513,20250513,20250518,110514,250513P0000,N,0,0,0,2,90,Invoiced,,2,Pickticket Completely Invoiced.,,N,N,,0,3081078.,99613.8,0.,0,24,1330.,0.,0.,0,1330.,,TL,53,F,5,03,ACTIVITY 3,,N N,,,,10,20250513032,9,All from Reserve,2179873,13026456,961,MISCTXD,MISCTXD,DAY,,,,,,,F,***,,***,,22.,280.,280.,0.,0.,280.,280.,1.,1.,200.,CT1,XDK,4189493,7920.,90,Invoiced Complete,88351718,,20250513,180120,20250518,110514,EUBER,2025-05-14 01:22:56,0,2025-05-19 01:15:42,INFAJOB,WMIPHPICK_15_AGC_4609392_20250513190043.txt,WMI,003d3cb8d68794e21346af40f6b7530c
205351104,20250411,202504,,7002,-7002,HI7519895,AGC,-961,HI7519895,HI7519895,DB,332,SGWS KAUAI WHSE 5,SGWS KAUAI WHSE 5,1556 HALEUKANA ST,,,LIHUE,HI,96766,840,,SGWS KAUAI WHSE 5,1556 HALEUKANA ST,,,LIHUE,HI,96766,8082452999,840,HI0000332,20250407,,,LTL,,,20,Fully Assigned To An Outbound Shipment,20250404,20250409,20250519,80217,250409P0000,N,0,0,0,2,90,Invoiced,,2,Pickticket Completely Invoiced.,,N,N,07519895,1,19926.,19926.,0.,0,35,1240191.855,0.,0.,0,6474.,,TL,53,F,5,02,ACTIVITY 2,6600,N N,,,,8,20250409015,9,All from Reserve,1292209,13786550,961,411656,411656,DAY,,,,,,,F,***,,***,,12.,12.,12.,0.,12.,0.,0.,12.,600.,120.,CT1,HIC,*,168.3,90,Invoiced Complete,4174548,6600,20250404,133703,20250411,130413,VRINCON,2025-04-05 01:21:52,0,2025-05-20 01:21:29,INFAJOB,WMIPHPICK_15_AGC_4498183_20250404190039.txt,WMI,33ca522c16f753434b5465d005cc01e3
205371584,20250519,202505,,7002,-7002,HI7519895,AGC,-961,HI7519895,HI7519895,DB,332,SGWS KAUAI WHSE 5,SGWS KAUAI WHSE 5,1556 HALEUKANA ST,,,LIHUE,HI,96766,840,,SGWS KAUAI WHSE 5,1556 HALEUKANA ST,,,LIHUE,HI,96766,8082452999,840,HI0000332,20250407,,,LTL,,,20,Fully Assigned To An Outbound Shipment,20250404,20250409,20250519,80217,250409P0000,N,0,0,0,2,90,Invoiced,,2,Pickticket Completely Invoiced.,,N,N,07519895,1,19926.,19926.,0.,0,35,1240191.855,0.,0.,0,6474.,,TL,53,F,5,02,ACTIVITY 2,6600,N N,,,,30,20250409015,9,All from Reserve,11847068,13842047,961,992250,992250,DAY,,,,,,,F,***,,***,,192.,192.,192.,0.,0.,192.,192.,6.,384.,96.,CT1,HIC,*,2123.84,90,Invoiced Complete,4174548,6600,20250404,133703,20250519,80217,EUBER,2025-04-05 01:21:52,0,2025-05-20 01:21:29,INFAJOB,WMIPHPICK_15_AGC_4498183_20250404190039.txt,WMI,4f34e77363df67e9c12f94017e4b3ae4
230414824,20250519,202505,,7002,-7002,HI7519996,AGC,-961,HI7519996,HI7519996,DB,329,SGWS CAMPBELL WHSE 1,SGWS CAMPBELL WHSE 1,91 210 HANUA ST,,,KAPOLEI,HI,96707,840,,SGWS CAMPBELL WHSE 1,91 210 HANUA ST,,,KAPOLEI,HI,96707,8086823737,840,HI0000329,20250419,,,LTL,,,20,Fully Assigned To An Outbound Shipment,20250418,20250424,20250519,80713,250424P0000,N,0,0,0,2,90,Invoiced,,2,Pickticket Completely Invoiced.,,N,N,07519996,1,33920.85,33920.85,0.,0,31,2175194.177,0.,0.,0,12504.,,TL,53,F,5,02,ACTIVITY 2,6600,N N,,,,15,20250424003,9,All from Reserve,12608986,13784265,961,624268,624268,DAY,,,,,,,F,***,,***,,2016.,2016.,2016.,0.,0.,2016.,2016.,12.,672.,168.,CT1,HIC,*,16128.,90,Invoiced Complete,4186516,6600,20250418,130637,20250519,80713,EUBER,2025-04-19 01:23:48,0,2025-05-20 01:21:29,INFAJOB,WMIPHPICK_15_AGC_4538241_20250418190039.txt,WMI,e7eafd2e041d511f794a50bc80eafd14
221917803,20250520,202505,,7002,-7002,FRC000003W,AGC,-961,FRC000003W,FRC000003W,DH,FRC0000F,Advintage Distributing of Tennessee,,220 Cumberland Bend,,,Nashville,TN,37228,840,,Advintage Distributing of Tennessee,220 Cumberland Bend,,,Nashville,TN,37228,615-807-1111,840,,0,,,LTL,,,20,Fully Assigned To An Outbound Shipment,20250513,20250513,20250520,132157,250513P0000,N,0,0,0,2,90,Invoiced,,2,Pickticket Completely Invoiced.,,N,N,FRC000003W,1,25.,25.,0.,0,4,32.,0.,0.,0,256.,,TL,53,F,5,01,ACTIVITY 1,,,,,,1,20250513026,9,All from Reserve,157030,13906287,961,FRC0000E,FRC0000E,DAY,,,,,,,F,***,,***,,84.,84.,84.,0.,0.,84.,84.,12.,1.,1.,CT1,FRC,*,120.,90,Invoiced Complete,132999,,20250513,181221,20250520,132157,VRINCON,2025-05-14 01:22:56,0,2025-05-21 01:22:31,INFAJOB,WMIPHPICK_15_AGC_4609392_20250513190043.txt,WMI,9deb5b66b7f5da3006dacc65ec97e5c2
250646231,20250521,202505,,7001,-7001,FL7916917,AGK,-960,FL7916917,FL7916917,DB,50656,SGWS LAKELAND TRF,SGWS LAKELAND TRF,4440 OLD TAMPA HIGHWAY,,,LAKELAND,FL,33811,840,,SGWS/LAKELAND,4440 OLD TAMPA HIGHWAY,,,LAKELAND,FL,33811,8636861526,840,FL0050656,20250507,,,LTL,,,20,Fully Assigned To An Outbound Shipment,20250506,20250508,20250521,84259,250508P0000,N,0,0,0,2,90,Invoiced,,2,Pickticket Completely Invoiced.,,N,N,07916917,1,37027.,0.,0.,0,23,2412462.198,0.,0.,0,11908.,,TL,53,F,5,02,ACTIVITY 2,1500,N N,,,,3,20250508017,9,All From Reserve,12409943,13008752,960,382634,382634,DAY,,,,,,,F,***,,***,,1800.,1800.,1800.,0.,0.,1800.,1800.,12.,600.,120.,CT1,LAK,*,38277.,90,Invoiced Complete,4200311,1500,20250506,183352,20250521,84259,BSHEARER,2025-05-07 22:24:24,0,2025-05-21 22:23:06,INFAJOB,WMIPHPICK_15_AGK_4590068_20250507020021.txt,WMI,f0ccc587aa7e8b06df35b1a64e4f581f
212134203,20250521,202505,,7001,-7001,CRI000001H,AGK,-960,CRI000001H,CRI000001H,DH,CRI000GF,SOUTHERN GLAZERS WINE AND SPIRIT-MD,,7001 QUAD AVENUE,,,ROSEDALE,MD,21237,840,,SOUTHERN GLAZERS WINE AND SPIRIT-MD,P O  BOX 279250,,,MIAMAR,FL,33027,,840,,0,,,LTL,,,20,Fully Assigned To An Outbound Shipment,20250516,20250516,20250521,132049,250516P0000,N,0,0,0,2,90,Invoiced,,2,Pickticket Completely Invoiced.,,N,N,CRI000001H,1,26.,26.,0.,0,3,26.,0.,0.,0,276.,,TL,53,F,5,01,ACTIVITY 1,,,,,,1,20250516012,9,All From Reserve,110940,5628105,960,CRI00007,CRI00007,DAY,,,,,,,F,***,,***,,18.,18.,18.,0.,0.,18.,18.,6.,1.,1.,CT1,CRI,*,1.,90,Invoiced Complete,4208012,,20250516,134830,20250521,132049,KRENO,2025-05-16 22:24:05,0,2025-05-21 22:23:06,INFAJOB,WMIPHPICK_15_AGK_4618219_20250516160042.txt,WMI,fdfec927d5db265eadecf747772876bb
228912257,20250521,202505,,7002,-7002,88485512,AGC,-961,88485512,88485512,DB,7201LASV,SGWSGFCA - FAIRFIELDNV - LAS VEGAS-,,8400 SOUTH JONES BLVD,,,LAS VEGAS,NV,89139,840,,SGWSGFCA - FAIRFIELDNV - LAS VEGAS-,8400 SOUTH JONES BLVD,,,LAS VEGAS,NV,89139,,840,7201-LASV,0,,,LTL,,,20,Fully Assigned To An Outbound Shipment,20250519,20250519,20250521,171933,250519P0000,N,0,0,0,2,90,Invoiced,,2,Pickticket Completely Invoiced.,,N,N,,0,3057912.,0.,0.,0,20,1320.,0.,0.,0,1320.,,TL,53,F,5,03,ACTIVITY 3,,N N,,,,3,20250519007,9,All from Reserve,428533,12991968,961,MISCNVL,MISCNVL,DAY,,,,,,,F,***,,***,,22.,48.,48.,0.,0.,48.,48.,1.,1.,200.,CT1,XDK,4197768,7920.,90,Invoiced Complete,88485512,,20250519,154153,20250521,171933,MCERTEZA,2025-05-20 01:21:29,0,2025-05-22 01:22:45,INFAJOB,WMIPHPICK_15_AGC_4626132_20250519190041.txt,WMI,552fe155d88b297ab4770d13e76552ea
224844833,20250523,202505,,7002,-7002,HI7520199,AGC,-961,HI7520199,HI7520199,DB,329,SGWS CAMPBELL WHSE 1,SGWS CAMPBELL WHSE 1,91 210 HANUA ST,,,KAPOLEI,HI,96707,840,,SGWS CAMPBELL WHSE 1,91 210 HANUA ST,,,KAPOLEI,HI,96707,8086823737,840,HI0000329,20250520,,,LTL,,,20,Fully Assigned To An Outbound Shipment,20250519,20250521,20250523,103012,250521P0000,N,0,0,0,2,90,Invoiced,,2,Pickticket Completely Invoiced.,,N,N,07520199,1,27617.5,27617.5,0.,0,41,1485330.189,0.,0.,0,11506.,,TL,53,F,5,02,ACTIVITY 2,6600,N N,,,,19,20250521003,9,All from Reserve,2082276,13990091,961,624572,624572,DAY,,,,,,,F,***,,***,,504.,504.,504.,0.,0.,504.,504.,12.,672.,168.,CT1,HIC,*,1745.52,90,Invoiced Complete,4210986,6600,20250519,163926,20250523,103012,VRINCON,2025-05-20 01:21:29,0,2025-05-27 01:17:22,INFAJOB,WMIPHPICK_15_AGC_4626132_20250519190041.txt,WMI,797094a46b11299e61bcd13cb6b9132c
211655649,20250527,202505,,7001,-7001,IL7550750,AGK,-960,IL7550750,IL7550750,DB,36452,SGWS - ILLINOIS- TRANSFER,SGWS - ILLINOIS- TRANSFER,300 E CROSSROADS PKWY,,,BOLINGBROOK,IL,60440,840,,SGWS - ILLINOIS- TRANSFER,300 E CROSSROADS PKWY,,,BOLINGBROOK,IL,60440,,840,IL0036452,20250515,,,LTL,,,20,Fully Assigned To An Outbound Shipment,20250514,20250522,20250527,151332,250522P0000,N,0,0,0,2,90,Invoiced,,2,Pickticket Completely Invoiced.,,N,N,07550750,1,41397.75,0.,0.,0,21,505601.,0.,0.,0,14040.,,TL,53,F,5,02,ACTIVITY 2,3500,N N,,,,3,20250522005,9,All From Reserve,70544,13834536,960,546235,546235,DAY,,,,,,,F,***,,***,,11220.,11220.,11220.,0.,0.,11220.,11220.,12.,660.,132.,CT1,BOL,*,145635.6,90,Invoiced Complete,4207251,3500,20250514,173106,20250527,151332,BSHEARER,2025-05-14 22:24:01,0,2025-05-27 22:24:33,INFAJOB,WMIPHPICK_15_AGK_4611914_20250514160042.txt,WMI,c7bcd02222ec78e166a8ad50d4aea70f
250408843,20250527,202505,,7001,-7001,SC7504818,AGK,-960,SC7504818,SC7504818,DB,9014,SGWS - SOUTH CAROLINA,SGWS - SOUTH CAROLINA,7600 RICHARD STREET,,,COLUMBIA,SC,29202,840,,SGWS - SOUTH CAROLINA,7600 RICHARD STREET,,,COLUMBIA,SC,29202,8036951630,840,SC0009014,20250514,,,LTL,,,20,Fully Assigned To An Outbound Shipment,20250513,20250522,20250527,144156,250522P0000,N,0,0,0,2,90,Invoiced,,2,Pickticket Completely Invoiced.,,N,N,07504818,1,39324.25,0.,0.,0,18,1431177.6,0.,0.,0,16680.,,TL,53,F,5,02,ACTIVITY 2,3200,N N,,,,3,20250522004,9,All From Reserve,48094,7918499,960,948543,948543,DAY,,,,,,,F,***,,***,,2520.,2520.,2520.,0.,0.,2520.,2520.,12.,840.,168.,CT1,COL,*,19320.,90,Invoiced Complete,4206387,3200,20250513,183220,20250527,144156,BSHEARER,2025-05-14 22:24:01,0,2025-05-27 22:24:33,INFAJOB,WMIPHPICK_15_AGK_4610139_20250514020022.txt,WMI,13e58b54c35e6aeb636753cfc9f4f525
241144392,20250529,202505,,7002,-7002,HI7520218,AGC,-961,HI7520218,HI7520218,DB,331,SGWS BIG ISLAND WHSE 4,SGWS BIG ISLAND WHSE 4,"61 3785 MALUOKALANI PLACE, #12",,,KAWAIHAE,HI,96743,840,,SGWS BIG ISLAND WHSE 4,"61 3785 MALUOKALANI PLACE, #12",,,KAWAIHAE,HI,96743,8088821841,840,HI0000331,20250522,,,LTL,,,20,Fully Assigned To An Outbound Shipment,20250521,20250528,20250529,141455,250528P0000,N,0,2,0,2,90,Invoiced,,2,Pickticket Completely Invoiced.,,N,N,07520218,1,15162.55,15162.55,0.,0,13,939697.182,0.,0.,0,5838.,,TL,53,F,5,05,Reserve and Case-Pick,6600,N N,,,,20,20250528004,5C,Reserve and Case-Pick,2110438,13775235,961,606739,606739,CSP,,,,,,,F,***,,***,,120.,120.,120.,0.,120.,0.,0.,6.,750.,150.,CT1,HIC,*,4753.8,90,Invoiced Complete,4213095,6600,20250521,173508,20250529,141447,VRINCON,2025-05-22 01:22:45,0,2025-05-30 01:25:24,INFAJOB,WMIPHPICK_15_AGC_4632542_20250521190043.txt,WMI,765079c54ab91238a61a4b847efdc30d
213585220,20250530,202505,,7002,-7002,AZ7516447,AGC,-961,AZ7516447,AZ7516447,DB,1,SGWS ARIZONA,SGWS ARIZONA,2375 S 45TH AVE,,,PHOENIX,AZ,85043,840,,SGWS PHOENIX,2375 S. 45TH AVE,,,PHOENIX,AZ,85043,6025338100,840,AZ0000001,20250528,,,LTL,,,20,Fully Assigned To An Outbound Shipment,20250528,20250530,20250530,164615,250530P0000,N,0,0,0,2,90,Invoiced,,2,Pickticket Completely Invoiced.,,N,N,07516447,1,12317.2,12317.2,0.,0,6,603759.936,0.,0.,0,4320.,,TL,53,F,5,02,ACTIVITY 2,5200,N N,,,,2,20250530013,9,All from Reserve,2302119,13835259,961,643896,643896,DAY,,,,,,,F,***,,***,,2784.,2784.,2784.,0.,0.,2784.,2784.,12.,672.,168.,CT1,PHX,*,17462.64,90,Invoiced Complete,4217657,5200,20250528,165035,20250530,164615,VRINCON,2025-05-29 01:22:06,0,2025-05-31 01:23:11,INFAJOB,WMIPHPICK_15_AGC_4652434_20250528190042.txt,WMI,408ce35a10ecaa211bafdeab56ffef17
206725626,20250603,202506,,7002,-7002,88617366,AGC,-961,88617366,88617366,DB,7601BULK,SGWSGFCA - FAIRFIELDNM-,,123 MONTANO RD NW,,,ALBUQUERQUE,NM,87107,840,,SGWSGFCA - FAIRFIELDNM-,123 MONTANO RD NW,,,ALBUQUERQUE,NM,87107,,840,7601-BULK,0,,,LTL,,,20,Fully Assigned To An Outbound Shipment,20250523,20250523,20250603,165855,250523P0000,N,0,0,0,2,90,Invoiced,,2,Pickticket Completely Invoiced.,,N,N,,0,2223936.,44015.4,0.,0,31,960.,0.,0.,0,960.,,TL,53,F,5,03,ACTIVITY 3,,N N,,,,21,20250523028,9,All from Reserve,603572,12819236,961,MISCALB,MISCALB,DAY,,,,,,,F,***,,***,,22.,3.,3.,0.,0.,3.,3.,1.,1.,200.,CT1,XDK,4189914,7920.,90,Invoiced Complete,88617366,,20250523,160040,20250603,165855,CGARCIA1,2025-05-24 01:23:26,0,2025-06-04 01:22:14,INFAJOB,WMIPHPICK_15_AGC_4638862_20250523190041.txt,WMI,7453cf93bd0ca78b681c9230f30be54c
213819846,20250603,202506,,7002,-7002,HI7520253,AGC,-961,HI7520253,HI7520253,DB,329,SGWS CAMPBELL WHSE 1,SGWS CAMPBELL WHSE 1,91 210 HANUA ST,,,KAPOLEI,HI,96707,840,,SGWS CAMPBELL WHSE 1,91 210 HANUA ST,,,KAPOLEI,HI,96707,8086823737,840,HI0000329,20250528,,,LTL,,,20,Fully Assigned To An Outbound Shipment,20250527,20250528,20250603,133507,250528P0000,N,0,2,0,2,90,Invoiced,,2,Pickticket Completely Invoiced.,,N,N,07520253,1,11256.7,11256.7,0.,0,11,776607.736,0.,0.,0,5076.,,TL,53,F,5,05,Reserve and Case-Pick,6600,N N,,,,1,20250528005,5C,Reserve and Case-Pick,12443225,13908769,961,4978,4978,CSP,,,,,,,F,***,,***,,288.,288.,288.,0.,132.,156.,156.,6.,288.,96.,CT1,HIC,*,9934.08,90,Invoiced Complete,4216388,6600,20250527,154941,20250603,133507,VRINCON,2025-05-28 01:21:52,0,2025-06-04 01:22:14,INFAJOB,WMIPHPICK_15_AGC_4649310_20250527190044.txt,WMI,75cf7c5e70de6c3aa6c529ba02c3bfaa
244766275,20250603,202506,,7002,-7002,88666819,AGC,-961,88666819,88666819,DB,4501METR,SGWSGFCA - FAIRFIELDY - SYOSSET-,,345 UNDERHILL BLVD,,,SYOSSET,NY,11791,840,,SGWSGFCA - FAIRFIELDY - SYOSSET-,345 UNDERHILL BLVD,,,SYOSSET,NY,11791,,840,4501-METR,0,,,LTL,,,20,Fully Assigned To An Outbound Shipment,20250527,20250527,20250603,155824,250527P0000,N,0,0,0,2,90,Invoiced,,2,Pickticket Completely Invoiced.,,N,N,,0,3085711.2,3085711.2,0.,0,26,1332.,0.,0.,0,1332.,,TL,53,F,5,03,ACTIVITY 3,,N N,,,,12,20250527024,9,All from Reserve,2179553,12855646,961,MISCNYM,MISCNYM,DAY,,,,,,,F,***,,***,,22.,287.,287.,0.,0.,287.,287.,1.,1.,200.,CT1,XDK,4202836,7920.,90,Invoiced Complete,88666819,,20250527,160543,20250603,155824,AGUERRERO,2025-05-28 01:21:52,0,2025-06-04 01:22:14,INFAJOB,WMIPHPICK_15_AGC_4649310_20250527190044.txt,WMI,fa0e4fed4d5a0227b4ba648cea946804
246552906,20250530,202505,,7002,-7002,88666817,AGC,-961,88666817,88666817,DB,5201BULK,SGWS ARIZONA - ANKAA CA RDC FAIRFIE,,2375 S 45TH AVE,,,PHOENIX,AZ,85043,840,,SGWS ARIZONA - ANKAA CA RDC FAIRFIE,2375 S 45TH AVE,,,PHOENIX,AZ,85043,,840,5201-BULK,0,,,LTL,,,20,Fully Assigned To An Outbound Shipment,20250527,20250528,20250530,220329,250528P0000,N,0,0,0,2,90,Invoiced,,2,Pickticket Completely Invoiced.,,N,N,,0,2599225.2,266409.,0.,0,29,1122.,0.,0.,0,1122.,,TL,53,F,5,03,ACTIVITY 3,,N N,,,,14,20250528010,9,All from Reserve,2028527,12886643,961,MISCPHX,MISCPHX,DAY,,,,,,,F,***,,***,,22.,2.,2.,0.,0.,2.,2.,1.,1.,200.,CT1,XDK,4132236,7920.,90,Invoiced Complete,88666817,,20250527,155342,20250530,220329,BCALDWELL,2025-05-28 01:21:52,0,2025-06-04 01:22:14,INFAJOB,WMIPHPICK_15_AGC_4649310_20250527190044.txt,WMI,1d124d7b18d8c18fa7f10606d55c9fa6
192022584,20250604,202506,,7002,-7002,HI7520200,AGC,-961,HI7520200,HI7520200,DB,332,SGWS KAUAI WHSE 5,SGWS KAUAI WHSE 5,1556 HALEUKANA ST,,,LIHUE,HI,96766,840,,SGWS KAUAI WHSE 5,1556 HALEUKANA ST,,,LIHUE,HI,96766,8082452999,840,HI0000332,20250520,,,LTL,,,20,Fully Assigned To An Outbound Shipment,20250519,20250528,20250604,150002,250528P0000,N,0,2,0,2,90,Invoiced,,2,Pickticket Completely Invoiced.,,N,N,07520200,1,5954.3,5615.9,0.,0,7,396036.669,0.,0.,0,2334.,,TL,53,F,5,05,Reserve and Case-Pick,6600,N N,,,,2,20250528002,5C,Reserve and Case-Pick,1273009,13737681,961,28727,28727,CSP,,,,,,,F,***,,***,,270.,270.,270.,0.,0.,270.,270.,6.,360.,90.,CT1,HIC,*,3210.3,90,Invoiced Complete,4210987,6600,20250519,163927,20250604,150002,VRINCON,2025-05-20 01:21:29,0,2025-06-06 00:22:45,INFAJOB,WMIPHPICK_15_AGC_4626132_20250519190041.txt,WMI,22eeb8a6337205c920ae9980088bcfbb
255712855,20250609,202506,,7002,-7002,8026919558,AGC,-961,8026919558,8026919558,DH,9401,SGWS - Kansas Edwardsville,,1100 Blake Street,,,Edwardsville,KS,66111,840,,SGWS - Kansas Edwardsville,1100 Blake Street,,,Edwardsville,KS,66111,,840,9401,20250508,,,LTL,,,20,Fully Assigned To An Outbound Shipment,20250508,20250514,20250609,181203,250514P0000,N,0,0,0,2,90,Invoiced,,2,Pickticket Completely Invoiced.,,N,N,000,0,3093.6,3093.6,0.,0,1,108672.,0.,0.,0,576.,,TL,53,P,5,02,ACTIVITY 2,9400,N N,,,,10,20250514002,9,All from Reserve,2070760,14119093,961,600814,600814,DAY,,,,,,,F,***,,***,,576.,576.,576.,0.,0.,576.,576.,12.,576.,144.,CT1,KSE,,11.2607,90,Invoiced Complete,4200949,9400,20250507,140100,20250609,181203,ESOLORZANO,2025-05-08 01:24:41,0,2025-06-10 01:18:42,INFAJOB,WMIPHPICK_15_AGC_4592524_20250507190041.txt,WMI,5351c9b448801e8314d996dca22658c8
269965591,20250609,202506,,7002,-7002,88742613,AGC,-961,88742613,88742613,DB,7801DENV,SGWSGFCA - FAIRFIELD CA RDC FAIRFIE,,22800 EAST 19TH AVENUE,,,AURORA,CO,80019,840,,SGWSGFCA - FAIRFIELD CA RDC FAIRFIE,22800 EAST 19TH AVENUE,,,AURORA,CO,80019,,840,7801-DENV,0,,,LTL,,,20,Fully Assigned To An Outbound Shipment,20250530,20250605,20250609,121220,250605P0000,N,0,0,0,2,90,Invoiced,,2,Pickticket Completely Invoiced.,,N,N,,0,706563.,46332.,0.,0,9,305.,0.,0.,0,305.,,TL,53,F,5,03,ACTIVITY 3,,N N,,,,4,20250605003,9,All from Reserve,603892,13173221,961,MISCCOA,MISCCOA,DAY,,,,,,,F,***,,***,,22.,20.,20.,0.,0.,20.,20.,1.,1.,200.,CT1,XDK,4208375,7920.,90,Invoiced Complete,88742613,,20250530,150537,20250609,121220,EUBER,2025-05-30 01:25:24,0,2025-06-10 01:18:42,INFAJOB,WMIPHPICK_15_AGC_4655546_20250529190041.txt,WMI,bd8025c6469d62a558416615238b209c
267588787,20250612,202506,,7002,-7002,HI7520346,AGC,-961,HI7520346,HI7520346,DB,331,SGWS BIG ISLAND WHSE 4,SGWS BIG ISLAND WHSE 4,"61 3785 MALUOKALANI PLACE, #12",,,KAWAIHAE,HI,96743,840,,SGWS BIG ISLAND WHSE 4,"61 3785 MALUOKALANI PLACE, #12",,,KAWAIHAE,HI,96743,8088821841,840,HI0000331,20250607,,,LTL,,,20,Fully Assigned To An Outbound Shipment,20250606,20250611,20250612,155107,250611P0000,N,0,2,0,2,90,Invoiced,,2,Pickticket Completely Invoiced.,,N,N,07520346,1,31614.25,31614.25,0.,0,28,2273292.324,0.,0.,0,12678.,,TL,53,F,5,05,Reserve and Case-Pick,6600,N N,,,,22,20250611022,5C,Reserve and Case-Pick,12472024,13662740,961,483946,483946,CSP,,,,,,,F,***,,***,,18.,18.,18.,0.,0.,18.,18.,6.,576.,192.,CT1,HIC,*,367.92,90,Invoiced Complete,4225485,6600,20250606,143011,20250612,155107,VRINCON,2025-06-07 01:21:37,0,2025-06-13 01:22:42,INFAJOB,WMIPHPICK_15_AGC_4680402_20250606190045.txt,WMI,a9b49d57fb1d388638bf4d23adfd4237
213268246,20250611,202506,,7002,-7002,89013363,AGC,-961,89013363,89013363,DB,7601BULK,SGWSGFCA - FAIRFIELDAA CA RDC FAIRF,,123 MONTANO RD NW,,,ALBUQUERQUE,NM,87107,840,,SGWSGFCA - FAIRFIELDAA CA RDC FAIRF,123 MONTANO RD NW,,,ALBUQUERQUE,NM,87107,,840,7601-BULK,0,,,LTL,,,20,Fully Assigned To An Outbound Shipment,20250609,20250610,20250612,20728,250610P0000,N,0,0,0,2,90,Invoiced,,2,Pickticket Completely Invoiced.,,N,N,,0,2478761.4,2381464.2,0.,0,31,112755.4,0.,0.,0,1070.,,TL,53,F,5,03,ACTIVITY 3,,N N,,,,10,20250610002,9,All from Reserve,603572,12819236,961,MISCALB,MISCALB,DAY,,,,,,,F,***,,***,,22.,30.,30.,0.,0.,30.,30.,1.,1.,200.,CT1,XDK,4215654,7920.,90,Invoiced Complete,89013363,,20250609,194908,20250612,20728,BCALDWELL,2025-06-10 01:18:42,0,2025-06-13 01:22:42,INFAJOB,WMIPHPICK_15_AGC_4687758_20250609190046.txt,WMI,bc86a564f1dd1e4d7e682228cb649c7c
223081756,20250613,202506,,7001,-7001,8025091095,AGK,-960,8025091095,8025091095,DH,9401,SGWS - Kansas Edwardsville,,1100 Blake Street,,,Edwardsville,KS,66111,840,,SGWS - Kansas Edwardsville,1100 Blake Street,,,Edwardsville,KS,66111,,840,9401,20250530,,,LTL,,,20,Fully Assigned To An Outbound Shipment,20250530,20250606,20250613,143411,250606P0000,N,0,0,0,2,90,Invoiced,,2,Pickticket Completely Invoiced.,,N,N,000,0,7570.,0.,0.,0,4,438854.4,0.,0.,0,2460.,,TL,53,P,5,02,ACTIVITY 2,9400,N N,,,,10,20250606006,9,All From Reserve,12880,13986484,960,960001,960001,DAY,,,,,,,F,***,,***,,180.,180.,180.,0.,0.,180.,180.,6.,360.,90.,CT1,KSE,,93.1113,90,Invoiced Complete,4218138,9400,20250529,113031,20250613,143411,ZNOEFL,2025-05-29 22:26:12,0,2025-06-13 22:24:23,INFAJOB,WMIPHPICK_15_AGK_4654879_20250529160042.txt,WMI,22fa8a7cd269a66e920074920c8d466a
235449486,20250613,202506,,7002,-7002,88945241,AGC,-961,88945241,88945241,DB,3501BOLI,SGWSGFCA - FAIRFIELDIL-,,300 EAST CROSSROADS PARKWAY,,,BOLINGBROOK,IL,60440,840,,SGWSGFCA - FAIRFIELDIL-,300 EAST CROSSROADS PARKWAY,,,BOLINGBROOK,IL,60440,,840,3501-BOLI,0,,,LTL,,,20,Fully Assigned To An Outbound Shipment,20250605,20250609,20250613,104056,250609P0000,N,0,0,0,2,90,Invoiced,,2,Pickticket Completely Invoiced.,,N,N,,0,2555209.8,64864.8,0.,0,27,1103.,0.,0.,0,1103.,,TL,53,F,5,03,ACTIVITY 3,,N N,,,,11,20250609026,9,All from Reserve,2401952,12888203,961,MISCBOL,MISCBOL,DAY,,,,,,,F,***,,***,,22.,57.,57.,0.,0.,57.,57.,1.,1.,200.,CT1,XDK,4213114,7920.,90,Invoiced Complete,88945241,,20250605,163557,20250613,104056,CGARCIA1,2025-06-06 00:22:45,0,2025-06-14 01:22:55,INFAJOB,WMIPHPICK_15_AGC_4676980_20250605180044.txt,WMI,daf6b0b49243798c7cd2d59eea29935a
214513808,20250613,202506,,7002,-7002,89015592,AGC,-961,89015592,89015592,DB,94011000,SGWSGFCA - FAIRFIELDS - EDWARDSVI 1,,1100 BLAKE STREET,,,EDWARDSVILLE,KS,66111,840,,SGWSGFCA - FAIRFIELDS - EDWARDSVI 1,1100 BLAKE STREET,,,EDWARDSVILLE,KS,66111,,840,9401-1000,0,,,LTL,,,20,Fully Assigned To An Outbound Shipment,20250609,20250610,20250613,103848,250610P0000,N,0,0,0,2,90,Invoiced,,2,Pickticket Completely Invoiced.,,N,N,,0,2671039.8,345173.4,0.,0,30,1153.,0.,0.,0,1153.,,TL,53,F,5,03,ACTIVITY 3,,N N,,,,4,20250610005,9,All from Reserve,1865328,12938428,961,MISCKSE,MISCKSE,DAY,,,,,,,F,***,,***,,22.,4.,4.,0.,0.,4.,4.,1.,1.,200.,CT1,XDK,4209696,7920.,90,Invoiced Complete,89015592,,20250609,182503,20250613,103848,CGARCIA1,2025-06-10 01:18:42,0,2025-06-14 01:22:55,INFAJOB,WMIPHPICK_15_AGC_4687758_20250609190046.txt,WMI,35ca12b35a4c69a6772d6b91a39b78f3
257914177,20250613,202506,,7002,-7002,88975103,AGC,-961,88975103,88975103,DB,4601SL01,SGWSGFCA - FAIRFIELDNY - UPSTATE-,,3063 COURT STREET,,,SYRACUSE,NY,13208,840,,SGWSGFCA - FAIRFIELDNY - UPSTATE-,3063 COURT STREET,,,SYRACUSE,NY,13208,,840,4601-SL01,0,,,LTL,,,20,Fully Assigned To An Outbound Shipment,20250606,20250610,20250614,20015,250610P0000,N,0,0,0,2,90,Invoiced,,2,Pickticket Completely Invoiced.,,N,N,,0,2464862.4,0.,0.,0,21,1064.,0.,0.,0,1064.,,TL,53,F,5,03,ACTIVITY 3,,N N,,,,2,20250610030,9,All from Reserve,2207720,12980385,961,MISCNYU,MISCNYU,DAY,,,,,,,F,***,,***,,22.,14.,14.,0.,0.,14.,14.,1.,1.,200.,CT1,XDK,4210842,7920.,90,Invoiced Complete,88975103,,20250606,180154,20250614,20015,BCALDWELL,2025-06-07 01:21:37,0,2025-06-15 01:16:59,INFAJOB,WMIPHPICK_15_AGC_4680402_20250606190045.txt,WMI,45667c6311eaeb041d0e9aecb3bacaa9
295723107,20250616,202506,,7002,-7002,89049541,AGC,-961,89049541,89049541,DB,5201BULK,SGWSGFCA - FAIRFIELDAZ-,,2375 S 45TH AVE,,,PHOENIX,AZ,85043,840,,SGWSGFCA - FAIRFIELDAZ-,2375 S 45TH AVE,,,PHOENIX,AZ,85043,,840,5201-BULK,0,,,LTL,,,20,Fully Assigned To An Outbound Shipment,20250611,20250611,20250616,174552,250611P0000,N,0,0,0,2,90,Invoiced,,2,Pickticket Completely Invoiced.,,N,N,,0,692735.6,129729.6,0.,0,24,1170.,0.,0.,0,1170.,,TL,53,F,5,03,ACTIVITY 3,,N N,,,,2,20250611027,9,All from Reserve,2028527,12886643,961,MISCPHX,MISCPHX,DAY,,,,,,,F,***,,***,,22.,4.,4.,0.,0.,4.,4.,1.,1.,200.,CT1,XDK,4204727,7920.,90,Invoiced Complete,89049541,,20250611,82537,20250616,174552,CGARCIA1,2025-06-11 01:21:42,0,2025-06-17 01:17:36,INFAJOB,WMIPHPICK_15_AGC_4690929_20250610190047.txt,WMI,20267073362ca642ca933e4b8db746be
279238070,20250617,202506,,7002,-7002,89084827,AGC,-961,89084827,89084827,DB,4601SL01,SGWSGFCA - FAIRFIELDNY - UPSTATE-,,3063 COURT STREET,,,SYRACUSE,NY,13208,840,,SGWSGFCA - FAIRFIELDNY - UPSTATE-,3063 COURT STREET,,,SYRACUSE,NY,13208,,840,4601-SL01,0,,,LTL,,,20,Fully Assigned To An Outbound Shipment,20250611,20250611,20250617,182214,250611P0000,N,0,0,0,2,90,Invoiced,,2,Pickticket Completely Invoiced.,,N,N,,0,2141847.,2141847.,0.,0,26,1220.,0.,0.,0,1220.,,TL,53,F,5,03,ACTIVITY 3,,N N,,,,8,20250611014,9,All from Reserve,2207720,12980385,961,MISCNYU,MISCNYU,DAY,,,,,,,F,***,,***,,22.,3.,3.,0.,0.,3.,3.,1.,1.,200.,CT1,XDK,4222638,7920.,90,Invoiced Complete,89084827,,20250611,154232,20250617,182214,CGARCIA1,2025-06-12 01:22:04,0,2025-06-18 01:22:22,INFAJOB,WMIPHPICK_15_AGC_4694146_20250611190046.txt,WMI,428e29e04d9d0d1ea96a2138f6ab9fea
256567359,20250617,202506,,7002,-7002,CA7258045,AGC,-961,CA7258045,CA7258045,DB,99005,SANTA FE SPRINGS,SANTA FE SPRINGS,13500 FOSTER ROAD,,,SANTA FE SPRINGS,CA,90670,840,,SANTA FE SPRINGS,13500 FOSTER ROAD,,,SANTA FE SPRINGS,CA,90670,5629262000,840,CA0099005,20250528,,,LTL,,,20,Fully Assigned To An Outbound Shipment,20250527,20250616,20250617,164607,250616P0000,N,0,0,0,2,90,Invoiced,,2,Pickticket Completely Invoiced.,,N,N,07258045,1,42507.55,42507.55,0.,0,25,2465031.912,0.,0.,0,13982.,,TL,53,F,5,02,ACTIVITY 2,6200,N N,,,,9,20250616002,9,All from Reserve,1878756,13815728,961,33451,33451,DAY,,,,,,,F,***,,***,,4.,4.,4.,0.,4.,0.,0.,12.,660.,132.,CT1,SFS,*,48.59,90,Invoiced Complete,4216385,6200,20250527,160943,20250617,163219,TPALACIOS,2025-05-28 01:21:52,0,2025-06-18 01:22:22,INFAJOB,WMIPHPICK_15_AGC_4649310_20250527190044.txt,WMI,7f8d5580d4a2f6b30e6f9546b62030ea
234605674,20250618,202506,,7001,-7001,89054504,AGK,-960,89054504,89054504,DB,5901BULK,ANKAA GLOBAL LOGISTICS KY HUB,,13855 CORNHUSKER ROAD,,,OMAHA,NE,681383906,840,,ANKAA GLOBAL LOGISTICS KY HUB,13855 CORNHUSKER ROAD,,,OMAHA,NE,681383906,,840,5901-BULK,0,,,LTL,,,20,Fully Assigned To An Outbound Shipment,20250611,20250612,20250618,140924,250612P0000,N,0,0,0,2,90,Invoiced,,2,Pickticket Completely Invoiced.,,N,N,,0,30108.,30108.,0.,0,13,1451923.2,0.,0.,0,13.,,TL,53,F,5,03,ACTIVITY 3,,N N,,,,5,20250612018,9,All From Reserve,21688,4685067,960,MISCNEO,MISCNEO,DAY,,,,,,,F,***,,***,,22.,3.,3.,0.,0.,3.,3.,1.,1.,1.,CT1,XDK,4216404,7920.,90,Invoiced Complete,89054504,,20250611,160127,20250618,140924,ZMAERZ,2025-06-10 22:28:10,0,2025-06-18 22:26:01,INFAJOB,WMIPHPICK_15_AGK_4690261_20250610160045.txt,WMI,dfcccc8a6c163682cfde744fa87c7c10
254602577,20250618,202506,,7002,-7002,JST0000003,AGC,-961,JST0000003,JST0000003,DH,JST00002,SGWS NorCal,,1555 Atlantic Street,,,Union City,CA,94578,840,,SGWS NorCal,1555 Atlantic Street,,,Union City,CA,94578,,840,,0,,,LTL,,,20,Fully Assigned To An Outbound Shipment,20250612,20250612,20250618,140615,250612P0000,N,0,0,0,2,90,Invoiced,,2,Pickticket Completely Invoiced.,,N,N,JST0000003,1,336.,336.,0.,0,8,336.,0.,0.,0,8064.,,TL,53,F,5,01,ACTIVITY 1,,,,,,2,20250612014,9,All from Reserve,7057491,13787454,961,JST0000C,JST0000C,DAY,,,,,,,F,***,,***,,1536.,1536.,1536.,0.,0.,1536.,1536.,24.,1.,1.,CT1,JST,*,1.,90,Invoiced Complete,4230221,,20250612,170928,20250618,140615,VRINCON,2025-06-13 01:22:42,0,2025-06-19 01:22:52,INFAJOB,WMIPHPICK_15_AGC_4697301_20250612190047.txt,WMI,f810faa03faba7366abf01577776f3d0
271656542,20250618,202506,,7002,-7002,MCM0000082,AGC,-961,MCM0000082,MCM0000082,DH,MCM0001D,McPrice Myers Wines,,3525 Adelaida Road,,,Paso Robles,CA,93446,840,,McPrice Myers Wines,3525 Adelaida Road,,,Paso Robles,CA,93446,,840,,0,,,LTL,,,20,Fully Assigned To An Outbound Shipment,20250616,20250616,20250618,141204,250616P0000,N,0,0,0,2,90,Invoiced,,2,Pickticket Completely Invoiced.,,N,N,MCM0000082,1,182.5,182.5,0.,0,1,17356.53,0.,0.,0,120.,,TL,53,F,5,01,ACTIVITY 1,,,,,,1,20250616010,9,All from Reserve,113044,13709596,961,MCM0000H,MCM0000H,DAY,,,,,,,F,***,,***,,120.,120.,120.,0.,0.,120.,120.,12.,672.,168.,CT1,MCM,*,1.,90,Invoiced Complete,PM061625,,20250616,141618,20250618,141204,VRINCON,2025-06-17 01:17:36,0,2025-06-19 01:22:52,INFAJOB,WMIPHPICK_15_AGC_4707836_20250616190045.txt,WMI,96ea0db020f7b19e1dec72b4a57bbcb1
231015077,20250619,202506,,7002,-7002,HI7520368,AGC,-961,HI7520368,HI7520368,DB,331,SGWS BIG ISLAND WHSE 4,SGWS BIG ISLAND WHSE 4,"61 3785 MALUOKALANI PLACE, #12",,,KAWAIHAE,HI,96743,840,,SGWS BIG ISLAND WHSE 4,"61 3785 MALUOKALANI PLACE, #12",,,KAWAIHAE,HI,96743,8088821841,840,HI0000331,20250611,,,LTL,,,20,Fully Assigned To An Outbound Shipment,20250610,20250618,20250619,143137,250618P0000,N,0,2,0,2,90,Invoiced,,2,Pickticket Completely Invoiced.,,N,N,07520368,1,17197.35,17197.35,0.,0,34,973731.923,0.,0.,0,7002.,,TL,53,F,5,05,Reserve and Case-Pick,6600,N N,,,,44,20250618002,5C,Reserve and Case-Pick,2176035,13780392,961,986292,986292,CSP,,,,,,,F,***,,***,,156.,156.,156.,0.,0.,156.,156.,12.,624.,156.,CT1,HIC,*,1848.6,90,Invoiced Complete,4228348,6600,20250610,194526,20250619,143137,VRINCON,2025-06-11 01:21:42,0,2025-06-20 01:23:16,INFAJOB,WMIPHPICK_15_AGC_4690929_20250610190047.txt,WMI,782b0c9957de9027a3e7d89c39db9fc2
231557461,20250619,202506,,7002,-7002,HI7520366,AGC,-961,HI7520366,HI7520366,DB,329,SGWS CAMPBELL WHSE 1,SGWS CAMPBELL WHSE 1,91 210 HANUA ST,,,KAPOLEI,HI,96707,840,,SGWS CAMPBELL WHSE 1,91 210 HANUA ST,,,KAPOLEI,HI,96707,8086823737,840,HI0000329,20250611,,,LTL,,,20,Fully Assigned To An Outbound Shipment,20250610,20250617,20250619,91702,250617P0000,N,0,2,0,2,90,Invoiced,,2,Pickticket Completely Invoiced.,,N,N,07520366,1,31914.3,31914.3,0.,0,26,2303485.948,0.,0.,0,10566.,,TL,53,F,5,05,Reserve and Case-Pick,6600,N N,,,,14,20250617007,5C,Reserve and Case-Pick,1821806,13831068,961,240793,240793,CSP,,,,,,,F,***,,***,,204.,204.,204.,0.,204.,0.,0.,12.,816.,204.,CT1,HIC,*,1694.73,90,Invoiced Complete,4228351,6600,20250610,194326,20250619,91653,VRINCON,2025-06-11 01:21:42,0,2025-06-20 01:23:16,INFAJOB,WMIPHPICK_15_AGC_4690929_20250610190047.txt,WMI,dcf77661890ae9c1e8335caddd4153d3
247798423,20250623,202506,,7002,-7002,89259961,AGC,-961,89259961,89259961,DB,87011000,SGWSGFCA - FAIRFIELDTX W -107221028,,15245 HERITAGE PARKWAY,,,FORT WORTH,TX,76177,840,,SGWSGFCA - FAIRFIELDTX W -107221028,15245 HERITAGE PARKWAY,,,FORT WORTH,TX,76177,,840,8701-1000,0,,,LTL,,,20,Fully Assigned To An Outbound Shipment,20250619,20250619,20250624,4344,250619P0000,N,0,0,0,2,90,Invoiced,,2,Pickticket Completely Invoiced.,,N,N,,0,742667.79998,0.,0.,0,27,1235.,0.,0.,0,1235.,,TL,53,F,5,03,ACTIVITY 3,,N N,,,,3,20250619021,9,All from Reserve,2179873,13026456,961,MISCTXD,MISCTXD,DAY,,,,,,,F,***,,***,,22.,15.,15.,0.,0.,15.,15.,1.,1.,200.,CT1,XDK,4222248,7920.,90,Invoiced Complete,89259961,,20250619,162825,20250624,4344,BCALDWELL,2025-06-19 01:22:52,0,2025-06-25 01:22:29,INFAJOB,WMIPHPICK_15_AGC_4714149_20250618190046.txt,WMI,f12a8ef29a114206c71e6416d47f1517
247354510,20250625,202506,,7002,-7002,PRE000000E,AGC,-961,PRE000000E,PRE000000E,DH,PRE0009C,"CLAY STREET IMPORTS, LLC",,"CLAY STREET IMPORTS, LLC // ATTN: G",,,ORLANDO,FL,32824,840,,"CLAY STREET IMPORTS, LLC","CLAY STREET IMPORTS, LLC // ATTN: S",,,PICO RIVERA,CA,90660,,840,,0,,,LTL,,,20,Fully Assigned To An Outbound Shipment,20250623,20250623,0,0,250623P0000,N,0,0,0,2,40,Pack Complete,,,,,N,N,PRE000000E,1,1856.,0.,0.,0,3,218936.,0.,0.,0,1632.,,TL,53,F,5,01,ACTIVITY 1,,,,,,20000,20250623013,9,All from Reserve,142021,13822110,961,PRE0007P,PRE0007P,DAY,,,,,,,F,***,,***,,672.,672.,672.,0.,0.,0.,672.,12.,1.,1.,CT1,PRE,*,1.,83,Packed,10369758,,20250623,173059,20250625,112641,JGUTIERREZ,2025-06-24 01:18:46,0,2025-06-26 01:21:49,INFAJOB,WMIPHPICK_15_AGC_4727570_20250623190046.txt,WMI,1b9e1fb75e8629175cfb0384fed03d34
268487102,20250627,202506,,7002,-7002,89384827,AGC,-961,89384827,89384827,DB,5901BULK,SGWSGFCA - FAIRFIELDE-,,13855 CORNHUSKER ROAD,,,OMAHA,NE,681383906,840,,SGWSGFCA - FAIRFIELDE-,13855 CORNHUSKER ROAD,,,OMAHA,NE,681383906,,840,5901-BULK,0,,,LTL,,,20,Fully Assigned To An Outbound Shipment,20250624,20250624,20250628,21551,250624P0000,N,0,0,0,2,90,Invoiced,,2,Pickticket Completely Invoiced.,,N,N,,0,2432430.,0.,0.,0,30,1050.,0.,0.,0,1050.,,TL,53,F,5,03,ACTIVITY 3,,N N,,,,4,20250624025,9,All from Reserve,278135,12930629,961,MISCNEO,MISCNEO,DAY,,,,,,,F,***,,***,,22.,10.,10.,0.,0.,10.,10.,1.,1.,200.,CT1,XDK,4190528,7920.,90,Invoiced Complete,89384827,,20250624,175919,20250628,21551,BCALDWELL,2025-06-25 01:22:29,0,2025-06-29 01:16:14,INFAJOB,WMIPHPICK_15_AGC_4730770_20250624190047.txt,WMI,1cb27fcc0c24b7705ad8710b78f0a374
258807121,20250630,202506,,7001,-7001,89320426,AGK,-960,89320426,89320426,DB,93011000,ANKAA GLOBAL LOGISTICS KY HUB,,11101 SMITTY LANE,,,NORTH LITTLE ROCK,AR,721175390,840,,ANKAA GLOBAL LOGISTICS KY HUB,11101 SMITTY LANE,,,NORTH LITTLE ROCK,AR,721175390,,840,9301-1000,0,,,LTL,,,20,Fully Assigned To An Outbound Shipment,20250623,20250626,20250630,104613,250626P0000,N,0,0,0,2,90,Invoiced,,2,Pickticket Completely Invoiced.,,N,N,,0,2177603.4,0.,0.,0,17,104984840.4,0.,0.,0,940.,,TL,53,F,5,03,ACTIVITY 3,,N N,,,,6,20250626028,9,All From Reserve,51781,4696109,960,MISCARL,MISCARL,DAY,,,,,,,F,***,,***,,22.,1.,1.,0.,0.,1.,1.,1.,1.,1.,CT1,XDK,4200064,7920.,90,Invoiced Complete,89320426,,20250623,82501,20250630,104613,BSHEARER,2025-06-20 22:23:48,0,2025-06-30 22:22:27,INFAJOB,WMIPHPICK_15_AGK_4719794_20250620160045.txt,WMI,24b2fcfe43a24453df766c408ef7df3c
230906404,20250630,202506,,7002,-7002,89382628,AGC,-961,89382628,89382628,DB,6601KAHU,SGWSGFCA - FAIRFIELDI - KAHU-,,231 LALO PLACE,,,"KAHULUI, MAUI",HI,96732,840,,SGWSGFCA - FAIRFIELDI - KAHU-,231 LALO PLACE,,,"KAHULUI, MAUI",HI,96732,,840,6601-KAHU,0,,,LTL,,,20,Fully Assigned To An Outbound Shipment,20250625,20250625,20250630,133833,250625P0000,N,0,0,0,2,90,Invoiced,,2,Pickticket Completely Invoiced.,,N,N,,0,1561356.79995,0.,0.,0,23,1011.,0.,0.,0,1011.,,TL,53,F,5,03,ACTIVITY 3,,N N,,,,5,20250625033,9,All from Reserve,920691,13016240,961,MISCHIM,MISCHIM,DAY,,,,,,,F,***,,***,,22.,113.,113.,0.,0.,113.,113.,1.,1.,200.,CT1,XDK,4206136,7920.,90,Invoiced Complete,89382628,,20250625,172505,20250630,133833,RCHOCKLIN,2025-06-26 01:21:49,0,2025-07-01 01:22:37,INFAJOB,WMIPHPICK_15_AGC_4733246_20250625190045.txt,WMI,3ef6a61a150f263848b6b3da681fd20e
251181839,20250701,202507,,7001,-7001,ARG000000B,AGK,-960,ARG000000B,ARG000000B,DH,ARG0000D,SGWS-TX,,15245 Heritage Parkway,,,Fort Worth,TX,76177,840,,SGWS-TX,15245 Heritage Parkway,,,Fort Worth,TX,76177,972-277-2000,840,,0,,,LTL,,,20,Fully Assigned To An Outbound Shipment,20250626,20250627,20250701,142134,250627P0000,N,0,0,0,2,90,Invoiced,,2,Pickticket Completely Invoiced.,,N,N,ARG000000B,1,1185.,0.,1185.,0,38,1608.,0.,1185.,0,14823.,,TL,53,F,5,03,ACTIVITY 3,,,,,,16,20250627005,9,All From Reserve,472375,14335615,960,ARG00012,ARG00012,DAY,,,,,,,F,***,,***,,120.,120.,120.,0.,0.,120.,120.,6.,1.,1.,CT1,ARG,*,1.,90,Invoiced Complete,4242975,,20250626,155225,20250701,142134,ZMAERZ,2025-06-26 22:22:20,0,2025-07-02 01:53:57,INFAJOB,WMIPHPICK_15_AGK_4735765_20250626160045.txt,WMI,efa3e5294b6d3faca6343ffe9b1b4965
251397938,20250702,202507,,7002,-7002,HI7520505,AGC,-961,HI7520505,HI7520505,DB,329,SGWS CAMPBELL WHSE 1,SGWS CAMPBELL WHSE 1,91 210 HANUA ST,,,KAPOLEI,HI,96707,840,,SGWS CAMPBELL WHSE 1,91 210 HANUA ST,,,KAPOLEI,HI,96707,8086823737,840,HI0000329,20250625,,,LTL,,,20,Fully Assigned To An Outbound Shipment,20250624,20250630,20250702,153440,250630P0000,N,0,0,0,2,90,Invoiced,,2,Pickticket Completely Invoiced.,,N,N,07520505,1,35221.83,35221.83,38820.78,0,48,2029576.684,0.,1885961.199,0,12264.,,TL,53,F,5,02,ACTIVITY 2,6600,N N,,,,21,20250630001,9,All from Reserve,212855,13946316,961,608547,608547,DAY,,,,,,,F,***,,***,,48.,48.,48.,0.,0.,48.,48.,12.,672.,168.,CT1,HIC,*,476.,90,Invoiced Complete,4240460,6600,20250624,161213,20250702,153440,VRINCON,2025-06-25 01:22:29,0,2025-07-03 01:22:32,INFAJOB,WMIPHPICK_15_AGC_4730770_20250624190047.txt,WMI,cb00570ea952b6dd03389e1356bea359
278568209,20250702,202507,,7002,-7002,HI7520506,AGC,-961,HI7520506,HI7520506,DB,332,SGWS KAUAI WHSE 5,SGWS KAUAI WHSE 5,1556 HALEUKANA ST,,,LIHUE,HI,96766,840,,SGWS KAUAI WHSE 5,1556 HALEUKANA ST,,,LIHUE,HI,96766,8082452999,840,HI0000332,20250625,,,LTL,,,20,Fully Assigned To An Outbound Shipment,20250624,20250627,20250702,153304,250627P0000,N,0,0,0,2,90,Invoiced,,2,Pickticket Completely Invoiced.,,N,N,07520506,1,26431.35,26431.35,0.,0,66,1824074.378,0.,0.,0,8656.,,TL,53,F,5,02,ACTIVITY 2,6600,N N,,,,58,20250627020,9,All from Reserve,169695,14377108,961,646785,646785,DAY,,,,,,,F,***,,***,,336.,336.,336.,0.,0.,336.,336.,12.,672.,168.,CT1,HIC,*,1245.16,90,Invoiced Complete,4240462,6600,20250624,161413,20250702,153304,VRINCON,2025-06-25 01:22:29,0,2025-07-03 01:22:32,INFAJOB,WMIPHPICK_15_AGC_4730770_20250624190047.txt,WMI,861652b8d542d5fb4dc5a5c08e4907cb
256480150,20250703,202507,,7002,-7002,89448160,AGC,-961,89448160,89448160,DB,94011000,SGWSGFCA - FAIRFIELDS - EDWARDSVI 1,,1100 BLAKE STREET,,,EDWARDSVILLE,KS,66111,840,,SGWSGFCA - FAIRFIELDS - EDWARDSVI 1,1100 BLAKE STREET,,,EDWARDSVILLE,KS,66111,,840,9401-1000,0,,,LTL,,,20,Fully Assigned To An Outbound Shipment,20250627,20250627,20250703,162512,250627P0000,N,0,0,0,2,90,Invoiced,,2,Pickticket Completely Invoiced.,,N,N,,0,740235.06994,0.,0.,0,26,1167.,0.,0.,0,1167.,,TL,53,F,5,03,ACTIVITY 3,,N N,,,,9,20250627047,9,All from Reserve,1865328,12938428,961,MISCKSE,MISCKSE,DAY,,,,,,,F,***,,***,,22.,783.,783.,0.,0.,783.,783.,1.,1.,200.,CT1,XDK,4200129,7920.,90,Invoiced Complete,89448160,,20250627,180616,20250703,162512,RCHOCKLIN,2025-06-27 01:22:15,0,2025-07-04 06:17:45,INFAJOB,WMIPHPICK_15_AGC_4736432_20250626190046.txt,WMI,e67be7166bf2db231ce0fdd4c9370739
223593960,20250703,202507,,7002,-7002,89417052,AGC,-961,89417052,89417052,DB,5601BULK,SGWSGFCA - FAIRFIELDMN-,,3350 4TH AVENUE EAST,,,SHAKOPEE,MN,55379,840,,SGWSGFCA - FAIRFIELDMN-,3350 4TH AVENUE EAST,,,SHAKOPEE,MN,55379,,840,5601-BULK,0,,,LTL,0002168117,0002167786,10,Partially Assigned To An Outbound Shipment,20250626,20250626,20250703,74914,250626P0000,N,0,0,0,2,90,Invoiced,,2,Pickticket Completely Invoiced.,,N,N,,0,1275349.68,0.,0.,0,31,1051.,0.,0.,0,1058.,,TL,53,F,5,03,ACTIVITY 3,,N N,,,,12,20250626031,9,All from Reserve,12772823,12985326,961,MISCMIN,MISCMIN,DAY,,,,,,,F,***,,***,,22.,8.,8.,0.,0.,8.,8.,1.,1.,200.,CT1,XDK,4228860,7920.,90,Invoiced Complete,89417052,,20250626,180557,20250703,74914,EUBER,2025-06-26 01:21:49,0,2025-07-04 06:17:45,INFAJOB,WMIPHPICK_15_AGC_4733246_20250625190045.txt,WMI,8abddbf1e8de6a7b8ab483fd723059d2
232156769,20250703,202507,,7002,-7002,HI7520508,AGC,-961,HI7520508,HI7520508,DB,331,SGWS BIG ISLAND WHSE 4,SGWS BIG ISLAND WHSE 4,"61 3785 MALUOKALANI PLACE, #12",,,KAWAIHAE,HI,96743,840,,SGWS BIG ISLAND WHSE 4,"61 3785 MALUOKALANI PLACE, #12",,,KAWAIHAE,HI,96743,8088821841,840,HI0000331,20250625,,,LTL,,,20,Fully Assigned To An Outbound Shipment,20250624,20250701,20250703,124825,250701P0000,N,0,0,0,2,90,Invoiced,,2,Pickticket Completely Invoiced.,,N,N,07520508,1,29297.55,29297.55,0.,0,80,2098358.713,0.,0.,0,11268.,,TL,53,F,5,02,ACTIVITY 2,6600,N N,,,,59,20250701004,9,All from Reserve,1971886,14086970,961,598332,598332,DAY,,,,,,,F,***,,***,,12.,12.,12.,0.,0.,12.,12.,12.,480.,120.,CT1,HIC,*,113.33,90,Invoiced Complete,4240463,6600,20250624,161613,20250703,124825,VRINCON,2025-06-25 01:22:29,0,2025-07-04 06:17:45,INFAJOB,WMIPHPICK_15_AGC_4730770_20250624190047.txt,WMI,be9880bcdd9f06cbcef570998c71044a
256848973,20250707,202507,,7001,-7001,89510371,AGK,-960,89510371,89510371,DB,77011000,ANKAA GLOBAL LOGISTICS KY HUB,,6290 SHELBY VIEW DR,,,MEMPHIS,TN,381347662,840,,ANKAA GLOBAL LOGISTICS KY HUB,6290 SHELBY VIEW DR,,,MEMPHIS,TN,381347662,,840,7701-1000,0,,,LTL,,,20,Fully Assigned To An Outbound Shipment,20250701,20250702,20250707,153742,250702P0000,N,0,0,0,2,90,Invoiced,,2,Pickticket Completely Invoiced.,,N,N,,0,3664861.2,0.,0.,0,26,176687252.,0.,0.,0,1582.,,TL,53,F,5,03,ACTIVITY 3,,N N,,,,1,20250702007,9,All From Reserve,19169,4662419,960,MISCTEN,MISCTEN,DAY,,,,,,,F,***,,***,,22.,33.,33.,0.,0.,33.,33.,1.,1.,1.,CT1,XDK,4207913,7920.,90,Invoiced Complete,89510371,,20250701,155514,20250707,153742,BSHEARER,2025-06-30 22:22:27,0,2025-07-07 22:23:08,INFAJOB,WMIPHPICK_15_AGK_4747441_20250630160044.txt,WMI,084487e2afc47126dc6009619866375e
270458431,20250707,202507,,7001,-7001,89586943,AGK,-960,89586943,89586943,DB,87011000,ANKAA GLOBAL LOGISTICS KY HUB221028,,15245 HERITAGE PARKWAY,,,FORT WORTH,TX,76177,840,,ANKAA GLOBAL LOGISTICS KY HUB221028,15245 HERITAGE PARKWAY,,,FORT WORTH,TX,76177,,840,8701-1000,0,,,LTL,,,20,Fully Assigned To An Outbound Shipment,20250703,20250703,20250707,133701,250703P0000,N,0,0,0,2,90,Invoiced,,2,Pickticket Completely Invoiced.,,N,N,,0,1974778.2,0.,0.,0,18,100873041.6,0.,0.,0,903.,,TL,53,F,5,03,ACTIVITY 3,,N N,,,,1,20250703026,9,All From Reserve,31792,4680223,960,MISCTXD,MISCTXD,DAY,,,,,,,F,***,,***,,22.,228.,228.,0.,0.,228.,228.,1.,1.,1.,CT1,XDK,4183011,7920.,90,Invoiced Complete,89586943,,20250703,150248,20250707,133701,BSHEARER,2025-07-02 22:23:02,0,2025-07-07 22:23:08,INFAJOB,WMIPHPICK_15_AGK_4753776_20250702160044.txt,WMI,959dec6540af04e57961238c0bc86df1
178581822,20250708,202507,,7001,-7001,84324736,AGK,-960,84324736,84324736,DB,3201COLU,SOUTHERN GLAZER'S OF SC,,7600 RICHARD ST,,,COLUMBIA,SC,29209,840,,SOUTHERN GLAZER'S OF SC,7600 RICHARD ST,,,COLUMBIA,SC,29209,,840,3201-COLU,0,,,LTL,,,,Not Assigned To An Outbound Shipment,20241118,0,0,0,,,,,,,99,Cancelled,,3,Pickticket Cancelled.,,Y,N,,0,0.,0.,0.,0,0,0.,0.,0.,0,23.,,TL,53,F,0,,,,N N,,,,4,,,,19447,4757900,960,MISCCOL,MISCCOL,,,,,,,,F,,,,,22.,4.,4.,0.,4.,0.,0.,1.,0.,0.,CT1,XDK,4031470,0.,,,,,20241118,144930,20250708,144103,KRENO,2024-11-18 23:18:32,0,2025-07-08 22:23:05,INFAJOB,WMIPHPICK_15_AGK_4097875_20241118160037.txt,WMI,65937cbc95b2218d91a61facf5877572
270630801,20250708,202507,,7001,-7001,SC7504918,AGK,-960,SC7504918,SC7504918,DB,9014,SGWS - SOUTH CAROLINA,SGWS - SOUTH CAROLINA,7600 RICHARD STREET,,,COLUMBIA,SC,29202,840,,SGWS - SOUTH CAROLINA,7600 RICHARD STREET,,,COLUMBIA,SC,29202,8036951630,840,SC0009014,20250703,,,LTL,,,,Not Assigned To An Outbound Shipment,20250703,0,0,0,,,,,,,99,Cancelled,,3,Pickticket Cancelled.,,Y,N,07504918,1,0.,0.,0.,0,0,0.,0.,0.,0,5472.,,TL,53,F,0,,,3200,N N,,,,2,,,,74802,12001954,960,537526,537526,,,,,,,,F,,,,,1344.,1344.,1344.,0.,1344.,0.,0.,12.,0.,0.,,COL,*,8541.12,,,,3200,20250703,113306,20250708,143537,ZMAERZ,2025-07-03 22:22:13,0,2025-07-08 22:23:05,INFAJOB,WMIPHPICK_15_AGK_4756865_20250703160046.txt,WMI,803a362fc15bf191513899cf148cfafe
243816979,20250708,202507,,7002,-7002,89578781,AGC,-961,89578781,89578781,DB,87011000,SGWSGFCA - FAIRFIELDTX W -107221028,,15245 HERITAGE PARKWAY,,,FORT WORTH,TX,76177,840,,SGWSGFCA - FAIRFIELDTX W -107221028,15245 HERITAGE PARKWAY,,,FORT WORTH,TX,76177,,840,8701-1000,0,,,LTL,,,20,Fully Assigned To An Outbound Shipment,20250702,20250702,20250708,104657,250702P0000,N,0,0,0,2,90,Invoiced,,2,Pickticket Completely Invoiced.,,N,N,,0,2640307.4,2640307.4,0.,0,22,1203.,0.,0.,0,1203.,,TL,53,F,5,03,ACTIVITY 3,,N N,,,,3,20250702027,9,All from Reserve,2179873,13026456,961,MISCTXD,MISCTXD,DAY,,,,,,,F,***,,***,,22.,60.,60.,0.,0.,60.,60.,1.,1.,200.,CT1,XDK,4233995,7920.,90,Invoiced Complete,89578781,,20250702,115951,20250708,104657,RCHOCKLIN,2025-07-03 01:22:32,0,2025-07-09 01:18:52,INFAJOB,WMIPHPICK_15_AGC_4754442_20250702190047.txt,WMI,ef26d4a440a8acd5ab14720dc84002ef
233255240,20250708,202507,,7002,-7002,89576543,AGC,-961,89576543,89576543,DB,5201BULK,SGWSGFCA - FAIRFIELDAZ-,,2375 S 45TH AVE,,,PHOENIX,AZ,85043,840,,SGWSGFCA - FAIRFIELDAZ-,2375 S 45TH AVE,,,PHOENIX,AZ,85043,,840,5201-BULK,0,,,LTL,,,20,Fully Assigned To An Outbound Shipment,20250702,20250702,20250708,183029,250702P0000,N,0,0,0,2,90,Invoiced,,2,Pickticket Completely Invoiced.,,N,N,,0,41402.99998,1138.5,0.,0,23,1200.,0.,0.,0,1200.,,TL,53,F,5,03,ACTIVITY 3,,N N,,,,4,20250702009,9,All from Reserve,2028527,12886643,961,MISCPHX,MISCPHX,DAY,,,,,,,F,***,,***,,22.,581.,581.,0.,0.,581.,581.,1.,1.,200.,CT1,XDK,4238414,7920.,90,Invoiced Complete,89576543,,20250702,115951,20250708,183029,RCHOCKLIN,2025-07-03 01:22:32,0,2025-07-09 01:18:52,INFAJOB,WMIPHPICK_15_AGC_4754442_20250702190047.txt,WMI,c096a2bb83773c95f176a82c5f1cb60f
220366529,20250708,202507,,7002,-7002,HI7520558,AGC,-961,HI7520558,HI7520558,DB,332,SGWS KAUAI WHSE 5,SGWS KAUAI WHSE 5,1556 HALEUKANA ST,,,LIHUE,HI,96766,840,,SGWS KAUAI WHSE 5,1556 HALEUKANA ST,,,LIHUE,HI,96766,8082452999,840,HI0000332,20250708,,,LTL,,,20,Fully Assigned To An Outbound Shipment,20250701,20250702,20250708,141206,250702P0000,N,0,0,0,2,90,Invoiced,,2,Pickticket Completely Invoiced.,,N,N,07520558,1,15252.75,15252.75,0.,0,42,1035912.408,0.,0.,0,4810.,,TL,53,F,5,02,ACTIVITY 2,6600,N N,,,,24,20250702043,9,All from Reserve,1964206,13802727,961,593163,593163,DAY,,,,,,,F,***,,***,,168.,168.,168.,0.,0.,168.,168.,12.,672.,168.,CT1,HIC,*,891.1,90,Invoiced Complete,4246494,6600,20250701,151141,20250708,141206,AGUERRERO,2025-07-02 01:19:26,0,2025-07-09 01:18:52,INFAJOB,WMIPHPICK_15_AGC_4751344_20250701190052.txt,WMI,2f6a57f0a2d2523e2624ad27b4a13cad
228472098,20250709,202507,,7002,-7002,SC7504914,AGC,-961,SC7504914,SC7504914,DB,9014,SGWS - SOUTH CAROLINA,SGWS - SOUTH CAROLINA,7600 RICHARD STREET,,,COLUMBIA,SC,29202,840,,SGWS - SOUTH CAROLINA,7600 RICHARD STREET,,,COLUMBIA,SC,29202,8036951630,840,SC0009014,20250702,,,LTL,,,20,Fully Assigned To An Outbound Shipment,20250701,20250708,0,0,250708P0000,N,0,0,0,2,40,Pack Complete,,,,,N,N,07504914,1,1607.2,0.,0.,0,1,102528.,0.,0.,0,672.,,TL,53,F,5,02,ACTIVITY 2,3200,N N,,,,1,20250708017,9,All from Reserve,2339552,13828960,961,632651,632651,DAY,,,,,,,F,***,,***,,672.,672.,672.,0.,0.,0.,672.,12.,672.,168.,CT1,COL,*,5434.8,83,Packed,4246716,3200,20250701,161345,20250709,180022,EJUAREZ,2025-07-02 01:19:26,0,2025-07-10 01:18:50,INFAJOB,WMIPHPICK_15_AGC_4751344_20250701190052.txt,WMI,dc76e67fbdf4f3e6a34bef2089251194
244233579,20250707,202507,,7002,-7002,89648988,AGC,-961,89648988,89648988,DB,87021000,SGWSGFCA - FAIRFIELDTX W 512532-,,525 CANE ISLAND PARKWAY,,,KATY,TX,77494,840,,SGWSGFCA - FAIRFIELDTX W 512532-,525 CANE ISLAND PARKWAY,,,KATY,TX,77494,,840,8702-1000,0,,,LTL,,,20,Fully Assigned To An Outbound Shipment,20250707,20250708,20250711,30153,250708P0000,N,0,0,0,2,90,Invoiced,,2,Pickticket Completely Invoiced.,,N,N,,0,2501928.,2501928.,0.,0,26,1080.,0.,0.,0,1080.,,TL,53,F,5,03,ACTIVITY 3,,N N,,,,7,,,,2180193,12920171,961,MISCTXH,MISCTXH,,,,,,,,F,,,,,22.,0.,0.,0.,0.,0.,0.,1.,0.,0.,CT1,XDK,4236536,0.,,,,,20250707,174905,20250707,174905,AGCWMI,2025-07-08 01:26:02,0,2025-07-12 01:19:11,INFAJOB,WMIPHPICK_15_AGC_4769704_20250707190044.txt,WMI,ff9446cbf0a81052d54d06d7a6629eaa
277854387,20250711,202507,,7002,-7002,89724702,AGC,-961,89724702,89724702,DB,3201COLU,SGWSGFCA - FAIRFIELDSC-,,7600 RICHARD ST,,,COLUMBIA,SC,29209,840,,SGWSGFCA - FAIRFIELDSC-,7600 RICHARD ST,,,COLUMBIA,SC,29209,,840,3201-COLU,0,,,LTL,,,20,Fully Assigned To An Outbound Shipment,20250710,20250710,20250711,163605,250710P0000,N,0,0,0,2,90,Invoiced,,2,Pickticket Completely Invoiced.,,N,N,,0,1121831.8,0.,0.,0,20,968.,0.,0.,0,968.,,TL,53,F,5,03,ACTIVITY 3,,N N,,,,8,20250710026,9,All from Reserve,12685467,12945008,961,MISCCOL,MISCCOL,DAY,,,,,,,F,***,,***,,22.,112.,112.,0.,0.,112.,112.,1.,1.,200.,CT1,XDK,4224584,7920.,90,Invoiced Complete,89724702,,20250710,170601,20250711,163605,RCHOCKLIN,2025-07-10 01:18:50,0,2025-07-12 01:19:11,INFAJOB,WMIPHPICK_15_AGC_4776021_20250709190045.txt,WMI,7ddaddb312cb131f3dc4978d58c1baf8
245776125,20250711,202507,,7002,-7002,89684811,AGC,-961,89684811,89684811,DB,5601BULK,SGWSGFCA - FAIRFIELDMN-,,3350 4TH AVENUE EAST,,,SHAKOPEE,MN,55379,840,,SGWSGFCA - FAIRFIELDMN-,3350 4TH AVENUE EAST,,,SHAKOPEE,MN,55379,,840,5601-BULK,0,,,LTL,,,20,Fully Assigned To An Outbound Shipment,20250708,20250709,20250712,13239,250709P0000,N,0,0,0,2,90,Invoiced,,2,Pickticket Completely Invoiced.,,N,N,,0,570993.39985,570993.39985,0.,0,23,112979.4,0.,0.,0,1294.,,TL,53,F,5,03,ACTIVITY 3,,N N,,,,1,20250709016,9,All from Reserve,12772823,12985326,961,MISCMIN,MISCMIN,DAY,,,,,,,F,***,,***,,22.,1.,1.,0.,0.,1.,1.,1.,1.,200.,CT1,XDK,4237067,7920.,90,Invoiced Complete,89684811,,20250708,164551,20250712,13239,BCALDWELL,2025-07-09 01:18:52,0,2025-07-13 01:17:18,INFAJOB,WMIPHPICK_15_AGC_4772864_20250708190045.txt,WMI,3be44d8b6d87140a03723683b5b648f3
239151258,20250714,202507,,7002,-7002,89608608,AGC,-961,89608608,89608608,DB,77011000,SGWSGFCA - FAIRFIELDTN-,,6290 SHELBY VIEW DR,,,MEMPHIS,TN,381347662,840,,SGWSGFCA - FAIRFIELDTN-,6290 SHELBY VIEW DR,,,MEMPHIS,TN,381347662,,840,7701-1000,0,,,LTL,,,20,Fully Assigned To An Outbound Shipment,20250707,20250708,20250714,172025,250708P0000,N,0,0,0,2,90,Invoiced,,2,Pickticket Completely Invoiced.,,N,N,,0,2411580.6,268725.6,0.,0,25,1041.,0.,0.,0,1050.,,TL,53,F,5,03,ACTIVITY 3,,N N,,,,16,20250708038,9,All from Reserve,6491550,12968114,961,MISCTEN,MISCTEN,DAY,,,,,,,F,***,,***,,22.,12.,12.,0.,0.,12.,12.,1.,1.,200.,CT1,XDK,4240568,7920.,90,Invoiced Complete,89608608,,20250707,121347,20250714,172025,CGARCIA1,2025-07-04 06:17:45,0,2025-07-15 01:19:08,INFAJOB,WMIPHPICK_15_AGC_4757529_20250703190046.txt,WMI,7004ab360363c58bf0450c86e3ce2d42
298370856,20250715,202507,,7002,-7002,89746553,AGC,-961,89746553,89746553,DB,7801DENV,SGWSGFCA - FAIRFIELDCO-,,22800 EAST 19TH AVENUE,,,AURORA,CO,80019,840,,SGWSGFCA - FAIRFIELDCO-,22800 EAST 19TH AVENUE,,,AURORA,CO,80019,,840,7801-DENV,0,,,LTL,,,20,Fully Assigned To An Outbound Shipment,20250710,20250710,20250715,154436,250710P0000,N,0,0,0,2,90,Invoiced,,2,Pickticket Completely Invoiced.,,N,N,,0,807052.99991,807052.99991,0.,0,23,1422.,0.,0.,0,1422.,,TL,53,F,5,03,ACTIVITY 3,,N N,,,,4,20250710037,9,All from Reserve,603892,13173221,961,MISCCOA,MISCCOA,DAY,,,,,,,F,***,,***,,22.,80.,80.,0.,0.,80.,80.,1.,1.,200.,CT1,XDK,4237702,7920.,90,Invoiced Complete,89746553,,20250710,144123,20250715,154436,CGARCIA1,2025-07-11 01:18:39,0,2025-07-16 01:24:33,INFAJOB,WMIPHPICK_15_AGC_4779215_20250710190045.txt,WMI,f1aebb65ef6fd701683aa77e85aa8c39
280591244,20250715,202507,,7002,-7002,89776034,AGC,-961,89776034,89776034,DB,5601BULK,SGWSGFCA - FAIRFIELDSD-,,3350 4TH AVENUE EAST,,,SHAKOPEE,MN,55379,840,,SGWSGFCA - FAIRFIELDSD-,3350 4TH AVENUE EAST,,,SHAKOPEE,MN,55379,,840,5601-BULK,0,,,LTL,,,20,Fully Assigned To An Outbound Shipment,20250711,20250711,20250715,175152,250711P0000,N,0,0,0,2,90,Invoiced,,2,Pickticket Completely Invoiced.,,N,N,,0,42010.79999,0.,0.,0,29,1168.,0.,0.,0,1168.,,TL,53,F,5,03,ACTIVITY 3,,N N,,,,2,20250711023,9,All from Reserve,12772823,12985326,961,MISCMIN,MISCMIN,DAY,,,,,,,F,***,,***,,22.,59.,59.,0.,0.,59.,59.,1.,1.,200.,CT1,XDK,4233751,7920.,90,Invoiced Complete,89776034,,20250711,162122,20250715,175152,CGARCIA1,2025-07-12 01:19:11,0,2025-07-16 01:24:33,INFAJOB,WMIPHPICK_15_AGC_4782398_20250711190045.txt,WMI,74080882ef2ba34aa95d8a54c5c09ebd
264087388,20250715,202507,,7002,-7002,CA7259349,AGC,-961,CA7259349,CA7259349,DB,99005,SANTA FE SPRINGS,SANTA FE SPRINGS,13500 FOSTER ROAD,,,SANTA FE SPRINGS,CA,90670,840,,SANTA FE SPRINGS,13500 FOSTER ROAD,,,SANTA FE SPRINGS,CA,90670,5629262000,840,CA0099005,20250709,,,LTL,,,20,Fully Assigned To An Outbound Shipment,20250708,20250714,20250715,160324,250714P0000,N,0,0,0,2,90,Invoiced,,2,Pickticket Completely Invoiced.,,N,N,07259349,1,27561.35,27561.35,0.,0,13,1370694.6,0.,0.,0,8004.,,TL,53,F,5,02,ACTIVITY 2,6200,N N,,,,2,20250714001,9,All from Reserve,1896680,14121071,961,13146,13146,DAY,,,,,,,F,***,,***,,2160.,2160.,2160.,0.,0.,2160.,2160.,6.,360.,90.,CT1,SFS,*,47844.,90,Invoiced Complete,4250090,6200,20250708,134010,20250715,160324,CGARCIA1,2025-07-09 01:18:52,0,2025-07-16 01:24:33,INFAJOB,WMIPHPICK_15_AGC_4772864_20250708190045.txt,WMI,463fa90d8bcc56c8577b6a0253c75871
279499544,20250716,202507,,7001,-7001,NY7663569,AGK,-960,NY7663569,NY7663569,DB,40037,SGWS/NEW YORK METRO,SGWS/NEW YORK METRO,345 UNDERHILL BLVD,,,SYOSSET,NY,11791,840,,SGWS/NEW YORK METRO,345 UNDERHILL BLVD,,,SYOSSET,NY,11791,5169219005,840,NY0040037,20250710,,,LTL,,,20,Fully Assigned To An Outbound Shipment,20250709,20250714,20250716,134821,250714P0000,N,0,0,0,2,90,Invoiced,,2,Pickticket Completely Invoiced.,,N,N,07663569,1,40983.4,0.,0.,0,19,2210956.8,0.,0.,0,13464.,,TL,53,F,5,02,ACTIVITY 2,4500,N N,,,,2,20250714023,9,All From Reserve,26498,15553750,960,28714,28714,DAY,,,,,,,F,***,,***,,3600.,3600.,3600.,0.,0.,3600.,3600.,6.,360.,90.,CT1,NYM,*,47172.,90,Invoiced Complete,4251062,4500,20250709,133258,20250716,134821,BSHEARER,2025-07-09 22:23:14,0,2025-07-16 22:24:58,INFAJOB,WMIPHPICK_15_AGK_4775357_20250709160045.txt,WMI,21e5319b4f15376a682fa289bf608493
282985139,20250716,202507,,7002,-7002,89749659,AGC,-961,89749659,89749659,DB,7201LASV,SGWSGFCA - FAIRFIELDA RDC FAIRFIELD,,8400 SOUTH JONES BLVD,,,LAS VEGAS,NV,89139,840,,SGWSGFCA - FAIRFIELDA RDC FAIRFIELD,8400 SOUTH JONES BLVD,,,LAS VEGAS,NV,89139,,840,7201-LASV,0,,,LTL,,,20,Fully Assigned To An Outbound Shipment,20250710,20250710,20250716,172320,250710P0000,N,0,0,0,2,90,Invoiced,,2,Pickticket Completely Invoiced.,,N,N,,0,861221.,0.,0.,0,16,515.,0.,0.,0,515.,,TL,53,F,5,03,ACTIVITY 3,,N N,,,,12,20250710048,9,All from Reserve,428533,12991968,961,MISCNVL,MISCNVL,DAY,,,,,,,F,***,,***,,22.,66.,66.,0.,0.,66.,66.,1.,1.,200.,CT1,XDK,4242516,7920.,90,Invoiced Complete,89749659,,20250710,150524,20250716,172320,CGARCIA1,2025-07-11 01:18:39,0,2025-07-17 01:23:25,INFAJOB,WMIPHPICK_15_AGC_4779215_20250710190045.txt,WMI,fcfab2722d85456725b73db6554735b8
277255041,20250717,202507,,7002,-7002,89694734,AGC,-961,89694734,89694734,DB,83011000,SGWSGFCA - FAIRFIELDA WA 0000085-,,4377 112TH STREET,,,URBANDALE,IA,503222073,840,,SGWSGFCA - FAIRFIELDA WA 0000085-,4377 112TH STREET,,,URBANDALE,IA,503222073,,840,8301-1000,0,,,LTL,,,20,Fully Assigned To An Outbound Shipment,20250710,20250711,20250717,174746,250711P0000,N,0,0,0,2,90,Invoiced,,2,Pickticket Completely Invoiced.,,N,N,,0,1987642.8,16216.2,0.,0,23,858.,0.,0.,0,858.,,TL,53,F,5,03,ACTIVITY 3,,N N,,,,6,20250711001,9,All from Reserve,9594909,12906807,961,MISCIAU,MISCIAU,DAY,,,,,,,F,***,,***,,22.,10.,10.,0.,0.,10.,10.,1.,1.,200.,CT1,XDK,4237439,7920.,90,Invoiced Complete,89694734,,20250710,132318,20250717,174746,CGARCIA1,2025-07-09 01:18:52,0,2025-07-18 01:22:31,INFAJOB,WMIPHPICK_15_AGC_4772864_20250708190045.txt,WMI,57ccfec33cb9e111dcd25a1b2f428acf
270914988,20250717,202507,,7002,-7002,89776070,AGC,-961,89776070,89776070,DB,87021000,SGWSGFCA - FAIRFIELDTX W 512532-,,525 CANE ISLAND PARKWAY,,,KATY,TX,77494,840,,SGWSGFCA - FAIRFIELDTX W 512532-,525 CANE ISLAND PARKWAY,,,KATY,TX,77494,,840,8702-1000,0,,,LTL,,,20,Fully Assigned To An Outbound Shipment,20250711,20250711,20250717,173126,250711P0000,N,0,0,0,2,90,Invoiced,,2,Pickticket Completely Invoiced.,,N,N,,0,447433.6,1545.,0.,0,25,1145.,0.,0.,0,1145.,,TL,53,F,5,03,ACTIVITY 3,,N N,,,,13,20250711029,9,All from Reserve,2180193,12920171,961,MISCTXH,MISCTXH,DAY,,,,,,,F,***,,***,,22.,88.,88.,0.,0.,88.,88.,1.,1.,200.,CT1,XDK,4240204,7920.,90,Invoiced Complete,89776070,,20250711,160321,20250717,173126,CGARCIA1,2025-07-12 01:19:11,0,2025-07-18 01:22:31,INFAJOB,WMIPHPICK_15_AGC_4782398_20250711190045.txt,WMI,b06f23ffd4c454feed2077676d7d30b4
270927468,20250717,202507,,7002,-7002,89776070,AGC,-961,89776070,89776070,DB,87021000,SGWSGFCA - FAIRFIELDTX W 512532-,,525 CANE ISLAND PARKWAY,,,KATY,TX,77494,840,,SGWSGFCA - FAIRFIELDTX W 512532-,525 CANE ISLAND PARKWAY,,,KATY,TX,77494,,840,8702-1000,0,,,LTL,,,20,Fully Assigned To An Outbound Shipment,20250711,20250711,20250717,173126,250711P0000,N,0,0,0,2,90,Invoiced,,2,Pickticket Completely Invoiced.,,N,N,,0,447433.6,1545.,0.,0,25,1145.,0.,0.,0,1145.,,TL,53,F,5,03,ACTIVITY 3,,N N,,,,4,20250711029,9,All from Reserve,2180193,12920171,961,MISCTXH,MISCTXH,DAY,,,,,,,F,***,,***,,22.,73.,73.,0.,0.,73.,73.,1.,1.,200.,CT1,XDK,4236288,7920.,90,Invoiced Complete,89776070,,20250711,160321,20250717,173126,CGARCIA1,2025-07-12 01:19:11,0,2025-07-18 01:22:31,INFAJOB,WMIPHPICK_15_AGC_4782398_20250711190045.txt,WMI,e44d9456042b6a4d39fe4221031f89f2
256636370,20250721,202507,,7001,-7001,IL7551598,AGK,-960,IL7551598,IL7551598,DB,36452,SGWS - ILLINOIS- TRANSFER,SGWS - ILLINOIS- TRANSFER,300 E CROSSROADS PKWY,,,BOLINGBROOK,IL,60440,840,,SGWS - ILLINOIS- TRANSFER,300 E CROSSROADS PKWY,,,BOLINGBROOK,IL,60440,,840,IL0036452,20250716,,,LTL,,,20,Fully Assigned To An Outbound Shipment,20250715,20250717,20250721,104951,250717P0000,N,0,0,0,2,90,Invoiced,,2,Pickticket Completely Invoiced.,,N,N,07551598,1,21884.,0.,0.,0,23,2445811.2,0.,0.,0,13260.,,TL,53,F,5,02,ACTIVITY 2,3500,N N,,,,2,20250717017,9,All From Reserve,10631222,14543995,960,522395,522395,DAY,,,,,,,F,***,,***,,720.,720.,720.,0.,0.,720.,720.,12.,720.,180.,CT1,BOL,*,3035.4,90,Invoiced Complete,4256980,3500,20250715,165418,20250721,104951,BSHEARER,2025-07-15 22:25:38,0,2025-07-21 22:23:14,INFAJOB,WMIPHPICK_15_AGK_4792030_20250715160044.txt,WMI,d5902d3fa6498835b4e74aa06781584c
247905579,20250715,202507,,7002,-7002,89815278,AGC,-961,89815278,89815278,DB,6601KAWA,SGWSGFCA - FAIRFIELDI - KAWA-,,61 3785 MALUOKALANI PL 12,,,KAWAIHAE,HI,96743,840,,SGWSGFCA - FAIRFIELDI - KAWA-,61 3785 MALUOKALANI PL 12,,,KAWAIHAE,HI,96743,,840,6601-KAWA,0,,,LTL,,,20,Fully Assigned To An Outbound Shipment,20250715,20250715,0,0,250715P0000,N,0,0,0,2,70,Loaded On Trailer,,,,,N,N,,0,2819302.2,0.,0.,0,23,1217.,0.,0.,0,1217.,,TL,53,F,5,03,ACTIVITY 3,,N N,,,,4,20250715018,9,All from Reserve,6491230,12907000,961,MISCHIB,MISCHIB,DAY,,,,,,,F,***,,***,,22.,601.,601.,0.,0.,0.,601.,1.,1.,200.,CT1,XDK,4225520,7920.,83,Packed,89815278,,20250715,172151,20250716,10737,GHEN,2025-07-15 01:19:08,0,2025-07-22 01:22:01,INFAJOB,WMIPHPICK_15_AGC_4789700_20250714190046.txt,WMI,6eb8169bb4b12e14188bfb6e0925412b
272099873,20250721,202507,,7002,-7002,89941118,AGC,-961,89941118,89941118,DB,7201LASV,SGWSGFCA - FAIRFIELDNV - LAS VEGAS-,,8400 SOUTH JONES BLVD,,,LAS VEGAS,NV,89139,840,,SGWSGFCA - FAIRFIELDNV - LAS VEGAS-,8400 SOUTH JONES BLVD,,,LAS VEGAS,NV,89139,,840,7201-LASV,0,,,LTL,,,10,Partially Assigned To An Outbound Shipment,20250718,20250719,0,0,250719P0000,,0,0,0,2,35,In Packing,,,,,N,N,,0,73487.59998,0.,0.,0,26,1665.,0.,0.,0,1665.,,TL,53,F,5,03,ACTIVITY 3,,N N,,,,3,20250719005,9,All from Reserve,428533,12991968,961,MISCNVL,MISCNVL,DAY,,,,,,,F,***,,***,,22.,3.,3.,0.,0.,0.,3.,1.,1.,200.,CT1,XDK,4244725,7920.,83,Packed,89941118,,20250718,170521,20250721,215422,FORELLANA,2025-07-19 01:24:02,0,2025-07-23 01:24:27,INFAJOB,WMIPHPICK_15_AGC_4802317_20250718190045.txt,WMI,01aa187b6f9b814e791251de3a99c52d
283697355,20250721,202507,,7002,-7002,89942117,AGC,-961,89942117,89942117,DB,7201LASV,SGWSGFCA - FAIRFIELDNV - LAS VEGAS-,,8400 SOUTH JONES BLVD,,,LAS VEGAS,NV,89139,840,,SGWSGFCA - FAIRFIELDNV - LAS VEGAS-,8400 SOUTH JONES BLVD,,,LAS VEGAS,NV,89139,,840,7201-LASV,0,,,LTL,,,10,Partially Assigned To An Outbound Shipment,20250718,20250719,0,0,250719P0000,N,0,0,0,2,40,Pack Complete,,,,,N,N,,0,41188.99998,0.,0.,0,26,1075.,0.,0.,0,1075.,,TL,53,F,5,03,ACTIVITY 3,,N N,,,,4,20250719006,9,All from Reserve,428533,12991968,961,MISCNVL,MISCNVL,DAY,,,,,,,F,***,,***,,22.,935.,935.,0.,0.,0.,935.,1.,1.,200.,CT1,XDK,4242492,7920.,83,Packed,89942117,,20250718,170521,20250721,231816,CSAE,2025-07-19 01:24:02,0,2025-07-23 01:24:27,INFAJOB,WMIPHPICK_15_AGC_4802317_20250718190045.txt,WMI,7dc3aac6fca50bcea558da7671c32485
250593259,20250722,202507,,7002,-7002,90015519,AGC,-961,90015519,90015519,DB,6601KAPO,SGWSGFCA - FAIRFIELDHI-KAPO-,,91 210 HANUA STREET,,,KAPOLEI,HI,96707,840,,SGWSGFCA - FAIRFIELDHI-KAPO-,91 210 HANUA STREET,,,KAPOLEI,HI,96707,,840,6601-KAPO,0,,,LTL,,,,Not Assigned To An Outbound Shipment,20250722,0,0,0,,,,,,,10,Unselected,,,,,Y,N,,0,0.,0.,0.,0,0,0.,0.,0.,0,990.,,TL,53,F,0,,,,N N,,,,7,,,,2402272,13113973,961,MISCHIC,MISCHIC,,,,,,,,F,,,,,22.,2.,2.,0.,0.,0.,0.,1.,0.,0.,CT1,XDK,4246231,0.,,,,,20250722,152541,20250722,152541,AGCWMI,2025-07-23 01:24:27,0,2025-07-23 01:24:27,INFAJOB,WMIPHPICK_15_AGC_4812135_20250722190046.txt,WMI,b662f889c8f9143897b22fe7bf39dcfd
267672515,20250722,202507,,7002,-7002,HI7520685,AGC,-961,HI7520685,HI7520685,DB,329,SGWS CAMPBELL WHSE 1,SGWS CAMPBELL WHSE 1,91 210 HANUA ST,,,KAPOLEI,HI,96707,840,,SGWS CAMPBELL WHSE 1,91 210 HANUA ST,,,KAPOLEI,HI,96707,8086823737,840,HI0000329,20250723,,,LTL,,,,Not Assigned To An Outbound Shipment,20250722,0,0,0,,,,,,,10,Unselected,,,,,Y,N,07520685,1,0.,0.,0.,0,0,0.,0.,0.,0,5142.,,TL,53,F,0,,,6600,N N,,,,1,,,,1858925,13767110,961,28729,28729,,,,,,,,F,,,,,1944.,1944.,1944.,0.,0.,0.,0.,12.,0.,0.,,HIC,*,15250.68,,,,6600,20250722,174320,20250722,174320,AGCWMI,2025-07-23 01:24:27,0,2025-07-23 01:24:27,INFAJOB,WMIPHPICK_15_AGC_4812135_20250722190046.txt,WMI,cac107adcff5ecb46b17d796ed161cc9
100415602,20240212,202402,,7001,-7001,1000000361,AGK,-960,100000000X,100000000X,DH,10000148,NVL/SFS 77559557,,4757 W PARK BLVD SUITE #106,,,PLANO,TX,75093,840,,FUZI FINE WINE,4757 W PARK BLVD SUITE #106,,,PLANO,TX,75093,9729439463,840,1000014891,20231113,,,LTL,,,20,Fully Assigned To An Outbound Shipment,20231113,20240209,20240212,144536,240209P0000,N,0,0,0,2,90,Invoiced,,2,Pickticket Completely Invoiced.,,N,N,000,0,60216.,0.,60216.,0,26,2913926.,0.,2913926.,0,26.,,TL,53,F,5,03,ACTIVITY 3,8700,N N,30012966,Matthew,Carruthers,7,20240209004,9,All From Reserve,47540,4775488,960,MISCSFS,MISCSFS,DAY,,,,,,,F,***,,***,,1.,1.,1.,0.,0.,1.,1.,1.,1.,1.,CT1,XDK,3654399,7920.,90,Invoiced Complete,77559557,,20240209,74127,20240212,144536,EDOBBINS,2024-07-20 14:03:28,0,2024-07-20 14:03:28,INFAJOB,WMIPHPICK_15_Adhoc_3730955_20240719125822.txt,WMI,8545f75b6b9f3b423f865be7cf0f59b4
103337585,20240411,202404,,7001,-7001,79204723,AGK,-960,79204723,79204723,DB,6601KAHU,SOUTHERN GLAZERS OF HI - KAHU,,231 LALO PLACE,,,"KAHULUI, MAUI",HI,96732,840,,SOUTHERN GLAZERS OF HI - KAHU,231 LALO PLACE,,,"KAHULUI, MAUI",HI,96732,,840,6601-KAHU,0,,,LTL,,,20,Fully Assigned To An Outbound Shipment,20240410,20240411,20240411,121419,240411P0000,N,0,0,0,2,90,Invoiced,,2,Pickticket Completely Invoiced.,,N,N,,0,62532.,62532.,0.,0,27,3015532.8,0.,0.,0,27.,,TL,53,F,5,03,ACTIVITY 3,,N N,,,,10,20240411001,9,All From Reserve,78729,4636382,960,MISCHIM,MISCHIM,DAY,,,,,,,F,***,,***,,22.,1.,1.,0.,0.,1.,1.,1.,1.,1.,CT1,XDK,3843491,7920.,90,Invoiced Complete,79204723,,20240410,130151,20240411,121419,EDOBBINS,2024-07-20 14:03:28,0,2024-07-20 14:03:28,INFAJOB,WMIPHPICK_15_Adhoc_3730955_20240719125822.txt,WMI,5271f753f3ce12ef45f67830a15e5ec9
99118783,20240708,202407,,7001,-7001,81032752,AGK,-960,81032752,81032752,DB,7801DENV,SOUTHERN GLAZER'S OF CO,,22800 EAST 19TH AVENUE,,,AURORA,CO,80019,840,,SOUTHERN GLAZER'S OF CO,22800 EAST 19TH AVENUE,,,AURORA,CO,80019,,840,7801-DENV,0,,,LTL,,,20,Fully Assigned To An Outbound Shipment,20240628,20240701,20240708,104649,240701P0000,N,0,0,0,2,90,Invoiced,,2,Pickticket Completely Invoiced.,,N,N,,0,39372.,0.,0.,0,17,1898668.8,0.,0.,0,17.,,TL,53,F,5,03,ACTIVITY 3,,N N,,,,2,20240701002,9,All From Reserve,19998,4723587,960,MISCCOA,MISCCOA,DAY,,,,,,,F,***,,***,,22.,1.,1.,0.,0.,1.,1.,1.,1.,1.,CT1,XDK,3921529,7920.,90,Invoiced Complete,81032752,,20240628,115123,20240708,104649,EDOBBINS,2024-07-20 14:03:28,0,2024-07-20 14:03:28,INFAJOB,WMIPHPICK_15_Adhoc_3730955_20240719125822.txt,WMI,81d6395d4003d0d9e485a8841b15dd63
101081287,20240424,202404,,7001,-7001,78964791,AGK,-960,78964791,78964791,DB,87011000,SOUTHERN GLAZER'S OF TX W -10722102,,15245 HERITAGE PARKWAY,,,FORT WORTH,TX,76177,840,,SOUTHERN GLAZER'S OF TX W -10722102,15245 HERITAGE PARKWAY,,,FORT WORTH,TX,76177,,840,8701-1000,0,,,LTL,,,20,Fully Assigned To An Outbound Shipment,20240329,20240422,20240424,145729,240422P0000,N,0,0,0,2,90,Invoiced,,2,Pickticket Completely Invoiced.,,N,N,,0,53268.,0.,0.,0,23,2568787.2,0.,0.,0,23.,,TL,53,F,5,03,ACTIVITY 3,,N N,,,,1,20240422009,9,All From Reserve,31792,4680223,960,MISCTXD,MISCTXD,DAY,,,,,,,F,***,,***,,22.,23.,23.,0.,0.,23.,23.,1.,1.,1.,CT1,XDK,3842554,7920.,90,Invoiced Complete,78964791,,20240329,140749,20240424,145729,ZNOEFL,2024-07-20 14:03:28,0,2024-07-20 14:03:28,INFAJOB,WMIPHPICK_15_Adhoc_3730955_20240719125822.txt,WMI,d2e8e3fb00dd0815d0810a519938d7b3
99370474,20240207,202402,,7001,-7001,1000000336,AGK,-960,100000000X,100000000X,DH,10000148,INA 77463897,,4757 W PARK BLVD SUITE #106,,,PLANO,TX,75093,840,,FUZI FINE WINE,4757 W PARK BLVD SUITE #106,,,PLANO,TX,75093,9729439463,840,1000014891,20231113,,,LTL,,,20,Fully Assigned To An Outbound Shipment,20231113,20240206,20240207,151147,240206P0000,N,0,0,0,2,90,Invoiced,,2,Pickticket Completely Invoiced.,,N,N,000,0,34740.,0.,0.,0,15,1681344.,0.,0.,0,15.,,TL,53,F,5,03,ACTIVITY 3,8700,N N,30012966,Matthew,Carruthers,4,20240206001,9,All From Reserve,61185,4753217,960,MISCINA,MISCINA,DAY,,,,,,,F,***,,***,,1.,1.,1.,0.,0.,1.,1.,1.,1.,1.,CT1,XDK,3759968,7920.,90,Invoiced Complete,77463897,,20240206,92600,20240207,151147,EDOBBINS,2024-07-20 14:03:28,0,2024-07-20 14:03:28,INFAJOB,WMIPHPICK_15_Adhoc_3730955_20240719125822.txt,WMI,435b0071130d1053685d00ad2fd5d399
101876012,20240510,202405,,7001,-7001,79753500,AGK,-960,79753500,79753500,DB,92011000,SOUTHERN GLAZERS OF LA - ST. ROSE 7,,111 RIVERBEND DR,,,SAINT ROSE,LA,700873318,840,,SOUTHERN GLAZERS OF LA - ST. ROSE 7,111 RIVERBEND DR,,,SAINT ROSE,LA,700873318,,840,9201-1000,0,,,LTL,,,20,Fully Assigned To An Outbound Shipment,20240503,20240508,20240510,154233,240508P0000,N,0,0,0,2,90,Invoiced,,2,Pickticket Completely Invoiced.,,N,N,,0,53268.,0.,0.,0,23,2568787.2,0.,0.,0,23.,,TL,53,F,5,03,ACTIVITY 3,,N N,,,,1,20240508006,9,All From Reserve,19475,4747617,960,MISCLAS,MISCLAS,DAY,,,,,,,F,***,,***,,22.,1.,1.,0.,0.,1.,1.,1.,1.,1.,CT1,XDK,3867236,7920.,90,Invoiced Complete,79753500,,20240503,130655,20240510,154233,EDOBBINS,2024-07-20 14:03:28,0,2024-07-20 14:03:28,INFAJOB,WMIPHPICK_15_Adhoc_3730955_20240719125822.txt,WMI,59cfa7983cc9b5f731f44d342d3bddcf
102159775,20240220,202402,,7001,-7001,1000000401,AGK,-960,100000000X,100000000X,DH,10000148,LAK 77830626,,4757 W PARK BLVD SUITE #106,,,PLANO,TX,75093,840,,FUZI FINE WINE,4757 W PARK BLVD SUITE #106,,,PLANO,TX,75093,9729439463,840,1000014891,20231113,,,LTL,,,20,Fully Assigned To An Outbound Shipment,20231113,20240216,20240220,140009,240216P0000,N,0,0,0,2,90,Invoiced,,2,Pickticket Completely Invoiced.,,N,N,000,0,41688.,0.,0.,0,18,2017612.8,0.,0.,0,18.,,TL,53,F,5,03,ACTIVITY 3,8700,N N,30012966,Matthew,Carruthers,1,20240216002,9,All From Reserve,65558,4734609,960,MISCLAK,MISCLAK,DAY,,,,,,,F,***,,***,,13.,13.,13.,0.,0.,13.,13.,1.,1.,1.,CT1,XDK,3778776,7920.,90,Invoiced Complete,77830626,,20240216,102341,20240220,140009,EDOBBINS,2024-07-20 14:03:28,0,2024-07-20 14:03:28,INFAJOB,WMIPHPICK_15_Adhoc_3730955_20240719125822.txt,WMI,2fe578ce9ca0941605c6b2d157d6a896
100091929,20240403,202404,,7001,-7001,78939086,AGK,-960,78939086,78939086,DB,SGWSGFCA,SGWSGFCA - FAIRFIELD,,4750 BUSINESS CENTER DR,,,FAIRFIELD,CA,94534,840,,SGWSGFCA - FAIRFIELD,4750 BUSINESS CENTER DR,,,FAIRFIELD,CA,94534,,840,SGWSGFCA,0,,,LTL,,,20,Fully Assigned To An Outbound Shipment,20240328,20240403,20240403,145228,240403P0000,N,0,0,0,2,90,Invoiced,,2,Pickticket Completely Invoiced.,,N,N,,0,60216.,60216.,0.,0,26,2903842.8,0.,0.,0,26.,,TL,53,F,5,03,ACTIVITY 3,,N N,,,,1,20240403011,9,All From Reserve,63782,4715579,960,MISCHIC,MISCHIC,DAY,,,,,,,F,***,,***,,22.,2.,2.,0.,0.,2.,2.,1.,1.,1.,CT1,XDK,3831571,7920.,90,Invoiced Complete,78939086,,20240328,114323,20240403,145228,EDOBBINS,2024-07-20 14:03:28,0,2024-07-20 14:03:28,INFAJOB,WMIPHPICK_15_Adhoc_3730955_20240719125822.txt,WMI,9b24ead2cf5cffe0b4c1684e83db1a23
100277276,20240513,202405,,7001,-7001,79567472,AGK,-960,79567472,79567472,DB,87014000,SOUTHERN GLAZER'S OF TX W -10722102,,15245 HERITAGE PARKWAY,,,FORT WORTH,TX,76177,840,,SOUTHERN GLAZER'S OF TX W -10722102,15245 HERITAGE PARKWAY,,,FORT WORTH,TX,76177,,840,8701-4000,0,,,LTL,,,20,Fully Assigned To An Outbound Shipment,20240430,20240509,20240513,142237,240509P0000,N,0,0,0,2,90,Invoiced,,2,Pickticket Completely Invoiced.,,N,N,,0,50952.,0.,0.,0,22,2457100.8,0.,0.,0,23.,,TL,53,F,5,03,ACTIVITY 3,,N N,,,,4,20240509009,9,All From Reserve,31792,4680223,960,MISCTXD,MISCTXD,DAY,,,,,,,F,***,,***,,22.,1.,1.,0.,0.,1.,1.,1.,1.,1.,CT1,XDK,3838191,7920.,90,Invoiced Complete,79567472,,20240430,112830,20240513,142237,EDOBBINS,2024-07-20 14:03:28,0,2024-07-20 14:03:28,INFAJOB,WMIPHPICK_15_Adhoc_3730955_20240719125822.txt,WMI,7e3859ecd153c24790e8da4ab94049da
102416118,20240104,202401,,7001,-7001,1000000132,AGK,-960,100000000X,100000000X,DH,10000148,76755685 COA 1/3,,4757 W PARK BLVD SUITE #106,,,PLANO,TX,75093,840,,FUZI FINE WINE,4757 W PARK BLVD SUITE #106,,,PLANO,TX,75093,9729439463,840,1000014891,20231113,,,LTL,,,20,Fully Assigned To An Outbound Shipment,20231113,20231223,20240104,132316,231223P0000,N,0,0,0,2,90,Invoiced,,2,Pickticket Completely Invoiced.,,N,N,000,0,27792.,0.,0.,0,12,1344268.,0.,0.,0,12.,,TL,53,F,5,03,ACTIVITY 3,8700,N N,30012966,Matthew,Carruthers,7,20231223015,9,All From Reserve,19998,4723587,960,MISCCOA,MISCCOA,DAY,,,,,,,F,***,,***,,1.,1.,1.,0.,0.,1.,1.,1.,1.,1.,CT1,COA,3751647,7920.,90,Invoiced Complete,76755685 COA 1/3,,20231223,152405,20240104,132316,EDOBBINS,2024-07-20 14:03:28,0,2024-07-20 14:03:28,INFAJOB,WMIPHPICK_15_Adhoc_3730955_20240719125822.txt,WMI,ab85b1cecb6efbb307b49e016a9842bf
99594993,20240605,202406,,7001,-7001,80359708,AGK,-960,80359708,80359708,DB,1401BULK,SOUTHERN GLAZERS OF FL,,4440 OLD TAMPA HIGHWAY,,,LAKELAND,FL,33811,840,,SOUTHERN GLAZERS OF FL,4440 OLD TAMPA HIGHWAY,,,LAKELAND,FL,33811,,840,1401-BULK,0,,,LTL,,,20,Fully Assigned To An Outbound Shipment,20240530,20240531,20240605,130002,240531P0000,N,0,0,0,2,90,Invoiced,,2,Pickticket Completely Invoiced.,,N,N,,0,37056.,2316.,0.,0,16,1792627.2,0.,0.,0,16.,,TL,53,F,5,03,ACTIVITY 3,,N N,,,,4,20240531005,9,All From Reserve,65558,4734609,960,MISCLAK,MISCLAK,DAY,,,,,,,F,***,,***,,22.,6.,6.,0.,0.,6.,6.,1.,1.,1.,CT1,XDK,3824464,7920.,90,Invoiced Complete,80359708,,20240530,114516,20240605,130002,EDOBBINS,2024-07-20 14:03:28,0,2024-07-20 14:03:28,INFAJOB,WMIPHPICK_15_Adhoc_3730955_20240719125822.txt,WMI,7f5f968ba49819196a1cf2021d36b7cb
100814609,20240227,202402,,7001,-7001,1000000435,AGK,-960,100000000X,100000000X,DH,10000148,PHX/ALB 78119534,,4757 W PARK BLVD SUITE #106,,,PLANO,TX,75093,840,,FUZI FINE WINE,4757 W PARK BLVD SUITE #106,,,PLANO,TX,75093,9729439463,840,1000014891,20231113,,,LTL,,,20,Fully Assigned To An Outbound Shipment,20231113,20240226,20240227,162850,240226P0000,N,0,0,0,2,90,Invoiced,,2,Pickticket Completely Invoiced.,,N,N,000,0,57900.,0.,0.,0,25,2802240.,0.,0.,0,25.,,TL,53,F,5,03,ACTIVITY 3,8700,N N,30012966,Matthew,Carruthers,1,20240226007,9,All From Reserve,9867729,4723601,960,MISCPHX,MISCPHX,DAY,,,,,,,F,***,,***,,1.,1.,1.,0.,0.,1.,1.,1.,1.,1.,CT1,XDK,3783195,7920.,90,Invoiced Complete,78119534,,20240226,110908,20240227,162850,EDOBBINS,2024-07-20 14:03:28,0,2024-07-20 14:03:28,INFAJOB,WMIPHPICK_15_Adhoc_3730955_20240719125822.txt,WMI,a771f093a62fd6486cf81ca56d26597d
111127280,20240423,202404,,7001,-7001,79369821,AGK,-960,79369821,79369821,DB,6601LIHU,SOUTHERN GLAZERS OF HI -LIHU,,1556 HALEUKANA ST,,,"LIHUE, KAUAI",HI,96766,840,,SOUTHERN GLAZERS OF HI -LIHU,1556 HALEUKANA ST,,,"LIHUE, KAUAI",HI,96766,,840,6601-LIHU,0,,,LTL,,,20,Fully Assigned To An Outbound Shipment,20240417,20240418,20240423,115753,240418P0000,N,0,0,0,2,90,Invoiced,,2,Pickticket Completely Invoiced.,,N,N,,0,76428.,0.,0.,0,33,3693715.2,0.,0.,0,33.,,TL,53,F,5,03,ACTIVITY 3,,N N,,,,15,20240418013,9,All From Reserve,40612,4689091,960,MISCHIK,MISCHIK,DAY,,,,,,,F,***,,***,,22.,1.,1.,0.,0.,1.,1.,1.,1.,1.,CT1,XDK,3839764,7920.,90,Invoiced Complete,79369821,,20240417,153107,20240423,115753,EDOBBINS,2024-07-20 14:03:28,0,2024-07-20 14:03:28,INFAJOB,WMIPHPICK_15_Adhoc_3730955_20240719125822.txt,WMI,9bb1ff42a2f750813f54a3ded75d91d3
100271320,20240619,202406,,7001,-7001,80670623,AGK,-960,80670623,80670623,DB,3201COLU,SOUTHERN GLAZERS OF SC,,7600 RICHARD ST,,,COLUMBIA,SC,29209,840,,SOUTHERN GLAZERS OF SC,7600 RICHARD ST,,,COLUMBIA,SC,29209,,840,3201-COLU,0,,,LTL,,,20,Fully Assigned To An Outbound Shipment,20240612,20240617,20240619,154907,240617P0000,N,0,0,0,2,90,Invoiced,,2,Pickticket Completely Invoiced.,,N,N,,0,57900.,0.,0.,0,25,2792160.,0.,0.,0,25.,,TL,53,F,5,03,ACTIVITY 3,,N N,,,,3,20240617011,9,All From Reserve,19447,4757900,960,MISCCOL,MISCCOL,DAY,,,,,,,F,***,,***,,22.,4.,4.,0.,0.,4.,4.,1.,1.,1.,CT1,XDK,3903603,7920.,90,Invoiced Complete,80670623,,20240612,104307,20240619,154907,KRENO,2024-07-20 14:03:28,0,2024-07-20 14:03:28,INFAJOB,WMIPHPICK_15_Adhoc_3730955_20240719125822.txt,WMI,e1cb9ba6a677c6429b28ce4465039001
100424837,20240726,202407,,7001,-7001,81474807,AGK,-960,81474807,81474807,DB,4501METR,SOUTHERN GLAZER'S OF NY - SYOSSET,,345 UNDERHILL BLVD,,,SYOSSET,NY,11791,840,,SOUTHERN GLAZER'S OF NY - SYOSSET,345 UNDERHILL BLVD,,,SYOSSET,NY,11791,,840,4501-METR,0,,,LTL,,,20,Fully Assigned To An Outbound Shipment,20240718,20240719,20240726,142619,240719P0000,N,0,0,0,2,90,Invoiced,,2,Pickticket Completely Invoiced.,,N,N,,0,50952.,0.,0.,0,22,2458713.6,0.,0.,0,22.,,TL,53,F,5,03,ACTIVITY 3,,N N,,,,9,20240719004,9,All From Reserve,10620348,4725135,960,MISCNJR,MISCNJR,DAY,,,,,,,F,***,,***,,22.,1.,1.,0.,0.,1.,1.,1.,1.,1.,CT1,XDK,3913183,7920.,90,Invoiced Complete,81474807,,20240718,125552,20240726,142619,KRENO,2024-07-20 14:03:28,0,2024-07-27 13:18:21,INFAJOB,WMIPHPICK_15_Adhoc_3730955_20240719125822.txt,WMI,07feaba0e193449a5eb94eba7a77f06d
105727737,20240731,202407,,7001,-7001,8TQ000001Z,AGK,-960,8TQ000001Z,8TQ000001Z,DH,8TQ000GC,SOUTHERN GLAZER'S W AND S - SYOSSET,,345 UNDERHILL BLVD,,,SYOSSET,NY,11791,840,,SOUTHERN GLAZER'S W AND S - SYOSSET,SYOSSET DIVISION,,,MIRAMAR,FL,33027,,840,,0,,,LTL,,,20,Fully Assigned To An Outbound Shipment,20240726,20240726,20240731,124123,240726P0000,N,0,0,0,2,90,Invoiced,,2,Pickticket Completely Invoiced.,,N,N,,0,7.,7.,0.,0,7,70560.,0.,0.,0,3360.,,TL,53,F,5,01,ACTIVITY 1,,,,,,1,20240726013,9,All From Reserve,28075,4727650,960,8TQ00008,8TQ00008,DAY,,,,,,,F,***,,***,,3360.,3360.,3360.,0.,0.,3360.,3360.,6.,480.,120.,CT1,8TQ,*,1.,90,Invoiced Complete,3956002,,20240726,134725,20240731,124123,ZNOEFL,2024-07-27 13:18:21,0,2024-08-01 13:18:04,INFAJOB,WMIPHPICK_15_AGK_3752909_20240727080041.txt,WMI,4c063cfe3909575043833084880da9c2
99946315,20240724,202407,,7001,-7001,81528400,AGK,-960,81528400,81528400,DB,1401BULK,SOUTHERN GLAZERS OF FL,,4440 OLD TAMPA HIGHWAY,,,LAKELAND,FL,33811,840,,SOUTHERN GLAZERS OF FL,4440 OLD TAMPA HIGHWAY,,,LAKELAND,FL,33811,,840,1401-BULK,0,,,LTL,,,20,Fully Assigned To An Outbound Shipment,20240722,20240722,20240724,134858,240722P0000,N,0,0,0,2,90,Invoiced,,2,Pickticket Completely Invoiced.,,N,N,,0,41688.,0.,0.,0,18,2010355.2,0.,0.,0,18.,,TL,53,F,5,03,ACTIVITY 3,,N N,,,,2,20240722005,9,All From Reserve,65558,4734609,960,MISCLAK,MISCLAK,DAY,,,,,,,F,***,,***,,22.,3.,3.,0.,0.,3.,3.,1.,1.,1.,CT1,XDK,3432208,7920.,90,Invoiced Complete,81528400,,20240722,85904,20240724,134858,KRENO,2024-07-22 16:47:42,0,2024-08-17 15:19:58,INFAJOB,WMIPHPICK_15_AGK_3737733_20240722113140.txt,WMI,21c042e972ee8b1390a9bb8b55586e64
106362081,20240822,202408,,7001,-7001,82116339,AGK,-960,82116339,82116339,DB,5301BULK,SOUTHERN GLAZER'S OF MD,,SUITE C 7001 QUAD AVENUE,,,ROSEDALE,MD,21237,840,,SOUTHERN GLAZER'S OF MD,SUITE C 7001 QUAD AVENUE,,,ROSEDALE,MD,21237,,840,5301-BULK,0,,,LTL,,,20,Fully Assigned To An Outbound Shipment,20240820,20240820,20240822,125857,240820P0000,N,0,0,0,2,90,Invoiced,,2,Pickticket Completely Invoiced.,,N,N,,0,48636.,0.,0.,0,21,2345414.4,0.,0.,0,21.,,TL,53,F,5,03,ACTIVITY 3,,N N,,,,1,20240820011,9,All From Reserve,21220,4661533,960,MISCMRD,MISCMRD,DAY,,,,,,,F,***,,***,,22.,1.,1.,0.,0.,1.,1.,1.,1.,1.,CT1,XDK,3953472,7920.,90,Invoiced Complete,82116339,,20240820,135459,20240822,125857,ZNOEFL,2024-08-15 13:20:29,0,2024-08-23 10:17:33,INFAJOB,WMIPHPICK_15_AGK_3804214_20240815080039.txt,WMI,e85a984484f88de33286cf6755b789dd
113451847,20240905,202409,,7001,-7001,82445937,AGK,-960,82445937,82445937,DB,5401BULK,SOUTHERN GLAZER'S OF DE,,615 LAMBSON LANE,,,NEW CASTLE,DE,19720,840,,SOUTHERN GLAZER'S OF DE,615 LAMBSON LANE,,,NEW CASTLE,DE,19720,,840,5401-BULK,0,,,LTL,,,20,Fully Assigned To An Outbound Shipment,20240828,20240830,20240905,141223,240830P0000,N,0,0,0,2,90,Invoiced,,2,Pickticket Completely Invoiced.,,N,N,,0,55584.,0.,0.,0,24,2686924.4,0.,0.,0,24.,,TL,53,F,5,03,ACTIVITY 3,,N N,,,,1,20240830004,9,All From Reserve,21220,4661533,960,MISCMRD,MISCMRD,DAY,,,,,,,F,***,,***,,22.,1.,1.,0.,0.,1.,1.,1.,1.,1.,CT1,XDK,3968344,7920.,90,Invoiced Complete,82445937,,20240828,134947,20240905,141223,ZMAERZ,2024-08-29 10:18:49,0,2024-09-06 10:19:29,INFAJOB,WMIPHPICK_15_AGK_3843856_20240829040034.txt,WMI,22c49a51134e90a19ff27992327cef5b
141923141,20240821,202408,,7001,-7001,82208374,AGK,-960,82208374,82208374,DB,2501BULK,SOUTHERN GLAZER'S OF IN,,3901 HANNA CIRCLE,,,INDIANAPOLIS,IN,46241,840,,SOUTHERN GLAZER'S OF IN,3901 HANNA CIRCLE,,,INDIANAPOLIS,IN,46241,,840,2501-BULK,0,,,LTL,,,20,Fully Assigned To An Outbound Shipment,20240819,20240820,20240821,132540,240820P0000,N,0,0,0,2,90,Invoiced,,2,Pickticket Completely Invoiced.,,N,N,,0,44004.,0.,0.,0,19,2122041.6,0.,0.,0,19.,,TL,53,F,5,03,ACTIVITY 3,,N N,,,,2,20240820002,9,All From Reserve,61185,4753217,960,MISCINA,MISCINA,DAY,,,,,,,F,***,,***,,22.,9.,9.,0.,0.,9.,9.,1.,1.,1.,CT1,XDK,3949203,7920.,90,Invoiced Complete,82208374,,20240819,141913,20240821,132540,ZMAERZ,2024-08-20 14:15:42,0,2024-09-07 20:50:21,INFAJOB,WMIPHPICK_15_AGK_3817755_20240820080038.txt,WMI,046161c675d0e203e43be3bc36a76381
124080679,20240830,202408,,7002,-7002,SAB000001K,AGC,-961,SAB000001K,SAB000001K,DH,SAB000EX,SGWS of CA - North,,1555 Atlantic Street,,,Union City,CA,94587,840,,SGWS of CA - North,1555 Atlantic Street,,,Union City,CA,94587,510-477-5500,840,,0,,,,,,20,Fully Assigned To An Outbound Shipment,20240829,20240829,20240830,173623,240829P0000,N,0,0,0,2,90,Invoiced,,2,Pickticket Completely Invoiced.,,N,N,,0,57966.9,57966.9,0.,0,25,2150570.831,0.,0.,0,26928.,,TL,53,F,5,01,ACTIVITY 1,,,,,,4,20240829003,9,All from Reserve,12696345,5454783,961,SAB00006,SAB00006,DAY,,,,,,,F,***,,***,,6912.,6912.,6912.,0.,0.,6912.,6912.,24.,945.,135.,CT1,SAB,*,1.,90,Invoiced Complete,3981213A,,20240829,14244,20240830,173623,ESOLORZANO,2024-08-29 20:16:42,0,2024-09-07 21:14:16,INFAJOB,WMIPHPICK_15_AGC_3845210_20240829140036.txt,WMI,469a25cd4ca9a6af825ebc5a80d43878
120568080,20240909,202409,,7001,-7001,82573576,AGK,-960,82573576,82573576,DB,2501BULK,SOUTHERN GLAZER'S OF IN,,3901 HANNA CIRCLE,,,INDIANAPOLIS,IN,46241,840,,SOUTHERN GLAZER'S OF IN,3901 HANNA CIRCLE,,,INDIANAPOLIS,IN,46241,,840,2501-BULK,0,,,LTL,,,20,Fully Assigned To An Outbound Shipment,20240904,20240905,20240909,113721,240905P0000,N,0,0,0,2,90,Invoiced,,2,Pickticket Completely Invoiced.,,N,N,,0,55584.,0.,0.,0,24,2683699.2,0.,0.,0,24.,,TL,53,F,5,03,ACTIVITY 3,,N N,,,,7,20240905002,9,All From Reserve,61185,4753217,960,MISCINA,MISCINA,DAY,,,,,,,F,***,,***,,22.,1.,1.,0.,0.,1.,1.,1.,1.,1.,CT1,XDK,3990165,7920.,90,Invoiced Complete,82573576,,20240904,144250,20240909,113721,ZMAERZ,2024-09-05 10:29:29,0,2024-09-09 22:18:38,INFAJOB,WMIPHPICK_15_AGK_3865126_20240905040039.txt,WMI,0ab8b798beca9a87fff1ddc189d57538
120824957,20240913,202409,,7002,-7002,LGN000003F,AGC,-961,LGN000003F,LGN000003F,DH,LGN0000G,SGWS OF IN,,3901  Hanna Circle,,,INDIANAPOLIS,IN,46241,840,,SGWS OF IN,3901  Hanna Circle,,,INDIANAPOLIS,IN,46241,800-276-5148,840,,0,,,,,,20,Fully Assigned To An Outbound Shipment,20240911,20240911,20240913,185637,240911P0000,N,0,0,0,2,90,Invoiced,,2,Pickticket Completely Invoiced.,,N,N,,0,22.25,22.25,0.,0,1,1123.5,0.,0.,0,6.,,TL,53,F,5,01,ACTIVITY 1,,,,,,1,20240911028,9,All from Reserve,12684827,4764883,961,LGN00002,LGN00002,DAY,,,,,,,F,***,,***,,6.,6.,6.,0.,0.,6.,6.,6.,528.,132.,CT1,LGN,*,1.,90,Invoiced Complete,3962924,,20240911,162544,20240913,185637,ESOLORZANO,2024-09-12 01:45:12,0,2024-09-14 01:37:57,INFAJOB,WMIPHPICK_15_AGC_3884351_20240911190032.txt,WMI,ea4cbdfacd1026d056406c826b5d0757
142521739,20241024,202410,,7001,-7001,KY7505214,AGK,-960,KY7505214,KY7505214,DB,1,309481Y LOUISVILLE,309481Y LOUISVILLE,2801 CONSTANT COMMENT PLACE,,,LOUISVILLE,KY,40299,840,,SGWS KY LOUISVILLE,2801 CONSTANT COMMENT PLACE,,,LOUISVILLE,KY,40299,5022976000,840,KY0000001,20241011,,,LTL,,,20,Fully Assigned To An Outbound Shipment,20241008,20241022,20241024,145952,241022P0000,N,0,0,0,2,90,Invoiced,,2,Pickticket Completely Invoiced.,,N,N,07505214,1,24166.,0.,0.,0,17,1906640.,0.,0.,0,7020.,,TL,53,F,5,02,ACTIVITY 2,2200,N N,,,,3,20241022011,9,All From Reserve,10656447,7965198,960,15804,15804,DAY,,,,,,,F,***,,***,,1560.,1560.,1560.,0.,0.,1560.,1560.,6.,312.,78.,CT1,LOU,*,31587.4,90,Invoiced Complete,4023660,2200,20241008,175134,20241024,145952,ZMAERZ,2024-10-08 22:20:08,0,2024-10-24 22:18:59,INFAJOB,WMIPHPICK_15_AGK_3957052_20241008160036.txt,WMI,b2486c48ddbf14395c7bd7d0a38d2e56
102057193,20241104,202411,,7001,-7001,1000000074,AGK,-960,100000000X,100000000X,DH,10000148,HIK 76734500,,4757 W PARK BLVD SUITE #106,,,PLANO,TX,75093,840,,FUZI FINE WINE,4757 W PARK BLVD SUITE #106,,,PLANO,TX,75093,9729439463,840,1000014891,20231113,,,LTL,,,,Not Assigned To An Outbound Shipment,20231113,20231215,0,0,231215P0000,N,,,,,99,Cancelled,,3,Pickticket Cancelled.,,N,N,000,0,50952.,0.,30108.,0,0,2463549.6,0.,1457164.8,0,26.,,TL,53,F,5,03,ACTIVITY 3,8700,N N,30012966,Matthew,Carruthers,9,,,,40612,4689091,960,MISCHIK,MISCHIK,,,,,,,,F,,,,,4.,4.,4.,0.,4.,0.,0.,1.,1.,1.,,HIK,3730403,7920.,,,37634500,,20231215,135045,20241104,155916,ZNOEFL,2024-07-20 14:03:28,0,2024-11-04 23:18:31,INFAJOB,WMIPHPICK_15_Adhoc_3730955_20240719125822.txt,WMI,197985d042e0382927733fc7b9950b04
101470205,20241104,202411,,7001,-7001,79373044,AGK,-960,79373044,79373044,DB,1401BULK,SOUTHERN GLAZERS OF FL,,4440 OLD TAMPA HIGHWAY,,,LAKELAND,FL,33811,840,,SOUTHERN GLAZERS OF FL,4440 OLD TAMPA HIGHWAY,,,LAKELAND,FL,33811,,840,1401-BULK,0,,,LTL,,,,Not Assigned To An Outbound Shipment,20240424,0,0,0,,,,,,,99,Cancelled,,3,Pickticket Cancelled.,,Y,N,,0,0.,0.,0.,0,0,0.,0.,0.,0,0.,,TL,53,F,0,,,,N N,,,,1,,,,65558,4734609,960,MISCLAK,MISCLAK,,,,,,,,F,,,,,22.,0.,0.,0.,0.,0.,0.,1.,0.,0.,CT1,XDK,3862565,0.,,,,,20240424,54336,20241104,82645,ZNOEFL,2024-07-20 14:03:28,0,2024-11-04 23:18:31,INFAJOB,WMIPHPICK_15_Adhoc_3730955_20240719125822.txt,WMI,63529a0930ef399ef9dbc84ccc30f2a1
133041215,20241111,202411,,7002,-7002,MCM0000033,AGC,-961,MCM0000033,MCM0000033,DH,MCM00002,Stem Wine Company,,2750 S 18th Pl #150,,,Phoenix,AZ,85034,840,,Stem Wine Company,2750 S 18th Pl #150,,,Phoenix,AZ,85034,,840,,0,,,LTL,,,20,Fully Assigned To An Outbound Shipment,20241031,20241031,20241111,131055,241031P0000,N,0,0,0,2,90,Invoiced,,2,Pickticket Completely Invoiced.,,N,N,MCM0000033,1,3534.75,3534.75,0.,0,3,167970.24,0.,0.,0,1260.,,TL,53,F,5,01,ACTIVITY 1,,,,,,3,20241031016,9,All from Reserve,11852828,4816886,961,MCM0000A,MCM0000A,DAY,,,,,,,F,***,,***,,180.,180.,180.,0.,0.,180.,180.,12.,720.,180.,CT1,MCM,*,1.,90,Invoiced Complete,4175,,20241031,123913,20241111,131055,LKOESTERS,2024-11-07 02:36:12,0,2024-11-12 02:17:36,INFAJOB,WMIPHPICK_15_AGC_4064351_20241106190037.txt,WMI,28699c7b8869bd2be89f3edad6c22b27
158757203,20241031,202410,,7002,-7002,MCM000002R,AGC,-961,MCM000002R,MCM000002R,DH,MCM00011,SGWS OF OH,,4800 Poth Road,,,COLUMBUS,OH,43213,840,,SGWS OF OH,4800 Poth Road,,,COLUMBUS,OH,43213,614-552-7900,840,,0,,,LTL,,,20,Fully Assigned To An Outbound Shipment,20241023,20241023,20241031,205707,241023P0000,N,0,0,0,2,90,Invoiced,,2,Pickticket Completely Invoiced.,,N,N,MCM000002R,1,1872.,1872.,0.,0,1,108460.8,0.,0.,0,720.,,TL,53,F,5,01,ACTIVITY 1,,,,,,1,20241023022,9,All from Reserve,116317,6696678,961,MCM0000S,MCM0000S,DAY,,,,,,,F,***,,***,,720.,720.,720.,0.,0.,720.,720.,12.,720.,180.,CT1,MCM,*,1.,90,Invoiced Complete,4035661,,20241023,184230,20241031,205707,ESOLORZANO,2024-10-24 02:20:01,0,2024-11-17 02:18:13,INFAJOB,WMIPHPICK_15_AGC_4023955_20241023190036.txt,WMI,6a91c1284083f8830c188c9bf74e74be
148713444,20241118,202411,,7002,-7002,FAB0000008,AGC,-961,FAB0000008,FAB0000008,DH,FAB00002,SGWS- CA/SANTA FE SPRINGS,,13500 Foster Rd,,,Santa Fe Springs,CA,90670,840,,SGWS- CA/SANTA FE SPRINGS,P.O BOX 277960,,,Miramar,FL,33027,954-252-7863,840,,0,,,LTL,,,20,Fully Assigned To An Outbound Shipment,20241105,20241105,20241118,114906,241105P0000,N,0,0,0,2,90,Invoiced,,2,Pickticket Completely Invoiced.,,N,N,FAB0000008,1,288.,288.,0.,0,6,324.,0.,0.,0,3456.,,TL,53,F,5,01,ACTIVITY 1,,,,,,3,20241105015,9,All from Reserve,133927,7791100,961,FAB00003,FAB00003,DAY,,,,,,,F,***,,***,,2016.,2016.,2016.,0.,0.,2016.,2016.,12.,1.,1.,CT1,FAB,*,132.,90,Invoiced Complete,4045022,,20241105,134750,20241118,114906,ESOLORZANO,2024-11-06 02:25:27,0,2024-11-19 02:18:03,INFAJOB,WMIPHPICK_15_AGC_4061130_20241105190037.txt,WMI,8e7a433728b2d7c6be6849b1d6c271b6
151257824,20241119,202411,,7001,-7001,84155844,AGK,-960,84155844,84155844,DB,1401BULK,SOUTHERN GLAZER'S OF FL,,4440 OLD TAMPA HIGHWAY,,,LAKELAND,FL,33811,840,,SOUTHERN GLAZER'S OF FL,4440 OLD TAMPA HIGHWAY,,,LAKELAND,FL,33811,,840,1401-BULK,0,,,LTL,,,20,Fully Assigned To An Outbound Shipment,20241111,20241114,20241119,85815,241114P0000,N,0,0,0,2,90,Invoiced,,2,Pickticket Completely Invoiced.,,N,N,,0,53268.,0.,0.,0,23,2568787.2,0.,0.,0,23.,,TL,53,F,5,03,ACTIVITY 3,,N N,,,,2,20241114001,9,All From Reserve,19447,4757900,960,MISCCOL,MISCCOL,DAY,,,,,,,F,***,,***,,22.,2.,2.,0.,0.,2.,2.,1.,1.,1.,CT1,XDK,4040095,7920.,90,Invoiced Complete,84155844,,20241111,174908,20241119,85815,ZMAERZ,2024-11-11 23:17:50,0,2024-11-19 23:20:42,INFAJOB,WMIPHPICK_15_AGK_4077532_20241111160037.txt,WMI,8578bb15333dba968973e01c993f7c66
102472922,20240626,202406,,7001,-7001,1000000681,AGK,-960,100000000X,100000000X,DH,22011000,SGWS OF LOUISVILLE,,2801 CONSTANT COMMENT PLACE,,,LOUISVILLE,KY,40299,840,,FUZI FINE WINE,4757 W PARK BLVD SUITE #106,,,PLANO,TX,75093,,840,2201-1000,20231113,,,LTL,0002140934,0002140935,10,Partially Assigned To An Outbound Shipment,20231113,20240614,20240626,143205,240614P0000,N,0,0,0,2,90,Invoiced,,2,Pickticket Completely Invoiced.,,N,N,000,0,35041.1,0.,0.,0,19,2113906.034,0.,0.,0,12648.,,TL,53,F,5,02,ACTIVITY 2,8700,N N,30012966,Matthew,Carruthers,5,20240614006,9,All From Reserve,25588,7441058,960,382483,382483,DAY,,,,,,,F,***,,***,,264.,264.,264.,0.,0.,264.,264.,12.,528.,132.,CT1,LOU,,5.2016,90,Invoiced Complete,7505009,,20240614,132157,20240626,143205,KRENO,2024-07-20 14:03:28,0,2024-11-21 23:19:58,INFAJOB,WMIPHPICK_15_Adhoc_3730955_20240719125822.txt,WMI,c8dcf238e52ef597cb0fba5155746c80
101472445,20240716,202407,,7001,-7001,SC7503972,AGK,-960,SC7503972,SC7503972,DB,9014,SGWS - SOUTH CAROLINA,SGWS - SOUTH CAROLINA,7600 RICHARD STREET,,,COLUMBIA,SC,29202,840,,SGWS - SOUTH CAROLINA,7600 RICHARD STREET,,,COLUMBIA,SC,29202,8036951630,840,SC0009014,20240711,,,LTL,,,20,Fully Assigned To An Outbound Shipment,20240708,20240711,20240716,111039,240711P0000,N,0,0,0,2,90,Invoiced,,2,Pickticket Completely Invoiced.,,N,N,07503972,1,20335.11,0.,0.,0,35,1456440.132,0.,0.,0,28608.,,TL,53,F,5,02,ACTIVITY 2,3200,N N,,,,12,20240711013,9,All From Reserve,78721,7352119,960,963325,963325,DAY,,,,,,,F,***,,***,,16128.,16128.,16128.,0.,0.,16128.,16128.,48.,6864.,624.,CT1,COL,*,17448.48,90,Invoiced Complete,3940390,3200,20240708,170248,20240716,111039,KRENO,2024-07-20 14:03:28,0,2024-11-21 23:19:58,INFAJOB,WMIPHPICK_15_Adhoc_3730955_20240719125822.txt,WMI,31e3de0c8cd227e1106ebcecd4ad85b3
158547815,20241218,202412,,7001,-7001,84743185,AGK,-960,84743185,84743185,DB,7801DENV,SOUTHERN GLAZER'S OF CO,,22800 EAST 19TH AVENUE,,,AURORA,CO,80019,840,,SOUTHERN GLAZER'S OF CO,22800 EAST 19TH AVENUE,,,AURORA,CO,80019,,840,7801-DENV,0,,,LTL,,,20,Fully Assigned To An Outbound Shipment,20241205,20241206,20241218,94209,241206P0000,N,0,0,0,2,90,Invoiced,,2,Pickticket Completely Invoiced.,,N,N,,0,37056.,0.,0.,0,16,1790611.2,0.,0.,0,16.,,TL,53,F,5,03,ACTIVITY 3,,N N,,,,5,20241206005,9,All From Reserve,19998,4723587,960,MISCCOA,MISCCOA,DAY,,,,,,,F,***,,***,,22.,1.,1.,0.,0.,1.,1.,1.,1.,1.,CT1,XDK,4048507,7920.,90,Invoiced Complete,84743185,,20241205,150142,20241218,94209,ZMAERZ,2024-12-05 23:20:33,0,2024-12-18 23:20:48,INFAJOB,WMIPHPICK_15_AGK_4152645_20241205160037.txt,WMI,d9fdbc020eeb4701fe12c7dbac838943
173636122,20241219,202412,,7001,-7001,CRI0000008,AGK,-960,CRI0000008,CRI0000008,DH,CRI000I5,SOUTHERN GLAZERS WINE AND SPIRIT-IL,,300 EAST CROSSROADS PKWY,,,BOLINGBROOK,IL,60440,840,,SOUTHERN GLAZERS WINE AND SPIRIT-IL,PO BOX 279250,,,MIRAMAR,FL,33027,,840,,0,,,LTL,,,20,Fully Assigned To An Outbound Shipment,20241211,20241211,20241219,63746,241211P0000,N,0,0,0,2,90,Invoiced,,2,Pickticket Completely Invoiced.,,N,N,CRI0000008,1,14.,14.,0.,0,1,14.,0.,0.,0,168.,,TL,53,F,5,01,ACTIVITY 1,,,,,,1,20241211019,9,All From Reserve,117877,5596673,960,CRI00005,CRI00005,DAY,,,,,,,F,***,,***,,168.,168.,168.,0.,0.,168.,168.,12.,1.,1.,CT1,CRI,*,1.,90,Invoiced Complete,4077550,,20241211,145524,20241219,63746,KRENO,2024-12-11 23:20:11,0,2024-12-19 23:19:45,INFAJOB,WMIPHPICK_15_AGK_4169691_20241211160037.txt,WMI,c054619c1e6d2492d7ea7aeb41430d2a
143153580,20241231,202412,,7002,-7002,SAB0000033,AGC,-961,SAB0000033,SAB0000033,DH,SAB000BN,SOUTHERN GLAZERS WINE AND SPIRIT-HI,,91-210 HANUA ST,,,KAPOLEI,HI,96707,840,,SOUTHERN GLAZERS WINE AND SPIRIT-HI,PO BOX 279250,,,MIRAMAR,FL,33027,,840,,0,,,LTL,,,20,Fully Assigned To An Outbound Shipment,20241210,20241210,20241231,131204,241210P0000,N,0,0,0,2,90,Invoiced,,2,Pickticket Completely Invoiced.,,N,N,SAB0000033,1,1062.6,1062.6,0.,0,1,38415.52,0.,0.,0,276.,,TL,53,F,5,01,ACTIVITY 1,,,,,,1,20241210016,9,All from Reserve,1865648,5408306,961,SAB00008,SAB00008,DAY,,,,,,,F,***,,***,,276.,276.,276.,0.,0.,276.,276.,6.,552.,138.,CT1,SAB,*,1.,90,Invoiced Complete,4078312,,20241210,154640,20241231,131204,EUBER,2024-12-11 02:25:13,0,2025-01-01 02:20:18,INFAJOB,WMIPHPICK_15_AGC_4167130_20241210190035.txt,WMI,4619bfee238d11acaf9af727c32e5491
172113562,20250103,202501,,7001,-7001,84743134,AGK,-960,84743134,84743134,DB,6201STFE,SOUTHERN GLAZER'S OF CA-SOUTH,,13500 FOSTER ROAD,,,SANTA FE SPRINGS,CA,90670,840,,SOUTHERN GLAZER'S OF CA-SOUTH,13500 FOSTER ROAD,,,SANTA FE SPRINGS,CA,90670,,840,6201-STFE,0,,,LTL,,,20,Fully Assigned To An Outbound Shipment,20241231,20250102,20250103,155300,250102P0000,N,0,0,0,2,90,Invoiced,,2,Pickticket Completely Invoiced.,,N,N,,0,41688.,0.,0.,0,18,2010355.2,0.,0.,0,18.,,TL,53,F,5,03,ACTIVITY 3,,N N,,,,4,20250102005,9,All From Reserve,1825643,4692632,960,MISCNVL,MISCNVL,DAY,,,,,,,F,***,,***,,22.,1.,1.,0.,0.,1.,1.,1.,1.,1.,CT1,XDK,4036628,7920.,90,Invoiced Complete,84743134,,20241231,145437,20250103,155300,ZMAERZ,2024-12-05 23:20:33,0,2025-01-03 23:19:34,INFAJOB,WMIPHPICK_15_AGK_4152645_20241205160037.txt,WMI,bc4ed110e1a814a139dc1eac6e36a390
183493806,20250116,202501,,7001,-7001,83815536,AGK,-960,83815536,83815536,DB,3501BOLI,SOUTHERN GLAZERS OF IL,,300 EAST CROSSROADS PARKWAY,,,BOLINGBROOK,IL,60440,840,,SOUTHERN GLAZERS OF IL,300 EAST CROSSROADS PARKWAY,,,BOLINGBROOK,IL,60440,,840,3501-BOLI,0,,,LTL,,,20,Fully Assigned To An Outbound Shipment,20241030,20241101,20250116,145219,241101P0000,N,0,0,0,2,90,Invoiced,,2,Pickticket Completely Invoiced.,,N,N,,0,23160.,23160.,0.,0,10,1116864.,0.,0.,0,10.,,TL,53,F,5,03,ACTIVITY 3,,N N,,,,3,20241101004,9,All From Reserve,12366744,4654623,960,MISCBOL,MISCBOL,DAY,,,,,,,F,***,,***,,22.,2.,2.,0.,0.,2.,2.,1.,1.,1.,CT1,XDK,4030543,7920.,90,Invoiced Complete,83815536,,20241030,102540,20250116,145219,ZNOEFL,2024-10-28 22:18:26,0,2025-01-16 23:21:38,INFAJOB,WMIPHPICK_15_AGK_4036877_20241028160037.txt,WMI,edbdd225d51d3010451e6f1eb569f0d0
132548986,20241030,202410,,7002,-7002,HI7518505,AGC,-961,HI7518505,HI7518505,DB,331,SGWS BIG ISLAND WHSE 4,SGWS BIG ISLAND WHSE 4,"61 3785 MALUOKALANI PLACE, #12",,,KAWAIHAE,HI,96743,840,,SGWS BIG ISLAND WHSE 4,"61 3785 MALUOKALANI PLACE, #12",,,KAWAIHAE,HI,96743,8088821841,840,HI0000331,20241008,,,LTL,,,20,Fully Assigned To An Outbound Shipment,20241003,20241016,20241030,143051,241016P0000,N,0,0,0,2,90,Invoiced,,2,Pickticket Completely Invoiced.,,N,N,07518505,1,26143.13,26143.13,0.,0,47,1427446.699,0.,0.,0,8004.,,TL,53,F,5,02,ACTIVITY 2,6600,N N,,,,22,20241016052,9,All from Reserve,3410271,10289062,961,528770,528770,DAY,,,,,,,F,***,,***,,60.,60.,60.,0.,0.,60.,60.,12.,840.,168.,CT1,HIC,*,439.35,90,Invoiced Complete,4020465,6600,20241003,181459,20241030,143051,LKOESTERS,2024-10-04 01:26:17,0,2025-01-17 04:01:31,INFAJOB,WMIPHPICK_15_AGC_3944014_20241003190033.txt,WMI,d6385620ad062d7baef32ef99ae36001
134198950,20241031,202410,,7002,-7002,HI7518452,AGC,-961,HI7518452,HI7518452,DB,329,SGWS CAMPBELL WHSE 1,SGWS CAMPBELL WHSE 1,91 210 HANUA ST,,,KAPOLEI,HI,96707,840,,SGWS CAMPBELL WHSE 1,91 210 HANUA ST,,,KAPOLEI,HI,96707,8086823737,840,HI0000329,20240925,,,LTL,,,20,Fully Assigned To An Outbound Shipment,20240925,20241021,20241031,113101,241021P0000,N,0,0,0,2,90,Invoiced,,2,Pickticket Completely Invoiced.,,N,N,07518452,1,19988.6,19988.6,0.,0,27,1088257.98,0.,0.,0,8196.,,TL,53,F,5,02,ACTIVITY 2,6600,N N,,,,4,20241021013,9,All from Reserve,1911405,10215974,961,527644,527644,DAY,,,,,,,F,***,,***,,1008.,1008.,1008.,0.,0.,1008.,1008.,24.,2016.,336.,CT1,HIC,*,3946.32,90,Invoiced Complete,4012959,6600,20240925,155756,20241031,113101,LKOESTERS,2024-09-26 03:30:03,0,2025-01-17 04:01:31,INFAJOB,WMIPHPICK_15_AGC_3920299_20240925190034.txt,WMI,8f8464994f13f79606bdeca915bf8d60
162035116,20250122,202501,,7001,-7001,CFC0000005,AGK,-960,CFC0000005,CFC0000005,DH,CFC00001,SGWS DE,,615 Lambson Ln,,,New Castle,DE,19720,840,,SGWS DE,615 Lambson Ln,,,New Castle,DE,19720,800-292-7890,840,,0,,,LTL,,,20,Fully Assigned To An Outbound Shipment,20241223,20241223,20250122,143109,241223P0000,N,0,0,0,2,90,Invoiced,,2,Pickticket Completely Invoiced.,,N,N,CFC0000005,1,701.,701.,0.,0,32,1429.,0.,0.,0,8995.,,TL,53,F,5,01,ACTIVITY 1,,,,,,24,20241223021,9,All From Reserve,2143407,9604901,960,CFC0001B,CFC0001B,DAY,,,,,,,F,***,,***,,252.,252.,252.,0.,0.,252.,252.,12.,1.,1.,CT1,CFC,*,84.,90,Invoiced Complete,4091378,,20241223,180300,20250122,143109,LKOESTERS,2024-12-24 23:19:57,0,2025-01-22 23:20:03,INFAJOB,WMIPHPICK_15_AGK_4205005_20241224020024.txt,WMI,f3b5c9f36b594e2c4491391c7953dc60
208986534,20250128,202501,,7002,-7002,HI7519119,AGC,-961,HI7519119,HI7519119,DB,332,SGWS KAUAI WHSE 5,SGWS KAUAI WHSE 5,1556 HALEUKANA ST,,,LIHUE,HI,96766,840,,SGWS KAUAI WHSE 5,1556 HALEUKANA ST,,,LIHUE,HI,96766,8082452999,840,HI0000332,20250108,,,LTL,,,20,Fully Assigned To An Outbound Shipment,20250108,20250123,20250128,113611,250123P0000,N,0,0,0,2,90,Invoiced,,2,Pickticket Completely Invoiced.,,N,N,07519119,1,25614.78,25614.78,0.,0,70,1161732.309,0.,0.,0,9162.,,TL,53,F,5,02,ACTIVITY 2,6600,N N,,,,46,20250123014,9,All from Reserve,169695,9118899,961,646785,646785,DAY,,,,,,,F,***,,***,,336.,336.,336.,0.,0.,336.,336.,12.,672.,168.,CT1,HIC,*,1431.08,90,Invoiced Complete,4101686,6600,20250108,191913,20250128,113611,ESOLORZANO,2025-01-09 02:53:33,0,2025-01-29 04:10:48,INFAJOB,WMIPHPICK_15_AGC_4252070_20250108190038.txt,WMI,1baa0b1e7bdcac7259cd7c7482493f79
195796645,20250130,202501,,7001,-7001,HFW0000001,AGK,-960,HFW0000001,HFW0000001,DH,HFW00008,SGWS South Carolina,,7600 RICHARD STREET,,,COLUMBIA,SC,29209,840,,SGWS South Carolina,7600 RICHARD STREET,,,COLUMBIA,SC,29209,,840,,0,,,LTL,,,20,Fully Assigned To An Outbound Shipment,20250121,20250121,20250130,182156,250121P0000,N,0,0,0,2,90,Invoiced,,2,Pickticket Completely Invoiced.,,N,N,HFW0000001,1,6463.35,6463.35,0.,0,10,113270.61,0.,0.,0,2202.,,TL,53,F,5,01,ACTIVITY 1,,,,,,2,20250121058,9,All From Reserve,9691869,9860750,960,HFW0000D,HFW0000D,DAY,,,,,,,F,***,,***,,12.,12.,12.,0.,0.,12.,12.,12.,672.,168.,CT1,HFW,*,162.,90,Invoiced Complete,4110362,,20250121,141337,20250130,182156,KRENO,2025-01-21 23:49:43,0,2025-01-31 23:25:38,INFAJOB,WMIPHPICK_15_AGK_4288435_20250121160038.txt,WMI,812a4e7584b023c61411f275ff4621f4
173167609,20250214,202502,,7001,-7001,85955946,AGK,-960,85955946,85955946,DB,5901BULK,SOUTHERN GLAZERS OF NE,,13855 CORNHUSKER ROAD,,,OMAHA,NE,681383906,840,,SOUTHERN GLAZERS OF NE,13855 CORNHUSKER ROAD,,,OMAHA,NE,681383906,,840,5901-BULK,0,,,LTL,,,20,Fully Assigned To An Outbound Shipment,20250203,20250212,20250214,80605,250212P0000,N,0,0,0,2,90,Invoiced,,2,Pickticket Completely Invoiced.,,N,N,,0,55584.,0.,0.,0,24,2680473.6,0.,0.,0,24.,,TL,53,F,5,03,ACTIVITY 3,,N N,,,,5,20250212018,9,All From Reserve,21688,4685067,960,MISCNEO,MISCNEO,DAY,,,,,,,F,***,,***,,22.,6.,6.,0.,0.,6.,6.,1.,1.,1.,CT1,XDK,4107487,7920.,90,Invoiced Complete,85955946,,20250203,124314,20250214,80605,ZMAERZ,2025-02-03 23:17:39,0,2025-02-14 23:20:27,INFAJOB,WMIPHPICK_15_AGK_4325309_20250203160040.txt,WMI,d463c96ec6aa26a49d77c51be6154b1b
164282055,20250228,202502,,7001,-7001,FL7916248,AGK,-960,FL7916248,FL7916248,DB,50656,SGWS LAKELAND TRF,SGWS LAKELAND TRF,4440 OLD TAMPA HIGHWAY,,,LAKELAND,FL,33811,840,,SGWS/LAKELAND,4440 OLD TAMPA HIGHWAY,,,LAKELAND,FL,33811,8636861526,840,FL0050656,20250225,,,LTL,,,20,Fully Assigned To An Outbound Shipment,20250224,20250226,20250228,103452,250226P0000,N,0,0,0,2,90,Invoiced,,2,Pickticket Completely Invoiced.,,N,N,07916248,1,28309.14,0.,0.,0,22,1870212.402,0.,0.,0,13680.,,TL,53,F,5,02,ACTIVITY 2,1500,N N,,,,7,20250226007,9,All From Reserve,103915,6581722,960,908462,908462,DAY,,,,,,,F,***,,***,,2400.,2400.,2400.,0.,0.,2400.,2400.,6.,1.,1.,CT1,LAK,*,51088.,90,Invoiced Complete,4139463,1500,20250224,153431,20250228,103452,MLIPSCOMB,2025-02-24 23:28:45,0,2025-02-28 23:26:26,INFAJOB,WMIPHPICK_15_AGK_4383880_20250224160040.txt,WMI,c9b80e3de70fcb2d6bfa6c4270c3eabb
177634860,20250305,202503,,7002,-7002,HI7519535,AGC,-961,HI7519535,HI7519535,DB,331,SGWS BIG ISLAND WHSE 4,SGWS BIG ISLAND WHSE 4,"61 3785 MALUOKALANI PLACE, #12",,,KAWAIHAE,HI,96743,840,,SGWS BIG ISLAND WHSE 4,"61 3785 MALUOKALANI PLACE, #12",,,KAWAIHAE,HI,96743,8088821841,840,HI0000331,20250221,,,LTL,,,20,Fully Assigned To An Outbound Shipment,20250220,20250227,20250305,123626,250227P0000,N,0,0,0,2,90,Invoiced,,2,Pickticket Completely Invoiced.,,N,N,07519535,1,136.8,136.8,0.,0,3,19421.748,0.,0.,0,54.,,TL,53,F,5,02,ACTIVITY 2,6600,N N,,,,2,20250227020,9,All from Reserve,2168035,7396190,961,972685,972685,DAY,,,,,,,F,***,,***,,36.,36.,36.,0.,0.,36.,36.,6.,672.,168.,CT1,HIC,*,701.76,90,Invoiced Complete,4136350,6600,20250220,140748,20250305,123626,VRINCON,2025-02-21 02:21:17,0,2025-03-06 02:24:33,INFAJOB,WMIPHPICK_15_AGC_4374320_20250220190039.txt,WMI,795b725940767f4232925e667558730e
227883363,20250307,202503,,7001,-7001,86532290,AGK,-960,86532290,86532290,DB,2201LOUI,SOUTHERN GLAZER'S OF KY,,2801 CONSTANT COMMENT PLACE,,,LOUISVILLE,KY,40299,840,,SOUTHERN GLAZER'S OF KY,2801 CONSTANT COMMENT PLACE,,,LOUISVILLE,KY,40299,,840,2201-LOUI,0,,,LTL,,,20,Fully Assigned To An Outbound Shipment,20250228,20250303,20250307,84236,250303P0000,N,0,0,0,2,90,Invoiced,,2,Pickticket Completely Invoiced.,,N,N,,0,20844.,0.,0.,0,9,1005177.6,0.,0.,0,9.,,TL,53,F,5,03,ACTIVITY 3,,N N,,,,3,20250303001,9,All From Reserve,10615876,4699314,960,MISCLOU,MISCLOU,DAY,,,,,,,F,***,,***,,22.,7.,7.,0.,0.,7.,7.,1.,1.,1.,CT1,XDK,4126719,7920.,90,Invoiced Complete,86532290,,20250228,164318,20250307,84236,ZMAERZ,2025-02-26 23:26:59,0,2025-03-07 23:30:00,INFAJOB,WMIPHPICK_15_AGK_4390232_20250226160040.txt,WMI,aa47277aeed8866d31bff5e133a21f90
185734742,20250313,202503,,7002,-7002,SAB0000050,AGC,-961,SAB0000050,SAB0000050,DH,SAB000BM,SOUTHERN GLAZERS WINE AND SPIRIT-AZ,,2375 S  45TH AVENUE,,,PHOENIX,AZ,85043,840,,SOUTHERN GLAZERS WINE AND SPIRIT-AZ,PO BOX 279250,,,MIRAMAR,FL,33027,,840,,0,,,LTL,,,20,Fully Assigned To An Outbound Shipment,20250305,20250305,20250313,152022,250305P0000,N,0,0,0,2,90,Invoiced,,2,Pickticket Completely Invoiced.,,N,N,SAB0000050,1,1778.,1778.,0.,0,1,98304.,0.,0.,0,1680.,,TL,53,F,5,01,ACTIVITY 1,,,,,,1,20250305008,9,All from Reserve,2156196,4748194,961,SAB0000H,SAB0000H,DAY,,,,,,,F,***,,***,,1680.,1680.,1680.,0.,0.,1680.,1680.,12.,1680.,240.,CT1,SAB,*,1.,90,Invoiced Complete,4133539,,20250305,154708,20250313,152022,AGUERRERO,2025-03-06 02:24:33,0,2025-03-14 01:21:53,INFAJOB,WMIPHPICK_15_AGC_4411401_20250305190039.txt,WMI,ff5e10bcf87713c12d348fd72e9b5070
186070555,20250314,202503,,7002,-7002,HI7519683,AGC,-961,HI7519683,HI7519683,DB,329,SGWS CAMPBELL WHSE 1,SGWS CAMPBELL WHSE 1,91 210 HANUA ST,,,KAPOLEI,HI,96707,840,,SGWS CAMPBELL WHSE 1,91 210 HANUA ST,,,KAPOLEI,HI,96707,8086823737,840,HI0000329,20250311,,,LTL,,,20,Fully Assigned To An Outbound Shipment,20250310,20250313,20250314,175753,250313P0000,N,0,0,0,2,90,Invoiced,,2,Pickticket Completely Invoiced.,,N,N,07519683,1,18903.,18903.,0.,0,44,1529509.647,0.,0.,0,13584.,,TL,53,F,5,02,ACTIVITY 2,6600,N N,,,,5,20250313020,9,All from Reserve,1785967,11037334,961,453256,453256,DAY,,,,,,,F,***,,***,,672.,672.,672.,0.,672.,0.,0.,12.,672.,168.,CT1,HIC,*,4868.08,90,Invoiced Complete,4150727,6600,20250310,141822,20250314,143848,MCASTANE,2025-03-11 01:22:11,0,2025-03-15 02:16:07,INFAJOB,WMIPHPICK_15_AGC_4424873_20250310190038.txt,WMI,ff0c99a388f78116d1ad01e5e13da811
213652423,20250314,202503,,7002,-7002,HI7519682,AGC,-961,HI7519682,HI7519682,DB,330,SGWS MAUI WHSE 3,SGWS MAUI WHSE 3,231 LALO PLACE,,,KAHULUI,HI,96732,840,,SGWS MAUI WHSE 3,231 LALO PLACE,,,KAHULUI,HI,96732,8088718406,840,HI0000330,20250311,,,LTL,,,20,Fully Assigned To An Outbound Shipment,20250310,20250312,20250314,123356,250312P0000,N,0,0,0,2,90,Invoiced,,2,Pickticket Completely Invoiced.,,N,N,07519682,1,30585.8,30585.8,0.,0,59,1912374.063,0.,0.,0,11156.,,TL,53,F,5,02,ACTIVITY 2,6600,N N,,,,10,20250312033,9,All from Reserve,12485466,10306213,961,55929,55929,DAY,,,,,,,F,***,,***,,504.,504.,504.,0.,0.,504.,504.,12.,672.,168.,CT1,HIC,*,3055.5,90,Invoiced Complete,4150725,6600,20250310,141822,20250314,123356,MCASTANE,2025-03-11 01:22:11,0,2025-03-15 02:16:07,INFAJOB,WMIPHPICK_15_AGC_4424873_20250310190038.txt,WMI,5fab82df7e31dc8e87bc9965b93b59df
196291223,20250319,202503,,7001,-7001,IL7549996,AGK,-960,IL7549996,IL7549996,DB,36452,SGWS - ILLINOIS- TRANSFER,SGWS - ILLINOIS- TRANSFER,300 E CROSSROADS PKWY,,,BOLINGBROOK,IL,60440,840,,SGWS - ILLINOIS- TRANSFER,300 E CROSSROADS PKWY,,,BOLINGBROOK,IL,60440,,840,IL0036452,20250310,,,LTL,,,20,Fully Assigned To An Outbound Shipment,20250307,20250317,20250319,131240,250317P0000,N,0,0,0,2,90,Invoiced,,2,Pickticket Completely Invoiced.,,N,N,07549996,1,30687.,0.,0.,0,21,1784427.,0.,0.,0,7404.,,TL,53,F,5,02,ACTIVITY 2,3500,N N,,,,3,20250317006,9,All From Reserve,80478,11981608,960,574485,574485,DAY,,,,,,,F,***,,***,,132.,132.,132.,0.,0.,132.,132.,12.,1.,1.,CT1,BOL,*,2043.14,90,Invoiced Complete,4149557,3500,20250307,143605,20250319,131240,MLIPSCOMB,2025-03-07 23:30:00,0,2025-03-19 22:46:27,INFAJOB,WMIPHPICK_15_AGK_4416913_20250307160040.txt,WMI,0ab77b8fb48fac6c308980ede0238772
164478397,20250317,202503,,7001,-7001,IL7549941,AGK,-960,IL7549941,IL7549941,DB,36452,SGWS - ILLINOIS- TRANSFER,SGWS - ILLINOIS- TRANSFER,300 E CROSSROADS PKWY,,,BOLINGBROOK,IL,60440,840,,SGWS - ILLINOIS- TRANSFER,300 E CROSSROADS PKWY,,,BOLINGBROOK,IL,60440,,840,IL0036452,20250305,,,LTL,,,20,Fully Assigned To An Outbound Shipment,20250304,20250313,20250317,142132,250313P0000,N,0,0,0,2,90,Invoiced,,2,Pickticket Completely Invoiced.,,N,N,07549941,1,2822.,0.,0.,0,20,98283.2,0.,0.,0,12816.,,TL,53,F,5,02,ACTIVITY 2,3500,N N,,,,1,20250313015,9,All From Reserve,47774,11963634,960,564993,564993,DAY,,,,,,,F,***,,***,,960.,960.,960.,0.,0.,960.,960.,6.,1.,1.,CT1,BOL,*,6980.8,90,Invoiced Complete,4146601,3500,20250304,160314,20250317,142132,MLIPSCOMB,2025-03-04 23:25:38,0,2025-03-19 22:46:27,INFAJOB,WMIPHPICK_15_AGK_4407564_20250304160046.txt,WMI,c0ce913fc7c500714c38ce4f9b265832
174959748,20250319,202503,,7002,-7002,CN7653990,AGC,-961,CN7653990,CN7653990,DB,22519,ATLANTIC,ATLANTIC,1555 ATLANTIC ST,,,UNION CITY,CA,94587,840,,ATLANTIC,1555 ATLANTIC ST,,,UNION CITY,CA,94587,5104775700,840,CN0022519,20250305,,,LTL,,,20,Fully Assigned To An Outbound Shipment,20250304,20250317,20250319,111251,250317P0000,N,0,0,0,2,90,Invoiced,,2,Pickticket Completely Invoiced.,,N,N,07653990,1,27642.25,0.,0.,0,21,1777788.6,0.,0.,0,17244.,,TL,53,F,5,02,ACTIVITY 2,6400,N N,,,,1,20250317015,9,All from Reserve,118455,11940916,961,328,328,DAY,,,,,,,F,***,,***,,2520.,2520.,2520.,0.,0.,2520.,2520.,12.,504.,72.,CT1,CAN,*,68520.9,90,Invoiced Complete,4146913,6400,20250304,165521,20250319,111251,MCERTEZA,2025-03-05 02:21:05,0,2025-03-20 01:22:08,INFAJOB,WMIPHPICK_15_AGC_4408185_20250304190039.txt,WMI,6e3810b9058484802ade56dd0083a741
185387197,20250325,202503,,7001,-7001,87053808,AGK,-960,87053808,87053808,DB,3201COLU,SOUTHERN GLAZER'S OF SC,,7600 RICHARD ST,,,COLUMBIA,SC,29209,840,,SOUTHERN GLAZER'S OF SC,7600 RICHARD ST,,,COLUMBIA,SC,29209,,840,3201-COLU,0,,,LTL,,,20,Fully Assigned To An Outbound Shipment,20250320,20250321,20250325,145149,250321P0000,N,0,0,0,2,90,Invoiced,,2,Pickticket Completely Invoiced.,,N,N,,0,41688.,0.,0.,0,18,2015193.6,0.,0.,0,18.,,TL,53,F,5,03,ACTIVITY 3,,N N,,,,1,20250321008,9,All From Reserve,19447,4757900,960,MISCCOL,MISCCOL,DAY,,,,,,,F,***,,***,,22.,6.,6.,0.,0.,6.,6.,1.,1.,1.,CT1,XDK,4143293,7920.,90,Invoiced Complete,87053808,,20250320,120535,20250325,145149,MLIPSCOMB,2025-03-19 22:46:27,0,2025-03-25 22:20:38,INFAJOB,WMIPHPICK_15_AGK_4450667_20250319160040.txt,WMI,0baf221353b7bc8f52c8205ca0e47985
174252599,20250326,202503,,7001,-7001,SC7504670,AGK,-960,SC7504670,SC7504670,DB,9014,SGWS - SOUTH CAROLINA,SGWS - SOUTH CAROLINA,7600 RICHARD STREET,,,COLUMBIA,SC,29202,840,,SGWS - SOUTH CAROLINA,7600 RICHARD STREET,,,COLUMBIA,SC,29202,8036951630,840,SC0009014,20250320,,,LTL,,,20,Fully Assigned To An Outbound Shipment,20250319,20250324,20250326,131832,250324P0000,N,0,0,0,2,90,Invoiced,,2,Pickticket Completely Invoiced.,,N,N,07504670,1,41419.1,0.,0.,0,18,2240544.,0.,0.,0,36132.,,TL,53,F,5,02,ACTIVITY 2,3200,N N,,,,3,20250324017,9,All From Reserve,70020,12035394,960,93165,93165,DAY,,,,,,,F,***,,***,,7260.,7260.,7260.,0.,0.,7260.,7260.,12.,660.,132.,CT1,COL,*,153458.25,90,Invoiced Complete,4159360,3200,20250319,133350,20250326,131832,MLIPSCOMB,2025-03-19 22:46:27,0,2025-03-26 22:22:19,INFAJOB,WMIPHPICK_15_AGK_4450667_20250319160040.txt,WMI,7b726e5a4941a33e22b10607b42f6137
182379577,20250327,202503,,7001,-7001,IL7550160,AGK,-960,IL7550160,IL7550160,DB,36452,SGWS - ILLINOIS- TRANSFER,SGWS - ILLINOIS- TRANSFER,300 E CROSSROADS PKWY,,,BOLINGBROOK,IL,60440,840,,SGWS - ILLINOIS- TRANSFER,300 E CROSSROADS PKWY,,,BOLINGBROOK,IL,60440,,840,IL0036452,20250321,,,LTL,,,20,Fully Assigned To An Outbound Shipment,20250321,20250325,20250327,135539,250325P0000,N,0,0,0,2,90,Invoiced,,2,Pickticket Completely Invoiced.,,N,N,07550160,1,4188.65,0.,0.,0,14,193457.44,0.,0.,0,15120.,,TL,53,F,5,02,ACTIVITY 2,3500,N N,,,,1,20250325021,9,All From Reserve,971250,11990863,960,35472,35472,DAY,,,,,,,F,***,,***,,2052.,2052.,2052.,0.,0.,2052.,2052.,6.,1.,1.,CT1,BOL,*,72527.94,90,Invoiced Complete,4163263,3500,20250321,190351,20250327,135539,MLIPSCOMB,2025-03-22 22:18:34,0,2025-03-27 22:21:24,INFAJOB,WMIPHPICK_15_AGK_4458462_20250322020021.txt,WMI,936c737a1934d8cfcc79fc2d8f38bc84
185605990,20250401,202504,,7001,-7001,87061862,AGK,-960,87061862,87061862,DB,1401BULK,SOUTHERN GLAZER'S OF FL,,4440 OLD TAMPA HIGHWAY,,,LAKELAND,FL,33811,840,,SOUTHERN GLAZER'S OF FL,4440 OLD TAMPA HIGHWAY,,,LAKELAND,FL,33811,,840,1401-BULK,0,,,LTL,,,20,Fully Assigned To An Outbound Shipment,20250324,20250325,20250401,73429,250325P0000,N,0,0,0,2,90,Invoiced,,2,Pickticket Completely Invoiced.,,N,N,,0,64848.,0.,0.,0,28,3127219.2,0.,0.,0,28.,,TL,53,F,5,03,ACTIVITY 3,,N N,,,,4,20250325011,9,All From Reserve,65558,4734609,960,MISCLAK,MISCLAK,DAY,,,,,,,F,***,,***,,22.,24.,24.,0.,0.,24.,24.,1.,1.,1.,CT1,XDK,4133736,7920.,90,Invoiced Complete,87061862,,20250324,164157,20250401,73429,MLIPSCOMB,2025-03-19 22:46:27,0,2025-04-01 22:22:18,INFAJOB,WMIPHPICK_15_AGK_4450667_20250319160040.txt,WMI,82b53afd55a04f7b4de4df29a4016be4
187971152,20250407,202504,,7001,-7001,87316926,AGK,-960,87316926,87316926,DB,5601BULK,ARVY GLOBAL LOGISTICS KY HUB-,,3350 4TH AVENUE EAST,,,SHAKOPEE,MN,55379,840,,ARVY GLOBAL LOGISTICS KY HUB-,3350 4TH AVENUE EAST,,,SHAKOPEE,MN,55379,,840,5601-BULK,0,,,LTL,,,20,Fully Assigned To An Outbound Shipment,20250401,20250404,20250407,130222,250404P0000,N,0,0,0,2,90,Invoiced,,2,Pickticket Completely Invoiced.,,N,N,,0,53268.,2316.,0.,0,23,2569190.4,0.,0.,0,27.,,TL,53,F,5,03,ACTIVITY 3,,N N,,,,1,20250404002,9,All From Reserve,90516,4663337,960,MISCMIN,MISCMIN,DAY,,,,,,,F,***,,***,,22.,7.,7.,0.,0.,7.,7.,1.,1.,1.,CT1,XDK,4133906,7920.,90,Invoiced Complete,87316926,,20250401,123202,20250407,130222,MLIPSCOMB,2025-03-31 22:22:26,0,2025-04-07 22:19:03,INFAJOB,WMIPHPICK_15_AGK_4484423_20250331160039.txt,WMI,e9d639accb29ad5899ed2a36819624fb
201043321,20250409,202504,,7001,-7001,8TQ000007T,AGK,-960,8TQ000007T,8TQ000007T,DH,8TQ000GC,SOUTHERN GLAZER'S W AND S - SYOSSET,,801 WEST LINDEN AVENUE,,,LINDEN,NJ,07036,840,,SOUTHERN GLAZER'S W AND S - SYOSSET,SYOSSET DIVISION,,,MIRAMAR,FL,33027,,840,,0,,,LTL,,,20,Fully Assigned To An Outbound Shipment,20250407,20250407,20250409,133230,250407P0000,N,0,0,0,2,90,Invoiced,,2,Pickticket Completely Invoiced.,,N,N,8TQ000007T,1,2040.8,2040.8,0.,0,2,123492.096,0.,0.,0,528.,,TL,53,F,5,01,ACTIVITY 1,,,,,,2,20250407035,9,All From Reserve,54691,7918485,960,8TQ0000B,8TQ0000B,DAY,,,,,,,F,***,,***,,48.,48.,48.,0.,0.,48.,48.,3.,192.,48.,CT1,8TQ,*,1.,90,Invoiced Complete,4175150,,20250407,134817,20250409,133230,MLIPSCOMB,2025-04-07 22:19:03,0,2025-04-09 22:21:40,INFAJOB,WMIPHPICK_15_AGK_4504779_20250407160040.txt,WMI,0237ebb92d6bc27d98eff9c210060f99
212829071,20250331,202503,,7002,-7002,FRC000002B,AGC,-961,FRC000002B,FRC000002B,DH,FRC0000J,Free Run Wine Merchants Maryland,,"2000-2100 Washington Blvd, Unit C",,,Baltimore,MD,21230,840,,Free Run Wine Merchants Maryland,"2000-2100 Washington Blvd, Unit C",,,Baltimore,MD,21230,410-962-0421,840,,0,,,LTL,,,20,Fully Assigned To An Outbound Shipment,20250328,20250331,20250410,124831,250331P0000,N,0,0,0,2,90,Invoiced,,2,Pickticket Completely Invoiced.,,N,N,FRC000002B,1,56.,56.,0.,0,1,56.,0.,0.,0,672.,,TL,53,F,5,01,ACTIVITY 1,,,,,,1,,,,147752,11946528,961,FRC0000L,FRC0000L,,,,,,,,F,,,,,0.,0.,0.,0.,0.,0.,0.,12.,0.,0.,,FRC,*,0.,,,,,20250331,83631,20250331,83631,AGCWMI,2025-03-29 01:19:03,0,2025-04-11 01:19:49,INFAJOB,WMIPHPICK_15_AGC_4477809_20250328190039.txt,WMI,85ee65c5ad7f9727750c9a24ddc25eb7
198990827,20250418,202504,,7002,-7002,HI7519936,AGC,-961,HI7519936,HI7519936,DB,329,SGWS CAMPBELL WHSE 1,SGWS CAMPBELL WHSE 1,91 210 HANUA ST,,,KAPOLEI,HI,96707,840,,SGWS CAMPBELL WHSE 1,91 210 HANUA ST,,,KAPOLEI,HI,96707,8086823737,840,HI0000329,20250411,,,LTL,,,20,Fully Assigned To An Outbound Shipment,20250410,20250417,20250418,172548,250417P0000,N,0,0,0,2,90,Invoiced,,2,Pickticket Completely Invoiced.,,N,N,07519936,1,18329.75,18329.75,0.,0,29,873420.577,0.,0.,0,6966.,,TL,53,F,5,02,ACTIVITY 2,6600,N N,,,,21,20250417028,9,All from Reserve,2178914,11780193,961,899308,899308,DAY,,,,,,,F,***,,***,,18.,18.,18.,0.,0.,18.,18.,6.,480.,120.,CT1,HIC,*,308.49,90,Invoiced Complete,4179104,6600,20250410,132218,20250418,172548,VRINCON,2025-04-11 01:19:49,0,2025-04-19 01:23:48,INFAJOB,WMIPHPICK_15_AGC_4514921_20250410190040.txt,WMI,94a852b39201dbea226cf39727c6b179
118275738,20241007,202410,,7001,-7001,IL7547344,AGK,-960,IL7547344,IL7547344,DB,36452,SGWS - ILLINOIS- TRANSFER,SGWS - ILLINOIS- TRANSFER,300 E CROSSROADS PKWY,,,BOLINGBROOK,IL,60440,840,,SGWS - ILLINOIS- TRANSFER,300 E CROSSROADS PKWY,,,BOLINGBROOK,IL,60440,,840,IL0036452,20241001,,,LTL,,,20,Fully Assigned To An Outbound Shipment,20240926,20241003,20241007,124153,241003P0000,N,0,0,0,2,90,Invoiced,,2,Pickticket Completely Invoiced.,,N,N,07547344,1,24834.8,0.,0.,0,20,2352633.336,0.,0.,0,10764.,,TL,53,F,5,02,ACTIVITY 2,3500,N N,,,,4,20241003001,9,All From Reserve,23662,12134124,960,615004,615004,DAY,,,,,,,F,***,,***,,1284.,1284.,1284.,0.,0.,1284.,1284.,3.,312.,39.,CT1,BOL,*,9844.,90,Invoiced Complete,4014151,3500,20240926,162656,20241007,124153,KRENO,2024-09-26 22:20:44,0,2025-04-21 22:33:19,INFAJOB,WMIPHPICK_15_AGK_3922834_20240926160035.txt,WMI,77a9019da24ddfd07d9b50cc3a23f41f
137667671,20241021,202410,,7001,-7001,IL7547611,AGK,-960,IL7547611,IL7547611,DB,36452,SGWS - ILLINOIS- TRANSFER,SGWS - ILLINOIS- TRANSFER,300 E CROSSROADS PKWY,,,BOLINGBROOK,IL,60440,840,,SGWS - ILLINOIS- TRANSFER,300 E CROSSROADS PKWY,,,BOLINGBROOK,IL,60440,,840,IL0036452,20241018,,,LTL,,,20,Fully Assigned To An Outbound Shipment,20241015,20241018,20241021,141019,241018P0000,N,0,0,0,2,90,Invoiced,,2,Pickticket Completely Invoiced.,,N,N,07547611,1,1761.4,0.,0.,0,3,92875.504,0.,0.,0,576.,,TL,53,F,5,02,ACTIVITY 2,3500,N N,,,,1,20241018001,9,All From Reserve,1224534,9722564,960,531188,531188,DAY,,,,,,,F,***,,***,,240.,240.,240.,0.,0.,240.,240.,6.,600.,120.,CT1,BOL,*,8720.,90,Invoiced Complete,4029914,3500,20241015,153255,20241021,141019,ZMAERZ,2024-10-15 22:18:53,0,2025-04-21 22:33:19,INFAJOB,WMIPHPICK_15_AGK_3977155_20241015160035.txt,WMI,701686bbb7aa48f10af8324f3a97e2bd
130347773,20241030,202410,,7001,-7001,SC7504271,AGK,-960,SC7504271,SC7504271,DB,9014,SGWS - SOUTH CAROLINA,SGWS - SOUTH CAROLINA,7600 RICHARD STREET,,,COLUMBIA,SC,29202,840,,SGWS - SOUTH CAROLINA,7600 RICHARD STREET,,,COLUMBIA,SC,29202,8036951630,840,SC0009014,20241028,,,LTL,,,20,Fully Assigned To An Outbound Shipment,20241021,20241029,20241030,113655,241029P0000,N,0,0,0,2,90,Invoiced,,2,Pickticket Completely Invoiced.,,N,N,07504271,1,39533.2,0.,0.,0,18,2355494.4,0.,0.,0,6672.,,TL,53,F,5,02,ACTIVITY 2,3200,N N,,,,1,20241029001,9,All From Reserve,10611971,12061653,960,512401,512401,DAY,,,,,,,F,***,,***,,3600.,3600.,3600.,0.,0.,3600.,3600.,6.,360.,72.,CT1,COL,*,112776.,90,Invoiced Complete,4034557,3200,20241021,140138,20241030,113655,ZMAERZ,2024-10-21 22:25:20,0,2025-04-21 22:33:19,INFAJOB,WMIPHPICK_15_AGK_4016911_20241021160036.txt,WMI,c6d12de21c32f211f35b2e0130bd393e
152728525,20241107,202411,,7001,-7001,8025487580,AGK,-960,8025487580,8025487580,DH,9301,SGWS - Arkansas North Little R,,11101 Smitty Lane,,,North Little Rock,AR,72117-5390,840,,SGWS - Arkansas North Little R,11101 Smitty Lane,,,North Little Rock,AR,72117-5390,,840,9301,20241104,,,LTL,,,,Not Assigned To An Outbound Shipment,20241104,0,0,0,,,,,,,99,Cancelled,,3,Pickticket Cancelled.,,Y,N,000,0,0.,0.,0.,0,0,0.,0.,0.,0,12396.,,TL,53,P,0,,,9300,N N,,,,10,,,,39040,11902462,960,431217,431217,,,,,,,,F,,,,,96.,96.,96.,0.,96.,0.,0.,12.,0.,0.,,ARL,,0.,,,,9300,20241104,131551,20241107,135249,ZNOEFL,2024-11-04 23:18:31,0,2025-04-21 22:33:19,INFAJOB,WMIPHPICK_15_AGK_4057242_20241104160048.txt,WMI,c34e4d0a290c5971be1c143fd7ad0b5e
149836179,20241108,202411,,7001,-7001,FL7914989,AGK,-960,FL7914989,FL7914989,DB,50656,SGWS LAKELAND TRF,SGWS LAKELAND TRF,4440 OLD TAMPA HIGHWAY,,,LAKELAND,FL,33811,840,,SGWS/LAKELAND,4440 OLD TAMPA HIGHWAY,,,LAKELAND,FL,33811,8636861526,840,FL0050656,20241022,,,LTL,,,20,Fully Assigned To An Outbound Shipment,20241018,20241106,20241108,101020,241106P0000,N,0,0,0,2,90,Invoiced,,2,Pickticket Completely Invoiced.,,N,N,07914989,1,25049.6,0.,0.,0,14,1913990.4,0.,0.,0,12792.,,TL,53,F,5,02,ACTIVITY 2,1500,N N,,,,2,20241106014,9,All From Reserve,73776,11860170,960,430016,430016,DAY,,,,,,,F,***,,***,,600.,600.,600.,0.,0.,600.,600.,6.,600.,120.,CT1,LAK,*,10042.,90,Invoiced Complete,4032882,1500,20241018,124138,20241108,101020,KRENO,2024-10-18 22:20:40,0,2025-04-21 22:33:19,INFAJOB,WMIPHPICK_15_AGK_3986730_20241018160035.txt,WMI,781b591e4309f5c338a81f843eabb53e
98659432,20240626,202406,,7001,-7001,IL7545717,AGK,-960,IL7545717,IL7545717,DB,36452,SGWS - ILLINOIS- TRANSFER,SGWS - ILLINOIS- TRANSFER,300 E CROSSROADS PKWY,,,BOLINGBROOK,IL,60440,840,,SGWS - ILLINOIS- TRANSFER,300 E CROSSROADS PKWY,,,BOLINGBROOK,IL,60440,,840,IL0036452,20240617,,,LTL,,,20,Fully Assigned To An Outbound Shipment,20240613,20240624,20240626,131903,240624P0000,N,0,0,0,2,90,Invoiced,,2,Pickticket Completely Invoiced.,,N,N,07545717,1,40293.,0.,0.,0,18,2540160.,0.,0.,0,11880.,,TL,53,F,5,02,ACTIVITY 2,3500,N N,,,,1,20240624007,9,All From Reserve,46245,11902361,960,24601,24601,DAY,,,,,,,F,***,,***,,11880.,11880.,11880.,0.,0.,11880.,11880.,12.,660.,132.,CT1,BOL,*,275536.8,90,Invoiced Complete,3922523,3500,20240613,120430,20240626,131903,KRENO,2024-07-20 14:03:28,0,2025-04-21 22:33:19,INFAJOB,WMIPHPICK_15_Adhoc_3730955_20240719125822.txt,WMI,9ba6414663a7cde7c7c50c8256fa6c12
102652179,20240605,202406,,7001,-7001,IL7545402,AGK,-960,IL7545402,IL7545402,DB,36452,SGWS - ILLINOIS- TRANSFER,SGWS - ILLINOIS- TRANSFER,300 E CROSSROADS PKWY,,,BOLINGBROOK,IL,60440,840,,SGWS - ILLINOIS- TRANSFER,300 E CROSSROADS PKWY,,,BOLINGBROOK,IL,60440,,840,IL0036452,20240521,,,LTL,,,20,Fully Assigned To An Outbound Shipment,20240517,20240531,20240605,144011,240531P0000,N,0,0,0,2,90,Invoiced,,2,Pickticket Completely Invoiced.,,N,N,07545402,1,43785.,0.,0.,0,21,2286144.,0.,0.,0,14112.,,TL,53,F,5,02,ACTIVITY 2,3500,N N,,,,1,20240531007,9,All From Reserve,19021,12622822,960,24602,24602,DAY,,,,,,,F,***,,***,,14112.,14112.,14112.,0.,0.,14112.,14112.,12.,672.,168.,CT1,BOL,*,276042.48,90,Invoiced Complete,3902517,3500,20240517,180440,20240605,144011,EDOBBINS,2024-07-20 14:03:28,0,2025-04-21 22:33:19,INFAJOB,WMIPHPICK_15_Adhoc_3730955_20240719125822.txt,WMI,60a7a8017fb3e8c5db2a9617dc0ed871
122534960,20240820,202408,,7001,-7001,IL7546385,AGK,-960,IL7546385,IL7546385,DB,36452,SGWS - ILLINOIS- TRANSFER,SGWS - ILLINOIS- TRANSFER,300 E CROSSROADS PKWY,,,BOLINGBROOK,IL,60440,840,,SGWS - ILLINOIS- TRANSFER,300 E CROSSROADS PKWY,,,BOLINGBROOK,IL,60440,,840,IL0036452,20240723,,,LTL,,,20,Fully Assigned To An Outbound Shipment,20240722,20240819,20240820,161158,240819P0000,N,0,0,0,2,90,Invoiced,,2,Pickticket Completely Invoiced.,,N,N,07546385,1,7459.15,7459.15,0.,0,43,361297.706,0.,0.,0,8502.,,TL,53,F,5,02,ACTIVITY 2,3500,N N,,,,16,20240819008,9,All From Reserve,52225,8829450,960,585898,585898,DAY,,,,,,,F,***,,***,,84.,84.,84.,0.,0.,84.,84.,6.,528.,132.,CT1,BOL,*,3213.84,90,Invoiced Complete,3953374,3500,20240722,160457,20240820,161158,ZNOEFL,2024-08-17 15:19:58,0,2025-04-21 22:33:19,INFAJOB,WMIPHPICK_15_Adhoc_3806983_20240815214230.txt,WMI,0b7ee086531e8570d5d4f7bdc39a932a
190500968,20241126,202411,,7001,-7001,IL7548088,AGK,-960,IL7548088,IL7548088,DB,36452,SGWS - ILLINOIS- TRANSFER-CLOS,SGWS - ILLINOIS- TRANSFER-CLOS,300 E CROSSROADS PKWY,,,BOLINGBROOK,IL,60440,840,,SGWS - ILLINOIS- TRANSFER,300 E CROSSROADS PKWY,,,BOLINGBROOK,IL,60440,,840,IL0036452,20241115,,,LTL,,,20,Fully Assigned To An Outbound Shipment,20241108,20241122,20241126,121241,241122P0000,N,0,0,0,2,90,Invoiced,,2,Pickticket Completely Invoiced.,,N,N,07548088,1,35406.5,0.,0.,0,18,2421216.,0.,0.,0,12300.,,TL,53,F,5,02,ACTIVITY 2,3500,N N,,,,2,20241122013,9,All From Reserve,10661249,12026804,960,412171,412171,DAY,,,,,,,F,***,,***,,1140.,1140.,1140.,0.,0.,1140.,1140.,6.,570.,114.,CT1,BOL,*,23377.6,90,Invoiced Complete,4053443,3500,20241108,183252,20241126,121241,ZMAERZ,2024-11-09 23:16:48,0,2025-04-21 22:33:19,INFAJOB,WMIPHPICK_15_AGK_4071540_20241109020020.txt,WMI,16d59d483607fcddc4f3e34eeb838526
201382002,20241127,202411,,7001,-7001,DC7504680,AGK,-960,DC7504680,DC7504680,DB,1,SGWS TRF TO MD,SGWS TRF TO MD,7001 C QUAD AVE,,,ROSEDALE,MD,21237,840,,SGWS TRF TO MD,7001 C QUAD AVE,,,ROSEDALE,MD,21237,8008669463,840,DC0000001,20241111,,,LTL,,,,Not Assigned To An Outbound Shipment,20241107,0,0,0,,,,,,,99,Cancelled,,3,Pickticket Cancelled.,,Y,N,07504680,1,0.,0.,0.,0,0,0.,0.,0.,0,6144.,,TL,53,F,0,,,5300,N N,,,,4,,,,63219,12214821,960,968966,968966,,,,,,,,F,,,,,3360.,3360.,3360.,0.,3360.,0.,0.,12.,0.,0.,,WDC,*,59687.6,,,,5300,20241107,180400,20241127,164643,EUBER,2024-11-08 23:18:28,0,2025-04-21 22:33:19,INFAJOB,WMIPHPICK_15_AGK_4068319_20241108020019.txt,WMI,288e0e794e7c506f5ab7e6722074ec65
133867216,20241127,202411,,7001,-7001,IL7548384,AGK,-960,IL7548384,IL7548384,DB,36452,SGWS - ILLINOIS- TRANSFER,SGWS - ILLINOIS- TRANSFER,300 E CROSSROADS PKWY,,,BOLINGBROOK,IL,60440,840,,SGWS - ILLINOIS- TRANSFER,300 E CROSSROADS PKWY,,,BOLINGBROOK,IL,60440,,840,IL0036452,20241128,,,LTL,,,,Not Assigned To An Outbound Shipment,20241125,0,0,0,,,,,,,99,Cancelled,,3,Pickticket Cancelled.,,Y,N,07548384,1,0.,0.,0.,0,0,0.,0.,0.,0,4704.,,TL,53,F,0,,,3500,N N,,,,2,,,,23233620,11887646,960,13503,13503,,,,,,,,F,,,,,720.,720.,720.,0.,720.,0.,0.,6.,0.,0.,,BOL,*,17760.,,,,3500,20241125,144821,20241127,163351,EUBER,2024-11-25 23:19:42,0,2025-04-21 22:33:19,INFAJOB,WMIPHPICK_15_AGK_4118097_20241125160049.txt,WMI,ef833adf4f7369b79e4cea9b8ec13359
156788298,20241228,202412,,7001,-7001,IL7548790,AGK,-960,IL7548790,IL7548790,DB,36452,SGWS - ILLINOIS- TRANSFER,SGWS - ILLINOIS- TRANSFER,300 E CROSSROADS PKWY,,,BOLINGBROOK,IL,60440,840,,SGWS - ILLINOIS- TRANSFER,300 E CROSSROADS PKWY,,,BOLINGBROOK,IL,60440,,840,IL0036452,20241216,,,LTL,,,20,Fully Assigned To An Outbound Shipment,20241212,20241226,20241228,94237,241226P0000,N,0,0,0,2,90,Invoiced,,2,Pickticket Completely Invoiced.,,N,N,07548790,1,38002.,0.,0.,0,20,2084250.8,0.,0.,0,13440.,,TL,53,F,5,02,ACTIVITY 2,3500,N N,,,,6,20241226019,9,All From Reserve,43822,10457414,960,483979,483979,DAY,,,,,,,F,***,,***,,660.,660.,660.,0.,0.,660.,660.,6.,1.,1.,CT1,BOL,*,16619.9,90,Invoiced Complete,4082074,3500,20241212,153144,20241228,94237,KRENO,2024-12-12 23:20:48,0,2025-04-21 22:33:19,INFAJOB,WMIPHPICK_15_AGK_4172733_20241212160037.txt,WMI,64d708999bcf028d703e7a87770cf156
180787312,20250212,202502,,7001,-7001,IL7549563,AGK,-960,IL7549563,IL7549563,DB,36452,SGWS - ILLINOIS- TRANSFER,SGWS - ILLINOIS- TRANSFER,300 E CROSSROADS PKWY,,,BOLINGBROOK,IL,60440,840,,SGWS - ILLINOIS- TRANSFER,300 E CROSSROADS PKWY,,,BOLINGBROOK,IL,60440,,840,IL0036452,20250203,,,LTL,,,20,Fully Assigned To An Outbound Shipment,20250131,20250210,20250212,91242,250210P0000,N,0,0,0,2,90,Invoiced,,2,Pickticket Completely Invoiced.,,N,N,07549563,1,40357.8,0.,0.,0,23,2740262.4,0.,0.,0,15096.,,TL,53,F,5,02,ACTIVITY 2,3500,N N,,,,3,20250210009,9,All From Reserve,108536,11932728,960,958174,958174,DAY,,,,,,,F,***,,***,,1440.,1440.,1440.,0.,0.,1440.,1440.,12.,720.,144.,CT1,BOL,*,15584.4,90,Invoiced Complete,4120999,3500,20250131,174643,20250212,91242,ZMAERZ,2025-01-31 23:25:38,0,2025-04-21 22:33:19,INFAJOB,WMIPHPICK_15_AGK_4318262_20250131160040.txt,WMI,e4036eff56f6b00fb95afba1847fabcd
183629762,20250219,202502,,7001,-7001,FL7916165,AGK,-960,FL7916165,FL7916165,DB,50656,SGWS LAKELAND TRF,SGWS LAKELAND TRF,4440 OLD TAMPA HIGHWAY,,,LAKELAND,FL,33811,840,,SGWS/LAKELAND,4440 OLD TAMPA HIGHWAY,,,LAKELAND,FL,33811,8636861526,840,FL0050656,20250214,,,LTL,,,20,Fully Assigned To An Outbound Shipment,20250213,20250217,20250219,104312,250217P0000,N,0,0,0,2,90,Invoiced,,2,Pickticket Completely Invoiced.,,N,N,07916165,1,3517.,0.,0.,0,23,116420.,0.,0.,0,10980.,,TL,53,F,5,02,ACTIVITY 2,1500,N N,,,,2,20250217002,9,All From Reserve,82304,12036552,960,991348,991348,DAY,,,,,,,F,***,,***,,420.,420.,420.,0.,0.,420.,420.,6.,300.,60.,CT1,LAK,*,10733.8,90,Invoiced Complete,4130044,1500,20250213,110406,20250219,104312,MLIPSCOMB,2025-02-13 23:21:18,0,2025-04-21 22:33:19,INFAJOB,WMIPHPICK_15_AGK_4353801_20250213160040.txt,WMI,acde6f390b3b611152ff540b9b935ba5
218146773,20250403,202504,,7001,-7001,FL7916542,AGK,-960,FL7916542,FL7916542,DB,50656,SGWS LAKELAND TRF,SGWS LAKELAND TRF,4440 OLD TAMPA HIGHWAY,,,LAKELAND,FL,33811,840,,SGWS/LAKELAND,4440 OLD TAMPA HIGHWAY,,,LAKELAND,FL,33811,8636861526,840,FL0050656,20250327,,,LTL,,,20,Fully Assigned To An Outbound Shipment,20250326,20250401,20250403,141316,250401P0000,N,0,0,0,2,90,Invoiced,,2,Pickticket Completely Invoiced.,,N,N,07916542,1,1176.,1176.,0.,0,21,1176.,0.,0.,0,14112.,,TL,53,F,5,02,ACTIVITY 2,1500,N N,,,,1,20250401003,9,All From Reserve,2356513,12899730,960,650357,650357,DAY,,,,,,,F,***,,***,,14112.,14112.,14112.,0.,0.,14112.,14112.,12.,1.,1.,CT1,LAK,*,174048.,90,Invoiced Complete,4167124,1500,20250326,151157,20250403,141316,KRENO,2025-03-26 22:22:19,0,2025-04-21 22:33:19,INFAJOB,WMIPHPICK_15_AGK_4470772_20250326160040.txt,WMI,869f9d8ae8fbaad24ff7406e9d89b870
122365910,20241109,202411,,7002,-7002,HI7518534,AGC,-961,HI7518534,HI7518534,DB,332,SGWS KAUAI WHSE 5,SGWS KAUAI WHSE 5,1556 HALEUKANA ST,,,LIHUE,HI,96766,840,,SGWS KAUAI WHSE 5,1556 HALEUKANA ST,,,LIHUE,HI,96766,8082452999,840,HI0000332,20241012,,,LTL,,,20,Fully Assigned To An Outbound Shipment,20241008,20241024,20241109,93424,241024P0000,N,0,0,0,2,90,Invoiced,,2,Pickticket Completely Invoiced.,,N,N,07518534,1,3012.05,3012.05,0.,0,13,320222.701,0.,0.,0,1260.,,TL,53,F,5,02,ACTIVITY 2,6600,N N,,,,8,20241024002,9,All from Reserve,2052524,12075271,961,618933,618933,DAY,,,,,,,F,***,,***,,96.,96.,96.,0.,0.,96.,96.,24.,1320.,264.,CT1,HIC,*,292.72,90,Invoiced Complete,4023229,6600,20241008,142144,20241109,93424,LKOESTERS,2024-10-09 01:25:25,0,2025-04-22 01:19:24,INFAJOB,WMIPHPICK_15_AGC_3957713_20241008190034.txt,WMI,748dbc6305cf25900044aa3fd8c9ee3c
133281794,20241031,202410,,7002,-7002,1000000021,AGC,-961,7992874,7992874,DB,1,LAS VEGAS MAIN,LAS VEGAS MAIN,8400 SOUTH JONES,,,LAS VEGAS,NV,89139,840,,LAS VEGAS MAIN,8400 SOUTH JONES,,,LAS VEGAS,NV,89139,7028764500,840,1,20241018,,,LTL,,,,Not Assigned To An Outbound Shipment,20241014,0,20241031,0,,,,,,,99,Cancelled,,3,Pickticket Cancelled.,,N,N,07992874,1,385.65,0.,385.65,0,0,20651.936,0.,20651.936,0,2844.,,TL,53,F,5,02,ACTIVITY 2,7200,N N,,,,1,,,,207413,12115620,961,411653,411653,,,,,,,,F,,,,,120.,120.,120.,0.,120.,0.,0.,6.,480.,120.,,NVL,,11.1985,,,4039185,,20241028,121230,20241031,110204,EUBER,2024-10-29 01:18:41,0,2025-04-22 01:19:24,INFAJOB,WMIPHPICK_15_AGC_4037540_20241028190037.txt,WMI,0842c80653275b7254ee139564ff0493
148160188,20241218,202412,,7002,-7002,AZ7515728,AGC,-961,AZ7515728,AZ7515728,DB,1,SGWS ARIZONA,SGWS ARIZONA,2375 S 45TH AVE,,,PHOENIX,AZ,85043,840,,SGWS PHOENIX,2375 S. 45TH AVE,,,PHOENIX,AZ,85043,6025338100,840,AZ0000001,20241209,,,LTL,,,20,Fully Assigned To An Outbound Shipment,20241206,20241212,20241218,104657,241212P0000,N,0,0,0,2,90,Invoiced,,2,Pickticket Completely Invoiced.,,N,N,07515728,1,38665.6,38665.6,0.,0,18,2077190.048,0.,0.,0,7284.,,TL,53,F,5,02,ACTIVITY 2,5200,N N,,,,3,20241212006,9,All from Reserve,2127725,12036341,961,964126,964126,DAY,,,,,,,F,***,,***,,84.,84.,84.,0.,0.,84.,84.,12.,600.,120.,CT1,PHX,*,1328.32,90,Invoiced Complete,4077351,5200,20241206,152038,20241218,104657,ESOLORZANO,2024-12-07 02:19:15,0,2025-04-22 01:19:24,INFAJOB,WMIPHPICK_15_AGC_4156528_20241206190036.txt,WMI,9eb93882a0269cc96358dd966d654945
176722197,20241223,202412,,7002,-7002,HI7518908,AGC,-961,HI7518908,HI7518908,DB,331,SGWS BIG ISLAND WHSE 4,SGWS BIG ISLAND WHSE 4,"61 3785 MALUOKALANI PLACE, #12",,,KAWAIHAE,HI,96743,840,,SGWS BIG ISLAND WHSE 4,"61 3785 MALUOKALANI PLACE, #12",,,KAWAIHAE,HI,96743,8088821841,840,HI0000331,20241209,,,LTL,,,20,Fully Assigned To An Outbound Shipment,20241206,20241212,20241223,132946,241212P0000,N,0,0,0,2,90,Invoiced,,2,Pickticket Completely Invoiced.,,N,N,07518908,1,37679.7,37679.7,0.,0,81,2343482.56,0.,0.,0,12821.,,TL,53,F,5,02,ACTIVITY 2,6600,N N,,,,49,20241212025,9,All from Reserve,539252,12029045,961,624573,624573,DAY,,,,,,,F,***,,***,,336.,336.,336.,0.,0.,336.,336.,12.,672.,168.,CT1,HIC,*,2739.24,90,Invoiced Complete,4077365,6600,20241206,153039,20241223,132946,ESOLORZANO,2024-12-07 02:19:15,0,2025-04-22 01:19:24,INFAJOB,WMIPHPICK_15_AGC_4156528_20241206190036.txt,WMI,30eeb6ed095e49c5cd98918647a07f68
154146411,20250106,202501,,7002,-7002,NM7602817,AGC,-961,NM7602817,NM7602817,DB,171,SGWS NEW MEXICO,SGWS NEW MEXICO,"123 MONTANO RD NW, SUITE C",,,ALBUQUERQUE,NM,87107,840,,SGWS ALBUQUERQUE,"123 MONTANO RD NW, SUITE C",,,ALBUQUERQUE,NM,87107,5052474186,840,NM0000171,20241209,,,LTL,,,20,Fully Assigned To An Outbound Shipment,20241206,20241212,20250106,133837,241212P0000,N,0,0,0,2,90,Invoiced,,2,Pickticket Completely Invoiced.,,N,N,07602817,1,505.85,505.85,0.,0,2,24852.589,0.,0.,0,168.,,TL,53,F,5,02,ACTIVITY 2,7600,N N,,,,2,20241212003,9,All from Reserve,12700184,11882425,961,960001,960001,DAY,,,,,,,F,***,,***,,36.,36.,36.,0.,0.,36.,36.,6.,360.,90.,CT1,ALB,*,3172.98,90,Invoiced Complete,4077353,7600,20241206,152039,20250106,133837,ESOLORZANO,2024-12-07 02:19:15,0,2025-04-22 01:19:24,INFAJOB,WMIPHPICK_15_AGC_4156528_20241206190036.txt,WMI,c109eaa43a56074e8a62e5be9429eb7a
214281507,20241127,202411,,7002,-7002,HI7518812,AGC,-961,HI7518812,HI7518812,DB,332,SGWS KAUAI WHSE 5,SGWS KAUAI WHSE 5,1556 HALEUKANA ST,,,LIHUE,HI,96766,840,,SGWS KAUAI WHSE 5,1556 HALEUKANA ST,,,LIHUE,HI,96766,8082452999,840,HI0000332,20241122,,,LTL,,,,Not Assigned To An Outbound Shipment,20241120,0,20241127,0,,,,,,,99,Cancelled,,3,Pickticket Cancelled.,,Y,N,07518812,1,0.,0.,0.,0,0,0.,0.,0.,0,6690.,,TL,53,F,0,,,6600,N N,,,,13,,,,1858276,12021355,961,157604,157604,,,,,,,,F,,,,,156.,156.,156.,0.,156.,0.,0.,12.,0.,0.,,HIC,*,808.47,,,,6600,20241120,155638,20241127,161308,EUBER,2024-11-21 02:18:17,0,2025-04-22 01:19:24,INFAJOB,WMIPHPICK_15_AGC_4104973_20241120190035.txt,WMI,85142b835ef461fec8cfdd5acf7d8a84
202261951,20250204,202502,,7002,-7002,AZ7515926,AGC,-961,AZ7515926,AZ7515926,DB,1,SGWS ARIZONA,SGWS ARIZONA,2375 S 45TH AVE,,,PHOENIX,AZ,85043,840,,SGWS PHOENIX,2375 S. 45TH AVE,,,PHOENIX,AZ,85043,6025338100,840,AZ0000001,20250203,,,LTL,,,20,Fully Assigned To An Outbound Shipment,20250129,20250130,20250204,123837,250130P0000,N,0,0,0,2,90,Invoiced,,2,Pickticket Completely Invoiced.,,N,N,07515926,1,41232.,41232.,0.,0,18,2455488.,0.,0.,0,12240.,,TL,53,F,5,02,ACTIVITY 2,5200,N N,,,,1,20250130009,9,All from Reserve,1878756,12012838,961,33451,33451,DAY,,,,,,,F,***,,***,,7920.,7920.,7920.,0.,0.,7920.,7920.,12.,660.,132.,CT1,PHX,*,87483.,90,Invoiced Complete,4118535,5200,20250129,133725,20250204,123837,VRINCON,2025-01-30 02:19:17,0,2025-04-22 01:19:24,INFAJOB,WMIPHPICK_15_AGC_4312602_20250129190038.txt,WMI,9f1d23aca6fcea304a757a481b24138a
181591552,20250227,202502,,7002,-7002,CN7653690,AGC,-961,CN7653690,CN7653690,DB,22519,ATLANTIC,ATLANTIC,1555 ATLANTIC ST,,,UNION CITY,CA,94587,840,,ATLANTIC,1555 ATLANTIC ST,,,UNION CITY,CA,94587,5104775700,840,CN0022519,20250219,,,LTL,,,20,Fully Assigned To An Outbound Shipment,20250218,20250226,20250227,201413,250226P0000,N,0,0,0,2,90,Invoiced,,2,Pickticket Completely Invoiced.,,N,N,07653690,1,4566.,4566.,0.,0,2,298368.,0.,0.,0,624.,,TL,53,F,5,02,ACTIVITY 2,6400,N N,,,,1,20250226005,9,All from Reserve,11615388,12033862,961,535908,535908,DAY,,,,,,,F,***,,***,,624.,624.,624.,0.,0.,624.,624.,6.,312.,78.,CT1,CAN,*,16788.72,90,Invoiced Complete,4134113,6400,20250218,133609,20250227,201413,MCERTEZA,2025-02-19 02:21:22,0,2025-04-22 01:19:24,INFAJOB,WMIPHPICK_15_AGC_4368092_20250218190039.txt,WMI,a37b1c1d5ef87f49e07d04bc1310675d
193256666,20250304,202503,,7002,-7002,HI7519573,AGC,-961,HI7519573,HI7519573,DB,329,SGWS CAMPBELL WHSE 1,SGWS CAMPBELL WHSE 1,91 210 HANUA ST,,,KAPOLEI,HI,96707,840,,SGWS CAMPBELL WHSE 1,91 210 HANUA ST,,,KAPOLEI,HI,96707,8086823737,840,HI0000329,20250226,,,LTL,,,20,Fully Assigned To An Outbound Shipment,20250225,20250303,20250304,145825,250303P0000,N,0,0,0,2,90,Invoiced,,2,Pickticket Completely Invoiced.,,N,N,07519573,1,40233.9,40233.9,0.,0,44,1980455.671,0.,0.,0,21078.,,TL,53,F,5,02,ACTIVITY 2,6600,N N,,,,11,20250303031,9,All from Reserve,2011878,12092732,961,538662,538662,DAY,,,,,,,F,***,,***,,6.,6.,6.,0.,0.,6.,6.,6.,624.,78.,CT1,HIC,*,142.19,90,Invoiced Complete,4140988,6600,20250225,194333,20250304,145825,VRINCON,2025-02-26 02:21:27,0,2025-04-22 01:19:24,INFAJOB,WMIPHPICK_15_AGC_4387671_20250225190038.txt,WMI,e7ed787f7971917ff2498e17ccc967eb
183789684,20250304,202503,,7002,-7002,CA7255566,AGC,-961,CA7255566,CA7255566,DB,99005,SANTA FE SPRINGS,SANTA FE SPRINGS,13500 FOSTER ROAD,,,SANTA FE SPRINGS,CA,90670,840,,SANTA FE SPRINGS,13500 FOSTER ROAD,,,SANTA FE SPRINGS,CA,90670,5629262000,840,CA0099005,20250228,,,LTL,,,20,Fully Assigned To An Outbound Shipment,20250227,20250228,20250304,120910,250228P0000,N,0,0,0,2,90,Invoiced,,2,Pickticket Completely Invoiced.,,N,N,07255566,1,34689.6,34689.6,0.,0,18,2068416.,0.,0.,0,11880.,,TL,53,F,5,02,ACTIVITY 2,6200,N N,,,,1,20250228032,9,All from Reserve,6183070,11916066,961,24601,24601,DAY,,,,,,,F,***,,***,,11880.,11880.,11880.,0.,0.,11880.,11880.,12.,660.,132.,CT1,SFS,*,262102.5,90,Invoiced Complete,4143140,6200,20250227,150656,20250304,120910,VRINCON,2025-02-28 02:21:35,0,2025-04-22 01:19:24,INFAJOB,WMIPHPICK_15_AGC_4394102_20250227190039.txt,WMI,eda9fbf228017a1104968a70d57b349d
163751300,20250306,202503,,7002,-7002,HI7519587,AGC,-961,HI7519587,HI7519587,DB,331,SGWS BIG ISLAND WHSE 4,SGWS BIG ISLAND WHSE 4,"61 3785 MALUOKALANI PLACE, #12",,,KAWAIHAE,HI,96743,840,,SGWS BIG ISLAND WHSE 4,"61 3785 MALUOKALANI PLACE, #12",,,KAWAIHAE,HI,96743,8088821841,840,HI0000331,20250227,,,LTL,,,20,Fully Assigned To An Outbound Shipment,20250226,20250305,20250306,171534,250305P0000,N,0,0,0,2,90,Invoiced,,2,Pickticket Completely Invoiced.,,N,N,07519587,1,22145.73,22145.73,0.,0,51,1343749.397,0.,0.,0,6136.,,TL,53,F,5,02,ACTIVITY 2,6600,N N,,,,46,20250305017,9,All from Reserve,2146925,12043993,961,992255,992255,DAY,,,,,,,F,***,,***,,40.,40.,40.,0.,0.,40.,40.,10.,1020.,170.,CT1,HIC,*,269.52,90,Invoiced Complete,4142289,6600,20250226,193421,20250306,171534,ARENEGAONA,2025-02-27 02:20:48,0,2025-04-22 01:19:24,INFAJOB,WMIPHPICK_15_AGC_4390887_20250226190039.txt,WMI,9386e1e145f7245f550d985a18722f74
197018670,20250314,202503,,7002,-7002,MCM000005X,AGC,-961,MCM000005X,MCM000005X,DH,MCM00007,Constantine,,9001 Mendenhall Court,,,Columbia,MD,21045,840,,Constantine,9001 Mendenhall Court,,,Columbia,MD,21045,,840,,0,,,LTL,,,20,Fully Assigned To An Outbound Shipment,20250310,20250310,20250314,162540,250310P0000,N,0,0,0,2,90,Invoiced,,2,Pickticket Completely Invoiced.,,N,N,MCM000005X,1,483.,483.,0.,0,1,24156.,0.,0.,0,360.,,TL,53,F,5,01,ACTIVITY 1,,,,,,1,20250310011,9,All from Reserve,2187883,12145987,961,MCM00007,MCM00007,DAY,,,,,,,F,***,,***,,180.,180.,180.,0.,0.,180.,180.,12.,720.,180.,CT1,MCM,*,1.,90,Invoiced Complete,1000684,,20250310,135050,20250314,162540,ESOLORZANO,2025-03-11 01:22:11,0,2025-04-22 01:19:24,INFAJOB,WMIPHPICK_15_AGC_4424873_20250310190038.txt,WMI,0756776bc763909996e854aa3f8cf9b0
230024524,20250422,202504,,7002,-7002,VCK000001I,AGC,-961,VCK000001I,VCK000001I,DH,VCK00009,SGWS of TX - Katy,,527 Cane Island Parkway,,,Katy,TX,77494,840,,SGWS of TX - Katy,526 Cane Island Parkway,,,Katy,TX,77494,,840,,0,,,LTL,,,20,Fully Assigned To An Outbound Shipment,20250418,20250418,20250422,170926,250418P0000,N,0,0,0,2,90,Invoiced,,2,Pickticket Completely Invoiced.,,N,N,VCK000001I,1,20.,20.,0.,0,2,66.,0.,0.,0,240.,,TL,53,F,5,01,ACTIVITY 1,,,,,,1,20250418010,9,All from Reserve,190513,11182169,961,VCK0000G,VCK0000G,DAY,,,,,,,F,***,,***,,120.,120.,120.,0.,0.,120.,120.,12.,1.,1.,CT1,VCK,*,18.,90,Invoiced Complete,4176288,,20250418,120903,20250422,170926,VRINCON,2025-04-19 01:23:48,0,2025-04-23 02:11:15,INFAJOB,WMIPHPICK_15_AGC_4538241_20250418190039.txt,WMI,e07f9ce23ded6a45e0f2df112955b622
221024794,20250423,202504,,7002,-7002,CN7654727,AGC,-961,CN7654727,CN7654727,DB,22519,ATLANTIC,ATLANTIC,1555 ATLANTIC ST,,,UNION CITY,CA,94587,840,,ATLANTIC,1555 ATLANTIC ST,,,UNION CITY,CA,94587,5104775700,840,CN0022519,20250409,,,LTL,,,20,Fully Assigned To An Outbound Shipment,20250408,20250421,20250423,114826,250421P0000,N,0,0,0,2,90,Invoiced,,2,Pickticket Completely Invoiced.,,N,N,07654727,1,9986.6,9986.6,0.,0,6,597617.792,0.,0.,0,4860.,,TL,53,F,5,02,ACTIVITY 2,6400,N N,,,,3,20250421014,9,All from Reserve,12672664,11865531,961,68330,68330,DAY,,,,,,,F,***,,***,,720.,720.,720.,0.,0.,720.,720.,12.,720.,144.,CT1,CAN,*,6160.2,90,Invoiced Complete,4177005,6400,20250408,150612,20250423,114826,MCERTEZA,2025-04-09 01:20:12,0,2025-04-24 01:42:53,INFAJOB,WMIPHPICK_15_AGC_4508526_20250408190040.txt,WMI,df9404a13ad6ab139430e67ac902b95e
182653776,20250411,202504,,7002,-7002,87524277,AGC,-961,87524277,87524277,DB,95011000,SGWSGFCA - FAIRFIELDMO - RAYMORE MO,,1100 S DEAN AVE,,,RAYMORE,MO,64083,840,,SGWSGFCA - FAIRFIELDMO - RAYMORE MO,1100 S DEAN AVE,,,RAYMORE,MO,64083,,840,9501-1000,0,,,LTL,,,20,Fully Assigned To An Outbound Shipment,20250410,20250410,20250411,175045,250410P0000,N,0,0,0,2,90,Invoiced,,2,Pickticket Completely Invoiced.,,N,N,,0,2175283.8,0.,0.,0,25,104993832.8,0.,0.,0,940.,,TL,53,F,5,03,ACTIVITY 3,,N N,,,,18,20250410018,9,All from Reserve,12686107,12910067,961,MISCMOR,MISCMOR,DAY,,,,,,,F,***,,***,,22.,259.,259.,0.,0.,259.,259.,1.,1.,1.,CT1,XDK,4165825,7920.,90,Invoiced Complete,87524277,,20250410,83501,20250411,175045,MCERTEZA,2025-04-09 01:20:12,0,2025-04-25 01:21:23,INFAJOB,WMIPHPICK_15_AGC_4508526_20250408190040.txt,WMI,f553f9f67ff23a8b08ddf93a00618118
213287395,20250413,202504,,7002,-7002,87523471,AGC,-961,87523471,87523471,DB,77011000,SGWSGFCA - FAIRFIELDN-,,6290 SHELBY VIEW DR,,,MEMPHIS,TN,381347662,840,,SGWSGFCA - FAIRFIELDN-,6290 SHELBY VIEW DR,,,MEMPHIS,TN,381347662,,840,7701-1000,0,,,LTL,,,20,Fully Assigned To An Outbound Shipment,20250409,20250410,20250413,194125,250410P0000,N,0,0,0,2,90,Invoiced,,2,Pickticket Completely Invoiced.,,N,N,,0,2323545.6,2323545.6,0.,0,41,112028325.2,0.,0.,0,1003.,,TL,53,F,5,03,ACTIVITY 3,,N N,,,,19,20250410012,9,All from Reserve,6491550,12968114,961,MISCTEN,MISCTEN,DAY,,,,,,,F,***,,***,,22.,7.,7.,0.,0.,7.,7.,1.,1.,1.,CT1,XDK,4155592,7920.,90,Invoiced Complete,87523471,,20250409,173243,20250413,194125,EUBER,2025-04-09 01:20:12,0,2025-04-25 01:21:23,INFAJOB,WMIPHPICK_15_AGC_4508526_20250408190040.txt,WMI,fadf69b9fecace766fc12f85dfa9948e
247853580,20250416,202504,,7002,-7002,87282156,AGC,-961,87282156,87282156,DB,87011000,HJIRFCA - FAIRFIELD-TX W -107221028,,15245 HERITAGE PARKWAY,,,FORT WORTH,TX,76177,840,,HJIRFCA - FAIRFIELD-TX W -107221028,15245 HERITAGE PARKWAY,,,FORT WORTH,TX,76177,,840,8701-1000,0,,,LTL,,,20,Fully Assigned To An Outbound Shipment,20250402,20250414,20250416,181846,250414P0000,N,0,0,0,2,90,Invoiced,,2,Pickticket Completely Invoiced.,,N,N,,0,2962931.4,0.,0.,0,23,142846394.,0.,0.,0,1279.,,TL,53,F,5,03,ACTIVITY 3,,N N,,,,2,20250414019,9,All from Reserve,2179873,13026456,961,MISCTXD,MISCTXD,DAY,,,,,,,F,***,,***,,22.,22.,22.,0.,0.,22.,22.,1.,1.,1.,CT1,XDK,4148061,7920.,90,Invoiced Complete,87282156,,20250402,124121,20250416,181846,MCERTEZA,2025-03-29 01:19:03,0,2025-04-25 01:21:23,INFAJOB,WMIPHPICK_15_AGC_4477809_20250328190039.txt,WMI,86a386d9b45e38658b02602ff7338810
204430113,20250416,202504,,7002,-7002,87586686,AGC,-961,87586686,87586686,DB,6601KAWA,SGWSGFCA - FAIRFIELDI - KAWA-,,61 3785 MALUOKALANI PL 12,,,KAWAIHAE,HI,96743,840,,SGWSGFCA - FAIRFIELDI - KAWA-,61 3785 MALUOKALANI PL 12,,,KAWAIHAE,HI,96743,,840,6601-KAWA,0,,,LTL,,,20,Fully Assigned To An Outbound Shipment,20250410,20250414,20250416,181946,250414P0000,N,0,0,0,2,90,Invoiced,,2,Pickticket Completely Invoiced.,,N,N,,0,2592275.4,0.,0.,0,26,124976634.,0.,0.,0,1119.,,TL,53,F,5,03,ACTIVITY 3,,N N,,,,4,20250414018,9,All from Reserve,6491230,12907000,961,MISCHIB,MISCHIB,DAY,,,,,,,F,***,,***,,22.,3.,3.,0.,0.,3.,3.,1.,1.,1.,CT1,XDK,4163390,7920.,90,Invoiced Complete,87586686,,20250410,170631,20250416,181946,MCERTEZA,2025-04-11 01:19:49,0,2025-04-25 01:21:23,INFAJOB,WMIPHPICK_15_AGC_4514921_20250410190040.txt,WMI,94395be075f41365f858167dbebd465b
187408646,20250414,202504,,7002,-7002,87521999,AGC,-961,87521999,87521999,DB,6601KAPO,SGWSGFCA - FAIRFIELDHI-KAPO-,,91 210 HANUA STREET,,,KAPOLEI,HI,96707,840,,SGWSGFCA - FAIRFIELDHI-KAPO-,91 210 HANUA STREET,,,KAPOLEI,HI,96707,,840,6601-KAPO,0,,,LTL,,,20,Fully Assigned To An Outbound Shipment,20250409,20250410,20250414,180228,250410P0000,N,0,0,0,2,90,Invoiced,,2,Pickticket Completely Invoiced.,,N,N,,0,3511965.,671814.,0.,0,34,169528673.6,0.,0.,0,1628.,,TL,53,F,5,03,ACTIVITY 3,,N N,,,,18,20250410025,9,All from Reserve,2402272,13113973,961,MISCHIC,MISCHIC,DAY,,,,,,,F,***,,***,,22.,1.,1.,0.,0.,1.,1.,1.,1.,1.,CT1,XDK,4162007,7920.,90,Invoiced Complete,87521999,,20250409,134529,20250414,180228,MCERTEZA,2025-04-09 01:20:12,0,2025-04-25 01:21:23,INFAJOB,WMIPHPICK_15_AGC_4508526_20250408190040.txt,WMI,ab716605023152c7b0234c0838a058f7
208923222,20250415,202504,,7002,-7002,87521994,AGC,-961,87521994,87521994,DB,6601KAHU,SGWSGFCA - FAIRFIELDI - KAHU-,,231 LALO PLACE,,,"KAHULUI, MAUI",HI,96732,840,,SGWSGFCA - FAIRFIELDI - KAHU-,231 LALO PLACE,,,"KAHULUI, MAUI",HI,96732,,840,6601-KAHU,0,,,LTL,,,20,Fully Assigned To An Outbound Shipment,20250409,20250411,20250415,182303,250411P0000,N,0,0,0,2,90,Invoiced,,2,Pickticket Completely Invoiced.,,N,N,,0,2358298.2,148262.4,0.,0,33,113734286.8,0.,0.,0,1018.,,TL,53,F,5,03,ACTIVITY 3,,N N,,,,11,20250411008,9,All from Reserve,920691,13016240,961,MISCHIM,MISCHIM,DAY,,,,,,,F,***,,***,,22.,5.,5.,0.,0.,5.,5.,1.,1.,1.,CT1,XDK,4143517,7920.,90,Invoiced Complete,87521994,,20250409,133928,20250415,182303,MCERTEZA,2025-04-09 01:20:12,0,2025-04-25 01:21:23,INFAJOB,WMIPHPICK_15_AGC_4508526_20250408190040.txt,WMI,8523731dd9c3f4e2a01ebd770b88de57
176296135,20250414,202504,,7002,-7002,87522835,AGC,-961,87522835,87522835,DB,7201LASV,SGWSGFCA - FAIRFIELDNV - LAS VEGAS-,,8400 SOUTH JONES BLVD,,,LAS VEGAS,NV,89139,840,,SGWSGFCA - FAIRFIELDNV - LAS VEGAS-,8400 SOUTH JONES BLVD,,,LAS VEGAS,NV,89139,,840,7201-LASV,0,,,LTL,,,20,Fully Assigned To An Outbound Shipment,20250410,20250410,20250414,175956,250410P0000,N,0,0,0,2,90,Invoiced,,2,Pickticket Completely Invoiced.,,N,N,,0,3231655.8,0.,0.,0,41,155946459.6,0.,0.,0,1405.,,TL,53,F,5,03,ACTIVITY 3,,N N,,,,10,20250410028,9,All from Reserve,428533,12991968,961,MISCNVL,MISCNVL,DAY,,,,,,,F,***,,***,,22.,1.,1.,0.,0.,1.,1.,1.,1.,1.,CT1,XDK,4157289,7920.,90,Invoiced Complete,87522835,,20250410,85502,20250414,175956,MCERTEZA,2025-04-09 01:20:12,0,2025-04-25 01:21:23,INFAJOB,WMIPHPICK_15_AGC_4508526_20250408190040.txt,WMI,64b7f6995839f6513830de5c78dc3ef1
198293656,20250416,202504,,7002,-7002,87656919,AGC,-961,87656919,87656919,DB,7801DENV,SGWSGFCA - FAIRFIELDCO-,,22800 EAST 19TH AVENUE,,,AURORA,CO,80019,840,,SGWSGFCA - FAIRFIELDCO-,22800 EAST 19TH AVENUE,,,AURORA,CO,80019,,840,7801-DENV,0,,,LTL,,,20,Fully Assigned To An Outbound Shipment,20250414,20250414,20250417,3936,250414P0000,N,0,0,0,2,90,Invoiced,,2,Pickticket Completely Invoiced.,,N,N,,0,2446328.4,2446328.4,0.,0,29,117940416.8,0.,0.,0,1056.,,TL,53,F,5,03,ACTIVITY 3,,N N,,,,5,20250414038,9,All from Reserve,603892,13173221,961,MISCCOA,MISCCOA,DAY,,,,,,,F,***,,***,,22.,6.,6.,0.,0.,6.,6.,1.,1.,1.,CT1,XDK,4165816,7920.,90,Invoiced Complete,87656919,,20250414,121016,20250417,3936,BCALDWELL,2025-04-16 01:54:42,0,2025-04-25 01:21:23,INFAJOB,WMIPHPICK_15_AGC_4525460_20250414190040.txt,WMI,9ffeab38de40f1390db2e5beddf928fa
99863671,20240619,202406,,7002,-7002,80841166,AGC,-961,80841166,80841166,DB,6601KAHU,SOUTHERN GLAZERS OF HI - KAHU,,231 LALO PLACE,,,"KAHULUI, MAUI",HI,96732,840,,SOUTHERN GLAZERS OF HI - KAHU,231 LALO PLACE,,,"KAHULUI, MAUI",HI,96732,,840,6601-KAHU,0,,,LTL,,,20,Fully Assigned To An Outbound Shipment,20240619,20240620,20240620,200241,240620P0000,N,0,0,0,2,90,Invoiced,,2,Pickticket Completely Invoiced.,,N,N,,0,37056.,37056.,0.,0,16,1793433.6,0.,0.,0,16.,,TL,53,F,5,03,ACTIVITY 3,,N N,,,,7,,,,920691,13016240,961,MISCHIM,MISCHIM,,,,,,,,F,,,,,22.,0.,0.,0.,0.,0.,0.,1.,0.,0.,CT1,XDK,3910797,0.,,,,,20240619,141323,20240619,141323,WBURGOYN,2024-07-20 14:34:08,0,2025-04-25 01:21:23,INFAJOB,WMIPHPICK_15_Adhoc_3730955_20240719125822.txt,WMI,f08710ec26dbe7d1be133e1105fa0843
99682850,20240716,202407,,7002,-7002,81303096,AGC,-961,81303096,81303096,DB,7202SPAR,SOUTHERN GLAZERS OF NV - SPARKS,,250 LILLARD,,,SPARKS,NV,89434,840,,SOUTHERN GLAZERS OF NV - SPARKS,250 LILLARD,,,SPARKS,NV,89434,,840,7202-SPAR,0,,,,,,20,Fully Assigned To An Outbound Shipment,20240710,20240712,20240716,103709,240712P0000,N,0,0,0,2,90,Invoiced,,2,Pickticket Completely Invoiced.,,N,N,,0,64848.,64848.,0.,0,28,3138508.8,0.,0.,0,34.,,TL,53,F,5,03,ACTIVITY 3,,N N,,,,2,20240712014,9,All from Reserve,2133484,13048097,961,MISCNVS,MISCNVS,DAY,,,,,,,F,***,,***,,22.,1.,1.,0.,0.,1.,1.,1.,1.,1.,CT1,XDK,3899692,7920.,90,Invoiced Complete,81303096,,20240710,174902,20240716,103709,AGUERRERO,2024-07-20 14:34:08,0,2025-04-25 01:21:23,INFAJOB,WMIPHPICK_15_Adhoc_3730955_20240719125822.txt,WMI,ece21ea4a36ed36e0aae09586f299e4e
100989618,20240710,202407,,7002,-7002,81171658,AGC,-961,81171658,81171658,DB,4601SL01,SOUTHERN GLAZER'S OF NY - UPSTATE,,3063 COURT STREET,,,SYRACUSE,NY,13208,840,,SOUTHERN GLAZER'S OF NY - UPSTATE,3063 COURT STREET,,,SYRACUSE,NY,13208,,840,4601-SL01,0,,,LTL,,,20,Fully Assigned To An Outbound Shipment,20240703,20240709,20240710,114512,240709P0000,N,0,0,0,2,90,Invoiced,,2,Pickticket Completely Invoiced.,,N,N,,0,48636.,13896.,0.,0,21,2353881.6,0.,0.,0,21.,,TL,53,F,5,03,ACTIVITY 3,,N N,,,,5,20240709002,9,All from Reserve,2207720,12980385,961,MISCNYU,MISCNYU,DAY,,,,,,,F,***,,***,,22.,2.,2.,0.,0.,2.,2.,1.,1.,1.,CT1,XDK,3927743,7920.,90,Invoiced Complete,81171658,,20240703,181701,20240710,114512,AGUERRERO,2024-07-20 14:34:08,0,2025-04-25 01:21:23,INFAJOB,WMIPHPICK_15_Adhoc_3730955_20240719125822.txt,WMI,e2256893d761fe7a75120c1e3f2752a3
104898692,20240626,202406,,7002,-7002,80905734,AGC,-961,80905734,80905734,DB,5201BULK,SOUTHERN GLAZER'S OF AZ,,2375 S 45TH AVE,,,PHOENIX,AZ,85043,840,,SOUTHERN GLAZER'S OF AZ,2375 S 45TH AVE,,,PHOENIX,AZ,85043,,840,5201-BULK,0,,,LTL,,,20,Fully Assigned To An Outbound Shipment,20240624,20240625,20240626,202410,240625P0000,N,0,0,0,2,90,Invoiced,,2,Pickticket Completely Invoiced.,,N,N,,0,60216.,60216.,0.,0,26,2914329.6,0.,0.,0,26.,,TL,53,F,5,03,ACTIVITY 3,,N N,,,,3,20240625011,9,All from Reserve,2028527,12886643,961,MISCPHX,MISCPHX,DAY,,,,,,,F,***,,***,,22.,13.,13.,0.,0.,13.,13.,1.,1.,1.,CT1,XDK,3917465,7920.,90,Invoiced Complete,80905734,,20240624,132509,20240626,202410,ARENEGAONA,2024-07-20 14:34:08,0,2025-04-25 01:21:23,INFAJOB,WMIPHPICK_15_Adhoc_3730955_20240719125822.txt,WMI,db852fd2b440e70fc1018c9480559188
99844429,20240625,202406,,7002,-7002,80936483,AGC,-961,80936483,80936483,DB,8201BULK,SOUTHERN GLAZER'S OF OR,,9805 SW BOECKMAN ROAD,,,WILSONVILLE,OR,97070,840,,SOUTHERN GLAZER'S OF OR,9805 SW BOECKMAN ROAD,,,WILSONVILLE,OR,97070,,840,8201-BULK,0,,,LTL,,,20,Fully Assigned To An Outbound Shipment,20240624,20240625,20240625,211649,240625P0000,N,0,0,0,2,90,Invoiced,,2,Pickticket Completely Invoiced.,,N,N,,0,44004.,44004.,0.,0,19,2129702.4,0.,0.,0,19.,,TL,53,F,5,03,ACTIVITY 3,,N N,,,,4,20240625017,9,All from Reserve,1292530,13056607,961,MISCORE,MISCORE,DAY,,,,,,,F,***,,***,,22.,1.,1.,0.,0.,1.,1.,1.,1.,1.,CT1,XDK,3902631,7920.,90,Invoiced Complete,80936483,,20240624,104259,20240625,211649,DENCINA,2024-07-20 14:34:08,0,2025-04-25 01:21:23,INFAJOB,WMIPHPICK_15_Adhoc_3730955_20240719125822.txt,WMI,7b6d371cb7a6422ed9f25db4c84f59f7
100028352,20240717,202407,,7002,-7002,81402462,AGC,-961,81402462,81402462,DB,8001BULK,SOUTHERN GLAZER'S OF WA,,1025 VALLEY AVE NW,,,PUYALLUP,WA,98371,840,,SOUTHERN GLAZER'S OF WA,1025 VALLEY AVE NW,,,PUYALLUP,WA,98371,,840,8001-BULK,0,,,LTL,,,20,Fully Assigned To An Outbound Shipment,20240715,20240716,20240717,201231,240716P0000,N,0,0,0,2,90,Invoiced,,2,Pickticket Completely Invoiced.,,N,N,,0,48636.,0.,0.,0,21,2353881.6,0.,0.,0,21.,,TL,53,F,5,03,ACTIVITY 3,,N N,,,,2,20240716010,9,All from Reserve,2184675,13035126,961,MISCWAP,MISCWAP,DAY,,,,,,,F,***,,***,,22.,2.,2.,0.,0.,2.,2.,1.,1.,1.,CT1,XDK,3933539,7920.,90,Invoiced Complete,81402462,,20240715,122609,20240717,201231,DENCINA,2024-07-20 14:34:08,0,2025-04-25 01:21:23,INFAJOB,WMIPHPICK_15_Adhoc_3730955_20240719125822.txt,WMI,b578e89a790288e96318c83741f0803a
99857326,20240701,202407,,7002,-7002,80984179,AGC,-961,80984179,80984179,DB,5401BULK,SOUTHERN GLAZER'S OF DE,,615 LAMBSON LANE,,,NEW CASTLE,DE,19720,840,,SOUTHERN GLAZER'S OF DE,615 LAMBSON LANE,,,NEW CASTLE,DE,19720,,840,5401-BULK,0,,,LTL,,,20,Fully Assigned To An Outbound Shipment,20240626,20240627,20240701,112008,240627P0000,N,0,0,0,2,90,Invoiced,,2,Pickticket Completely Invoiced.,,N,N,,0,69480.,25476.,0.,0,30,3362688.,0.,0.,0,30.,,TL,53,F,5,03,ACTIVITY 3,,N N,,,,9,20240627009,9,All from Reserve,2111086,12888747,961,MISCDEL,MISCDEL,DAY,,,,,,,F,***,,***,,22.,1.,1.,0.,0.,1.,1.,1.,1.,1.,CT1,XDK,3913572,7920.,90,Invoiced Complete,80984179,,20240626,122011,20240701,112008,AGUERRERO,2024-07-20 14:34:08,0,2025-04-25 01:21:23,INFAJOB,WMIPHPICK_15_Adhoc_3730955_20240719125822.txt,WMI,fbd2c7f3012a24ab0601daf608b6da79
103662254,20240625,202406,,7002,-7002,80905717,AGC,-961,80905717,80905717,DB,7201LASV,SOUTHERN GLAZER'S OF NV - LAS VEGAS,,8400 SOUTH JONES BLVD,,,LAS VEGAS,NV,89139,840,,SOUTHERN GLAZER'S OF NV - LAS VEGAS,8400 SOUTH JONES BLVD,,,LAS VEGAS,NV,89139,,840,7201-LASV,0,,,LTL,,,20,Fully Assigned To An Outbound Shipment,20240621,20240621,20240625,162329,240621P0000,N,0,0,0,2,90,Invoiced,,2,Pickticket Completely Invoiced.,,N,N,,0,69480.,0.,0.,0,30,3362688.,0.,0.,0,30.,,TL,53,F,5,03,ACTIVITY 3,,N N,,,,9,20240621010,9,All from Reserve,428533,12991968,961,MISCNVL,MISCNVL,DAY,,,,,,,F,***,,***,,22.,1.,1.,0.,0.,1.,1.,1.,1.,1.,CT1,XDK,3920063,7920.,90,Invoiced Complete,80905717,,20240621,114215,20240625,162329,DENCINA,2024-07-20 14:34:08,0,2025-04-25 01:21:23,INFAJOB,WMIPHPICK_15_Adhoc_3730955_20240719125822.txt,WMI,83848e93af1566ca7513050c75d3e42b
102530984,20240718,202407,,7002,-7002,81402593,AGC,-961,81402593,81402593,DB,4501LIND,SOUTHERN GLAZER'S OF NY - LINDEN,,801 W LINDEN AVENUE,,,LINDEN,NJ,07036,840,,SOUTHERN GLAZER'S OF NY - LINDEN,801 W LINDEN AVENUE,,,LINDEN,NJ,07036,,840,4501-LIND,0,,,LTL,,,20,Fully Assigned To An Outbound Shipment,20240715,20240716,20240718,183614,240716P0000,N,0,0,0,2,90,Invoiced,,2,Pickticket Completely Invoiced.,,N,N,,0,69480.,0.,0.,0,30,3362688.,0.,0.,0,30.,,TL,53,F,5,03,ACTIVITY 3,,N N,,,,15,20240716007,9,All from Reserve,161337,12880991,961,MISCNJR,MISCNJR,DAY,,,,,,,F,***,,***,,22.,1.,1.,0.,0.,1.,1.,1.,1.,1.,CT1,XDK,3914044,7920.,90,Invoiced Complete,81402593,,20240715,120207,20240718,183614,DENCINA,2024-07-20 14:34:08,0,2025-04-25 01:21:23,INFAJOB,WMIPHPICK_15_Adhoc_3730955_20240719125822.txt,WMI,f5cee98b2e480c4c433681c75e04147c
102893981,20240710,202407,,7002,-7002,81219281,AGC,-961,81219281,81219281,DB,8201BULK,SOUTHERN GLAZER'S OF OR,,9805 SW BOECKMAN ROAD,,,WILSONVILLE,OR,97070,840,,SOUTHERN GLAZER'S OF OR,9805 SW BOECKMAN ROAD,,,WILSONVILLE,OR,97070,,840,8201-BULK,0,,,LTL,,,20,Fully Assigned To An Outbound Shipment,20240705,20240708,20240710,182752,240708P0000,N,0,0,0,2,90,Invoiced,,2,Pickticket Completely Invoiced.,,N,N,,0,57900.,0.,0.,0,25,2802240.,0.,0.,0,27.,,TL,53,F,5,03,ACTIVITY 3,,N N,,,,5,20240708014,9,All from Reserve,1292530,13056607,961,MISCORE,MISCORE,DAY,,,,,,,F,***,,***,,22.,13.,13.,0.,0.,13.,13.,1.,1.,1.,CT1,XDK,3922896,7920.,90,Invoiced Complete,81219281,,20240705,141718,20240710,182752,EUBER,2024-07-20 14:34:08,0,2025-04-25 01:21:23,INFAJOB,WMIPHPICK_15_Adhoc_3730955_20240719125822.txt,WMI,35cafcc9949eb4d21bd78f83b78437c6
104351365,20240805,202408,,7002,-7002,81853523,AGC,-961,81853523,81853523,DB,3501BOLI,SOUTHERN GLAZER'S OF IL,,300 EAST CROSSROADS PARKWAY,,,BOLINGBROOK,IL,60440,840,,SOUTHERN GLAZER'S OF IL,300 EAST CROSSROADS PARKWAY,,,BOLINGBROOK,IL,60440,,840,3501-BOLI,0,,,LTL,,,20,Fully Assigned To An Outbound Shipment,20240802,20240802,20240805,191614,240802P0000,N,0,0,0,2,90,Invoiced,,2,Pickticket Completely Invoiced.,,N,N,,0,53268.,4632.,0.,0,23,2578060.8,0.,0.,0,23.,,TL,53,F,5,03,ACTIVITY 3,,N N,,,,4,20240802027,9,All from Reserve,2401952,12888203,961,MISCBOL,MISCBOL,DAY,,,,,,,F,***,,***,,22.,1.,1.,0.,0.,1.,1.,1.,1.,1.,CT1,XDK,3951680,7920.,90,Invoiced Complete,81853523,,20240802,132736,20240805,191614,AGUERRERO,2024-08-03 16:12:59,0,2025-04-25 01:21:23,INFAJOB,WMIPHPICK_15_AGC_3773655_20240803110038.txt,WMI,f0b397f349d77844281f9ae901598cc2
104951966,20240806,202408,,7002,-7002,81850394,AGC,-961,81850394,81850394,DB,95011000,SOUTHERN GLAZER'S OF MO - RAYMORE M,,1100 S DEAN AVE,,,RAYMORE,MO,64083,840,,SOUTHERN GLAZER'S OF MO - RAYMORE M,1100 S DEAN AVE,,,RAYMORE,MO,64083,,840,9501-1000,0,,,LTL,,,20,Fully Assigned To An Outbound Shipment,20240802,20240805,20240806,142206,240805P0000,N,0,0,0,2,90,Invoiced,,2,Pickticket Completely Invoiced.,,N,N,,0,74112.,11580.,0.,0,32,3586867.2,0.,0.,0,32.,,TL,53,F,5,03,ACTIVITY 3,,N N,,,,5,20240805015,9,All from Reserve,12686107,12910067,961,MISCMOR,MISCMOR,DAY,,,,,,,F,***,,***,,22.,1.,1.,0.,0.,1.,1.,1.,1.,1.,CT1,XDK,3953512,7920.,90,Invoiced Complete,81850394,,20240802,122201,20240806,142206,AGUERRERO,2024-08-03 16:12:59,0,2025-04-25 01:21:23,INFAJOB,WMIPHPICK_15_AGC_3773655_20240803110038.txt,WMI,f729085efb06a64833de2462174f5df5
103466905,20240816,202408,,7002,-7002,82018792,AGC,-961,82018792,82018792,DB,7801DENV,SOUTHERN GLAZER'S OF CO,,22800 EAST 19TH AVENUE,,,AURORA,CO,80019,840,,SOUTHERN GLAZER'S OF CO,22800 EAST 19TH AVENUE,,,AURORA,CO,80019,,840,7801-DENV,0,,,LTL,,,20,Fully Assigned To An Outbound Shipment,20240812,20240814,20240816,165252,240814P0000,N,0,0,0,2,90,Invoiced,,2,Pickticket Completely Invoiced.,,N,N,,0,64848.,6948.,0.,0,28,3138508.8,0.,0.,0,28.,,TL,53,F,5,03,ACTIVITY 3,,N N,,,,2,20240814017,9,All from Reserve,603892,13173221,961,MISCCOA,MISCCOA,DAY,,,,,,,F,***,,***,,22.,1.,1.,0.,0.,1.,1.,1.,1.,1.,CT1,XDK,3952319,7920.,90,Invoiced Complete,82018792,,20240812,90502,20240816,165252,AGUERRERO,2024-08-09 16:15:12,0,2025-04-25 01:21:23,INFAJOB,WMIPHPICK_15_AGC_3790157_20240809110039.txt,WMI,0c39079c0ffdbed0a61a825337d77399
123073681,20240822,202408,,7002,-7002,82240204,AGC,-961,82240204,82240204,DB,3201COLU,SOUTHERN GLAZER'S OF SC,,7600 RICHARD ST,,,COLUMBIA,SC,29209,840,,SOUTHERN GLAZER'S OF SC,7600 RICHARD ST,,,COLUMBIA,SC,29209,,840,3201-COLU,0,,,LTL,,,20,Fully Assigned To An Outbound Shipment,20240820,20240821,20240822,153202,240821P0000,N,0,0,0,2,90,Invoiced,,2,Pickticket Completely Invoiced.,,N,N,,0,53268.,2316.,0.,0,23,2578060.8,0.,0.,0,23.,,TL,53,F,5,03,ACTIVITY 3,,N N,,,,10,20240821003,9,All from Reserve,12685467,12945008,961,MISCCOL,MISCCOL,DAY,,,,,,,F,***,,***,,22.,1.,1.,0.,0.,1.,1.,1.,1.,1.,CT1,XDK,3935008,7920.,90,Invoiced Complete,82240204,,20240820,112500,20240822,153202,AGUERRERO,2024-08-20 20:13:20,0,2025-04-25 01:21:23,INFAJOB,WMIPHPICK_15_AGC_3819029_20240820140033.txt,WMI,3ce5828711f0fa43d9e5a9539a9fd07b
103473871,20240825,202408,,7002,-7002,82116904,AGC,-961,82116904,82116904,DB,2201LOUI,SOUTHERN GLAZER'S OF KY,,2801 CONSTANT COMMENT PLACE,,,LOUISVILLE,KY,40299,840,,SOUTHERN GLAZER'S OF KY,2801 CONSTANT COMMENT PLACE,,,LOUISVILLE,KY,40299,,840,2201-LOUI,0,,,LTL,0002139718,0002139626,10,Partially Assigned To An Outbound Shipment,20240814,20240822,20240825,84231,240822P0000,N,0,0,0,2,90,Invoiced,,2,Pickticket Completely Invoiced.,,N,N,,0,64848.,0.,0.,0,28,3138508.8,0.,0.,0,29.,,TL,53,F,5,03,ACTIVITY 3,,N N,,,,4,20240822023,9,All from Reserve,2213802,12990002,961,MISCLOU,MISCLOU,DAY,,,,,,,F,***,,***,,22.,1.,1.,0.,0.,1.,1.,1.,1.,1.,CT1,XDK,3957562,7920.,90,Invoiced Complete,82116904,,20240814,101340,20240825,84231,EUBER,2024-08-14 16:15:59,0,2025-04-25 01:21:23,INFAJOB,WMIPHPICK_15_AGC_3801674_20240814110032.txt,WMI,6611d4fd67f1cd7e43d63ab44a9fea99
131641844,20240902,202409,,7002,-7002,82402142,AGC,-961,82402142,82402142,DB,2501BULK,SOUTHERN GLAZER'S OF IN,,3901 HANNA CIRCLE,,,INDIANAPOLIS,IN,46241,840,,SOUTHERN GLAZER'S OF IN,3901 HANNA CIRCLE,,,INDIANAPOLIS,IN,46241,,840,2501-BULK,0,,,LTL,,,20,Fully Assigned To An Outbound Shipment,20240827,20240829,20240902,133132,240829P0000,N,0,0,0,2,90,Invoiced,,2,Pickticket Completely Invoiced.,,N,N,,0,64848.,64848.,0.,0,28,3138508.8,0.,0.,0,28.,,TL,53,F,5,03,ACTIVITY 3,,N N,,,,16,20240829020,9,All from Reserve,2237158,12946561,961,MISCINA,MISCINA,DAY,,,,,,,F,***,,***,,22.,1.,1.,0.,0.,1.,1.,1.,1.,1.,CT1,XDK,3962235,7920.,90,Invoiced Complete,82402142,,20240827,100433,20240902,133132,EUBER,2024-08-27 21:40:31,0,2025-04-25 01:21:23,INFAJOB,WMIPHPICK_15_AGC_3838885_20240827140032.txt,WMI,d99ea42fb55157ff856b706bd90fbb5c
115087507,20240909,202409,,7002,-7002,82542279,AGC,-961,82542279,82542279,DB,5201BULK,SOUTHERN GLAZER'S OF AZ,,2375 S 45TH AVE,,,PHOENIX,AZ,85043,840,,SOUTHERN GLAZER'S OF AZ,2375 S 45TH AVE,,,PHOENIX,AZ,85043,,840,5201-BULK,0,,,LTL,,,20,Fully Assigned To An Outbound Shipment,20240904,20240906,20240909,200554,240906P0000,N,0,0,0,2,90,Invoiced,,2,Pickticket Completely Invoiced.,,N,N,,0,60216.,0.,0.,0,26,2914329.6,0.,0.,0,26.,,TL,53,F,5,03,ACTIVITY 3,,N N,,,,4,20240906017,9,All from Reserve,2028527,12886643,961,MISCPHX,MISCPHX,DAY,,,,,,,F,***,,***,,22.,8.,8.,0.,0.,8.,8.,1.,1.,1.,CT1,XDK,3893916,7920.,90,Invoiced Complete,82542279,,20240904,142550,20240909,200554,AGUERRERO,2024-09-03 20:13:27,0,2025-04-25 01:21:23,INFAJOB,WMIPHPICK_15_AGC_3860228_20240903140032.txt,WMI,a0a55600f5735fad8e9fcb73304d5bad
132225662,20240911,202409,,7002,-7002,82609680,AGC,-961,82609680,82609680,DB,6401OTHR,SOUTHERN GLAZERS OF CA-NORTH,,1555 ATLANTIC STREET,,,UNION CITY,CA,94587,840,,SOUTHERN GLAZERS OF CA-NORTH,1555 ATLANTIC STREET,,,UNION CITY,CA,94587,,840,6401-OTHR,0,,,LTL,,,20,Fully Assigned To An Outbound Shipment,20240905,20240910,20240911,113506,240910P0000,N,0,0,0,2,90,Invoiced,,2,Pickticket Completely Invoiced.,,N,N,,0,6948.,0.,0.,0,3,336268.8,0.,0.,0,3.,,TL,53,F,5,03,ACTIVITY 3,,N N,,,,2,20240910008,9,All from Reserve,1547569,12942087,961,MISCCAN,MISCCAN,DAY,,,,,,,F,***,,***,,22.,2.,2.,0.,0.,2.,2.,1.,1.,1.,CT1,XDK,3942891,7920.,90,Invoiced Complete,82609680,,20240905,133736,20240911,113506,AGUERRERO,2024-09-05 20:15:02,0,2025-04-25 01:21:23,INFAJOB,WMIPHPICK_15_AGC_3866465_20240905140032.txt,WMI,449e4ae401a8490f21d6d056c3c3100e
133370841,20240912,202409,,7002,-7002,82636116,AGC,-961,82636116,82636116,DB,4601SL01,SOUTHERN GLAZER'S OF NY - UPSTATE,,3063 COURT STREET,,,SYRACUSE,NY,13208,840,,SOUTHERN GLAZER'S OF NY - UPSTATE,3063 COURT STREET,,,SYRACUSE,NY,13208,,840,4601-SL01,0,,,LTL,,,20,Fully Assigned To An Outbound Shipment,20240906,20240911,20240912,113451,240911P0000,N,0,0,0,2,90,Invoiced,,2,Pickticket Completely Invoiced.,,N,N,,0,44004.,0.,0.,0,19,2129702.4,0.,0.,0,19.,,TL,53,F,5,03,ACTIVITY 3,,N N,,,,8,20240911001,9,All from Reserve,2207720,12980385,961,MISCNYU,MISCNYU,DAY,,,,,,,F,***,,***,,22.,3.,3.,0.,0.,3.,3.,1.,1.,1.,CT1,XDK,3956486,7920.,90,Invoiced Complete,82636116,,20240906,103716,20240912,113451,AGUERRERO,2024-09-06 20:14:14,0,2025-04-25 01:21:23,INFAJOB,WMIPHPICK_15_AGC_3869631_20240906140253.txt,WMI,3d1f32f72fa0d2fc43575aee1af0d857
127790706,20240916,202409,,7002,-7002,82774261,AGC,-961,82774261,82774261,DB,7202SPAR,SOUTHERN GLAZER'S OF NV - SPARKS,,250 LILLARD,,,SPARKS,NV,89434,840,,SOUTHERN GLAZER'S OF NV - SPARKS,250 LILLARD,,,SPARKS,NV,89434,,840,7202-SPAR,0,,,LTL,,,20,Fully Assigned To An Outbound Shipment,20240912,20240913,20240916,183747,240913P0000,N,0,0,0,2,90,Invoiced,,2,Pickticket Completely Invoiced.,,N,N,,0,60216.,60216.,0.,0,26,2914329.6,0.,0.,0,26.,,TL,53,F,5,03,ACTIVITY 3,,N N,,,,6,20240913011,9,All from Reserve,2133484,13048097,961,MISCNVS,MISCNVS,DAY,,,,,,,F,***,,***,,22.,8.,8.,0.,0.,8.,8.,1.,1.,1.,CT1,XDK,3979385,7920.,90,Invoiced Complete,82774261,,20240912,113716,20240916,183747,DENCINA,2024-09-13 01:21:02,0,2025-04-25 01:21:23,INFAJOB,WMIPHPICK_15_AGC_3887563_20240912190031.txt,WMI,a6c0817f42b5b8ecde1ecfa2cdd78799
172718490,20240917,202409,,7002,-7002,82707293,AGC,-961,82707293,82707293,DB,95011000,SOUTHERN GLAZER'S OF MO - RAYMORE M,,1100 S DEAN AVE,,,RAYMORE,MO,64083,840,,SOUTHERN GLAZER'S OF MO - RAYMORE M,1100 S DEAN AVE,,,RAYMORE,MO,64083,,840,9501-1000,0,,,LTL,,,20,Fully Assigned To An Outbound Shipment,20240912,20240913,20240917,83700,240913P0000,N,0,0,0,2,90,Invoiced,,2,Pickticket Completely Invoiced.,,N,N,,0,57900.,57900.,0.,0,25,2802240.,0.,0.,0,25.,,TL,53,F,5,03,ACTIVITY 3,,N N,,,,2,20240913016,9,All from Reserve,12686107,12910067,961,MISCMOR,MISCMOR,DAY,,,,,,,F,***,,***,,22.,2.,2.,0.,0.,2.,2.,1.,1.,1.,CT1,XDK,3969125,7920.,90,Invoiced Complete,82707293,,20240912,134924,20240917,83700,AGUERRERO,2024-09-11 01:18:59,0,2025-04-25 01:21:23,INFAJOB,WMIPHPICK_15_AGC_3881138_20240910190031.txt,WMI,ebef04893379e174f120c029f5caf017
148187812,20240918,202409,,7002,-7002,82436378,AGC,-961,82436378,82436378,DB,5601BULK,SOUTHERN GLAZER'S OF MN,,3350 4TH AVENUE EAST,,,SHAKOPEE,MN,55379,840,,SOUTHERN GLAZER'S OF MN,3350 4TH AVENUE EAST,,,SHAKOPEE,MN,55379,,840,5601-BULK,0,,,LTL,,,20,Fully Assigned To An Outbound Shipment,20240911,20240913,20240918,120223,240913P0000,N,0,0,0,2,90,Invoiced,,2,Pickticket Completely Invoiced.,,N,N,,0,48636.,48636.,0.,0,21,2353881.6,0.,0.,0,21.,,TL,53,F,5,03,ACTIVITY 3,,N N,,,,2,20240913015,9,All from Reserve,12772823,12985326,961,MISCMIN,MISCMIN,DAY,,,,,,,F,***,,***,,22.,1.,1.,0.,0.,1.,1.,1.,1.,1.,CT1,XDK,3967971,7920.,90,Invoiced Complete,82436378,,20240911,122630,20240918,120223,JLUNA,2024-08-28 20:15:30,0,2025-04-25 01:21:23,INFAJOB,WMIPHPICK_15_AGC_3842047_20240828140035.txt,WMI,66cfae28cfa52566aa93091ca69b8efd
134875333,20240920,202409,,7002,-7002,82635904,AGC,-961,82635904,82635904,DB,87011000,SOUTHERN GLAZER'S OF TX W -10722102,,15245 HERITAGE PARKWAY,,,FORT WORTH,TX,76177,840,,SOUTHERN GLAZER'S OF TX W -10722102,15245 HERITAGE PARKWAY,,,FORT WORTH,TX,76177,,840,8701-1000,0,,,LTL,,,20,Fully Assigned To An Outbound Shipment,20240906,20240918,20240920,172108,240918P0000,N,0,0,0,2,90,Invoiced,,2,Pickticket Completely Invoiced.,,N,N,,0,78744.,0.,0.,0,34,3811046.4,0.,0.,0,34.,,TL,53,F,5,03,ACTIVITY 3,,N N,,,,14,20240918019,9,All from Reserve,2179873,13026456,961,MISCTXD,MISCTXD,DAY,,,,,,,F,***,,***,,22.,1.,1.,0.,0.,1.,1.,1.,1.,1.,CT1,XDK,3983523,7920.,90,Invoiced Complete,82635904,,20240906,115521,20240920,172108,AGUERRERO,2024-09-06 20:14:14,0,2025-04-25 01:21:23,INFAJOB,WMIPHPICK_15_AGC_3869631_20240906140253.txt,WMI,2929c21fb814a64d0bf40b4e88a7e041
143982845,20240920,202409,,7002,-7002,82679429,AGC,-961,82679429,82679429,DB,92011000,SOUTHERN GLAZERS OF LA - ST. ROSE 7,,111 RIVERBEND DR,,,SAINT ROSE,LA,700873318,840,,SOUTHERN GLAZERS OF LA - ST. ROSE 7,111 RIVERBEND DR,,,SAINT ROSE,LA,700873318,,840,9201-1000,0,,,LTL,,,20,Fully Assigned To An Outbound Shipment,20240910,20240917,20240920,90837,240917P0000,N,0,0,0,2,90,Invoiced,,2,Pickticket Completely Invoiced.,,N,N,,0,78744.,78744.,0.,0,34,3811046.4,0.,0.,0,37.,,TL,53,F,5,03,ACTIVITY 3,,N N,,,,1,20240917037,9,All from Reserve,604532,12852462,961,MISCLAS,MISCLAS,DAY,,,,,,,F,***,,***,,22.,1.,1.,0.,0.,1.,1.,1.,1.,1.,CT1,XDK,3987674,7920.,90,Invoiced Complete,82679429,,20240910,84329,20240920,90837,EUBER,2024-09-10 01:18:43,0,2025-04-25 01:21:23,INFAJOB,WMIPHPICK_15_AGC_3877927_20240909190031.txt,WMI,7bb3c4c8d7c1c0380c5a38bdeae34fba
113943981,20240923,202409,,7002,-7002,82687554,AGC,-961,82687554,82687554,DB,87011000,SOUTHERN GLAZER'S OF TX W -10722102,,15245 HERITAGE PARKWAY,,,FORT WORTH,TX,76177,840,,SOUTHERN GLAZER'S OF TX W -10722102,15245 HERITAGE PARKWAY,,,FORT WORTH,TX,76177,,840,8701-1000,0,,,LTL,,,20,Fully Assigned To An Outbound Shipment,20240910,20240919,20240923,112000,240919P0000,N,0,0,0,2,90,Invoiced,,2,Pickticket Completely Invoiced.,,N,N,,0,46320.,6948.,0.,0,20,2241792.,0.,0.,0,20.,,TL,53,F,5,03,ACTIVITY 3,,N N,,,,2,20240919004,9,All from Reserve,2179873,13026456,961,MISCTXD,MISCTXD,DAY,,,,,,,F,***,,***,,22.,7.,7.,0.,0.,7.,7.,1.,1.,1.,CT1,XDK,3971763,7920.,90,Invoiced Complete,82687554,,20240910,113739,20240923,112000,AGUERRERO,2024-09-11 01:18:59,0,2025-04-25 01:21:23,INFAJOB,WMIPHPICK_15_AGC_3881138_20240910190031.txt,WMI,41426b695af78bbc70078959a40c7d32
169248140,20240924,202409,,7002,-7002,82972465,AGC,-961,82972465,82972465,DB,6601LIHU,SOUTHERN GLAZERS OF HI -LIHU,,1556 HALEUKANA ST,,,"LIHUE, KAUAI",HI,96766,840,,SOUTHERN GLAZERS OF HI -LIHU,1556 HALEUKANA ST,,,"LIHUE, KAUAI",HI,96766,,840,6601-LIHU,0,,,LTL,,,20,Fully Assigned To An Outbound Shipment,20240920,20240923,20240924,132849,240923P0000,N,0,0,0,2,90,Invoiced,,2,Pickticket Completely Invoiced.,,N,N,,0,81060.,6948.,0.,0,35,3923136.,0.,0.,0,35.,,TL,53,F,5,03,ACTIVITY 3,,N N,,,,3,20240923008,9,All from Reserve,604212,12978507,961,MISCHIK,MISCHIK,DAY,,,,,,,F,***,,***,,22.,1.,1.,0.,0.,1.,1.,1.,1.,1.,CT1,XDK,3989215,7920.,90,Invoiced Complete,82972465,,20240920,113111,20240924,132849,AGUERRERO,2024-09-21 01:18:16,0,2025-04-25 01:21:23,INFAJOB,WMIPHPICK_15_AGC_3910055_20240920190033.txt,WMI,9ae77c6f252cc1a3ec4c8f63f4fc3eed
149353354,20240925,202409,,7002,-7002,82987181,AGC,-961,82987181,82987181,DB,1401BULK,SOUTHERN GLAZER'S OF FL,,4440 OLD TAMPA HIGHWAY,,,LAKELAND,FL,33811,840,,SOUTHERN GLAZER'S OF FL,4440 OLD TAMPA HIGHWAY,,,LAKELAND,FL,33811,,840,1401-BULK,0,,,LTL,,,20,Fully Assigned To An Outbound Shipment,20240923,20240924,20240925,184539,240924P0000,N,0,0,0,2,90,Invoiced,,2,Pickticket Completely Invoiced.,,N,N,,0,57900.,57900.,0.,0,25,2802240.,0.,0.,0,25.,,TL,53,F,5,03,ACTIVITY 3,,N N,,,,3,20240924017,9,All from Reserve,161017,13060051,961,MISCLAK,MISCLAK,DAY,,,,,,,F,***,,***,,22.,4.,4.,0.,0.,4.,4.,1.,1.,1.,CT1,XDK,3988946,7920.,90,Invoiced Complete,82987181,,20240923,91654,20240925,184539,DENCINA,2024-09-24 01:17:02,0,2025-04-25 01:21:23,INFAJOB,WMIPHPICK_15_AGC_3913885_20240923190034.txt,WMI,fab2167bec664689d4508147d3b31a5f
139672453,20240930,202409,,7002,-7002,82972422,AGC,-961,82972422,82972422,DB,7801DENV,SOUTHERN GLAZERS OF CO,,22800 EAST 19TH AVENUE,,,AURORA,CO,80019,840,,SOUTHERN GLAZERS OF CO,22800 EAST 19TH AVENUE,,,AURORA,CO,80019,,840,7801-DENV,0,,,LTL,,,20,Fully Assigned To An Outbound Shipment,20240920,20240926,20240930,183648,240926P0000,N,0,0,0,2,90,Invoiced,,2,Pickticket Completely Invoiced.,,N,N,,0,64848.,64848.,0.,0,28,3138105.6,0.,0.,0,28.,,TL,53,F,5,03,ACTIVITY 3,,N N,,,,14,20240926012,9,All from Reserve,603892,13173221,961,MISCCOA,MISCCOA,DAY,,,,,,,F,***,,***,,22.,1.,1.,0.,0.,1.,1.,1.,1.,1.,CT1,XDK,3986348,7920.,90,Invoiced Complete,82972422,,20240920,123115,20240930,183648,EUBER,2024-09-21 01:18:16,0,2025-04-25 01:21:23,INFAJOB,WMIPHPICK_15_AGC_3910055_20240920190033.txt,WMI,5e913519fb3c3c9f1cc0915c69709a41
133484151,20240930,202409,,7002,-7002,82987088,AGC,-961,82987088,82987088,DB,2201LOUI,SOUTHERN GLAZER'S OF KY,,2801 CONSTANT COMMENT PLACE,,,LOUISVILLE,KY,40299,840,,SOUTHERN GLAZER'S OF KY,2801 CONSTANT COMMENT PLACE,,,LOUISVILLE,KY,40299,,840,2201-LOUI,0,,,LTL,,,20,Fully Assigned To An Outbound Shipment,20240924,20240926,20240930,150713,240926P0000,N,0,0,0,2,90,Invoiced,,2,Pickticket Completely Invoiced.,,N,N,,0,50952.,2316.,0.,0,22,2464761.6,0.,0.,0,22.,,TL,53,F,5,03,ACTIVITY 3,,N N,,,,3,20240926024,9,All from Reserve,2213802,12990002,961,MISCLOU,MISCLOU,DAY,,,,,,,F,***,,***,,22.,4.,4.,0.,0.,4.,4.,1.,1.,1.,CT1,XDK,3968005,7920.,90,Invoiced Complete,82987088,,20240924,165738,20240930,150713,AGUERRERO,2024-09-24 01:17:02,0,2025-04-25 01:21:23,INFAJOB,WMIPHPICK_15_AGC_3913885_20240923190034.txt,WMI,64b6f9053db65d580c99528a72a7ca2f
135434150,20241003,202410,,7002,-7002,83198109,AGC,-961,83198109,83198109,DB,1401BULK,SOUTHERN GLAZER'S OF FL,,4440 OLD TAMPA HIGHWAY,,,LAKELAND,FL,33811,840,,SOUTHERN GLAZER'S OF FL,4440 OLD TAMPA HIGHWAY,,,LAKELAND,FL,33811,,840,1401-BULK,0,,,LTL,,,20,Fully Assigned To An Outbound Shipment,20241003,20241003,20241003,205022,241003P0000,N,0,0,0,2,90,Invoiced,,2,Pickticket Completely Invoiced.,,N,N,,0,57900.,57900.,0.,0,25,2802240.,0.,0.,0,25.,,TL,53,F,5,03,ACTIVITY 3,,N N,,,,8,20241003003,9,All from Reserve,161017,13060051,961,MISCLAK,MISCLAK,DAY,,,,,,,F,***,,***,,22.,1.,1.,0.,0.,1.,1.,1.,1.,1.,CT1,XDK,3985977,7920.,90,Invoiced Complete,83198109,,20241003,85456,20241003,205022,DENCINA,2024-10-02 05:09:50,0,2025-04-25 01:21:23,INFAJOB,WMIPHPICK_15_AGC_3937625_20241001190114.txt,WMI,a1bb62a974f48a671ab23394d2af3a5f
120876309,20241007,202410,,7002,-7002,82972408,AGC,-961,82972408,82972408,DB,87011000,SOUTHERN GLAZER'S OF TX W -10722102,,15245 HERITAGE PARKWAY,,,FORT WORTH,TX,76177,840,,SOUTHERN GLAZER'S OF TX W -10722102,15245 HERITAGE PARKWAY,,,FORT WORTH,TX,76177,,840,8701-1000,0,,,LTL,,,20,Fully Assigned To An Outbound Shipment,20240920,20241003,20241007,170121,241003P0000,N,0,0,0,2,90,Invoiced,,2,Pickticket Completely Invoiced.,,N,N,,0,53268.,2316.,0.,0,23,2578060.8,0.,0.,0,23.,,TL,53,F,5,03,ACTIVITY 3,,N N,,,,2,20241003012,9,All from Reserve,2179873,13026456,961,MISCTXD,MISCTXD,DAY,,,,,,,F,***,,***,,22.,2.,2.,0.,0.,2.,2.,1.,1.,1.,CT1,XDK,3994462,7920.,90,Invoiced Complete,82972408,,20240920,132518,20241007,170121,AGUERRERO,2024-09-21 01:18:16,0,2025-04-25 01:21:23,INFAJOB,WMIPHPICK_15_AGC_3910055_20240920190033.txt,WMI,ff14872550c04ab56d285c8eb28288d4
149226148,20241007,202410,,7002,-7002,83198330,AGC,-961,83198330,83198330,DB,7201LASV,SOUTHERN GLAZER'S OF NV - LAS VEGAS,,8400 SOUTH JONES BLVD,,,LAS VEGAS,NV,89139,840,,SOUTHERN GLAZER'S OF NV - LAS VEGAS,8400 SOUTH JONES BLVD,,,LAS VEGAS,NV,89139,,840,7201-LASV,0,,,LTL,,,20,Fully Assigned To An Outbound Shipment,20241003,20241004,20241007,124406,241004P0000,N,0,0,0,2,90,Invoiced,,2,Pickticket Completely Invoiced.,,N,N,,0,78744.,78744.,0.,0,34,3811046.4,0.,0.,0,39.,,TL,53,F,5,03,ACTIVITY 3,,N N,,,,7,20241004006,9,All from Reserve,428533,12991968,961,MISCNVL,MISCNVL,DAY,,,,,,,F,***,,***,,22.,1.,1.,0.,0.,1.,1.,1.,1.,1.,CT1,XDK,4003245,7920.,90,Invoiced Complete,83198330,,20241003,175457,20241007,124406,AGUERRERO,2024-10-02 05:09:50,0,2025-04-25 01:21:23,INFAJOB,WMIPHPICK_15_AGC_3937625_20241001190114.txt,WMI,8f008b6f97354aace3a965dd4029ece5
123333074,20241008,202410,,7002,-7002,83258011,AGC,-961,83258011,83258011,DB,7601BULK,SOUTHERN GLAZER'S OF NM,,123 MONTANO RD NW,,,ALBUQUERQUE,NM,87107,840,,SOUTHERN GLAZER'S OF NM,123 MONTANO RD NW,,,ALBUQUERQUE,NM,87107,,840,7601-BULK,0,,,LTL,,,20,Fully Assigned To An Outbound Shipment,20241004,20241007,20241008,175403,241007P0000,N,0,0,0,2,90,Invoiced,,2,Pickticket Completely Invoiced.,,N,N,,0,97272.,27792.,0.,0,42,4707763.2,0.,0.,0,42.,,TL,53,F,5,03,ACTIVITY 3,,N N,,,,17,20241007008,9,All from Reserve,603572,12819236,961,MISCALB,MISCALB,DAY,,,,,,,F,***,,***,,22.,1.,1.,0.,0.,1.,1.,1.,1.,1.,CT1,XDK,4005258,7920.,90,Invoiced Complete,83258011,,20241004,144037,20241008,175403,AGUERRERO,2024-10-04 01:26:17,0,2025-04-25 01:21:23,INFAJOB,WMIPHPICK_15_AGC_3944014_20241003190033.txt,WMI,8eca252eed76bf9a887bc2bf35b5a82e
140214445,20241011,202410,,7002,-7002,83302472,AGC,-961,83302472,83302472,DB,93011000,SOUTHERN GLAZERS OF AR 06379,,11101 SMITTY LANE,,,NORTH LITTLE ROCK,AR,721175390,840,,SOUTHERN GLAZERS OF AR 06379,11101 SMITTY LANE,,,NORTH LITTLE ROCK,AR,721175390,,840,9301-1000,0,,,LTL,,,20,Fully Assigned To An Outbound Shipment,20241007,20241010,20241012,12949,241010P0000,N,0,0,0,2,90,Invoiced,,2,Pickticket Completely Invoiced.,,N,N,,0,74112.,9264.,0.,0,32,3586867.2,0.,0.,0,32.,,TL,53,F,5,03,ACTIVITY 3,,N N,,,,3,20241010014,9,All from Reserve,9594589,13052294,961,MISCARL,MISCARL,DAY,,,,,,,F,***,,***,,22.,1.,1.,0.,0.,1.,1.,1.,1.,1.,CT1,XDK,3991670,7920.,90,Invoiced Complete,83302472,,20241007,94110,20241012,12949,DENCINA,2024-10-08 01:40:44,0,2025-04-25 01:21:23,INFAJOB,WMIPHPICK_15_AGC_3954515_20241007190034.txt,WMI,c2cdd5ecff25745267d33aeaa41f5f47
137348622,20241015,202410,,7002,-7002,83257830,AGC,-961,83257830,83257830,DB,4501METR,SOUTHERN GLAZER'S OF NY - SYOSSET,,345 UNDERHILL BLVD,,,SYOSSET,NY,11791,840,,SOUTHERN GLAZER'S OF NY - SYOSSET,345 UNDERHILL BLVD,,,SYOSSET,NY,11791,,840,4501-METR,0,,,LTL,,,20,Fully Assigned To An Outbound Shipment,20241004,20241008,20241015,112917,241008P0000,N,0,0,0,2,90,Invoiced,,2,Pickticket Completely Invoiced.,,N,N,,0,50952.,50952.,0.,0,22,2465971.2,0.,0.,0,22.,,TL,53,F,5,03,ACTIVITY 3,,N N,,,,1,20241008002,9,All from Reserve,2179553,12855646,961,MISCNYM,MISCNYM,DAY,,,,,,,F,***,,***,,22.,2.,2.,0.,0.,2.,2.,1.,1.,1.,CT1,XDK,4006818,7920.,90,Invoiced Complete,83257830,,20241004,130531,20241015,112917,AGUERRERO,2024-10-04 01:26:17,0,2025-04-25 01:21:23,INFAJOB,WMIPHPICK_15_AGC_3944014_20241003190033.txt,WMI,9b605267add0934497a0daccdf1c32d1
159892369,20241018,202410,,7002,-7002,83516362,AGC,-961,83516362,83516362,DB,7201LASV,SOUTHERN GLAZER'S OF NV - LAS VEGAS,,8400 SOUTH JONES BLVD,,,LAS VEGAS,NV,89139,840,,SOUTHERN GLAZER'S OF NV - LAS VEGAS,8400 SOUTH JONES BLVD,,,LAS VEGAS,NV,89139,,840,7201-LASV,0,,,,,,20,Fully Assigned To An Outbound Shipment,20241015,20241017,20241018,235137,241017P0000,N,0,0,0,2,90,Invoiced,,2,Pickticket Completely Invoiced.,,N,N,,0,32424.,32424.,0.,0,14,1569254.4,0.,0.,0,16.,,TL,53,F,5,03,ACTIVITY 3,,N N,,,,5,20241017017,9,All from Reserve,428533,12991968,961,MISCNVL,MISCNVL,DAY,,,,,,,F,***,,***,,22.,2.,2.,0.,0.,2.,2.,1.,1.,1.,CT1,XDK,4000642,7920.,90,Invoiced Complete,83516362,,20241015,142317,20241018,235137,DENCINA,2024-10-16 02:04:00,0,2025-04-25 01:21:23,INFAJOB,WMIPHPICK_15_AGC_3977816_20241015190034.txt,WMI,90bb64ea1ccc3a555f679d45f2c28578
162223653,20241022,202410,,7002,-7002,83548898,AGC,-961,83548898,83548898,DB,3201COLU,SOUTHERN GLAZER'S OF SC,,7600 RICHARD ST,,,COLUMBIA,SC,29209,840,,SOUTHERN GLAZER'S OF SC,7600 RICHARD ST,,,COLUMBIA,SC,29209,,840,3201-COLU,0,,,LTL,,,20,Fully Assigned To An Outbound Shipment,20241016,20241019,20241022,155634,241019P0000,N,0,0,0,2,90,Invoiced,,2,Pickticket Completely Invoiced.,,N,N,,0,44004.,11580.,0.,0,19,2129702.4,0.,0.,0,19.,,TL,53,F,5,03,ACTIVITY 3,,N N,,,,9,20241019003,9,All from Reserve,12685467,12945008,961,MISCCOL,MISCCOL,DAY,,,,,,,F,***,,***,,22.,1.,1.,0.,0.,1.,1.,1.,1.,1.,CT1,XDK,4010397,7920.,90,Invoiced Complete,83548898,,20241016,160511,20241022,155634,AGUERRERO,2024-10-17 01:22:45,0,2025-04-25 01:21:23,INFAJOB,WMIPHPICK_15_AGC_3981008_20241016190034.txt,WMI,073f900717d5b38a72ce417660721577
121518306,20241026,202410,,7002,-7002,83549151,AGC,-961,83549151,83549151,DB,6601KAPO,SOUTHERN GLAZER'S OF HI-KAPO,,91 210 HANUA STREET,,,KAPOLEI,HI,96707,840,,SOUTHERN GLAZER'S OF HI-KAPO,91 210 HANUA STREET,,,KAPOLEI,HI,96707,,840,6601-KAPO,0,,,LTL,,,20,Fully Assigned To An Outbound Shipment,20241016,20241018,20241026,145346,241018P0000,N,0,0,0,2,90,Invoiced,,2,Pickticket Completely Invoiced.,,N,N,,0,69480.,69480.,0.,0,30,3362688.,0.,0.,0,31.,,TL,53,F,5,03,ACTIVITY 3,,N N,,,,3,20241018014,9,All from Reserve,2402272,13113973,961,MISCHIC,MISCHIC,DAY,,,,,,,F,***,,***,,22.,5.,5.,0.,0.,5.,5.,1.,1.,1.,CT1,XDK,4002588,7920.,90,Invoiced Complete,83549151,,20241016,115327,20241026,145346,EUBER,2024-10-17 01:22:45,0,2025-04-25 01:21:23,INFAJOB,WMIPHPICK_15_AGC_3981008_20241016190034.txt,WMI,858f0b99e2f0bf3404a3bdb5f17767a8
129737415,20241028,202410,,7002,-7002,83716862,AGC,-961,83716862,83716862,DB,1401BULK,SOUTHERN GLAZER'S OF FL,,4440 OLD TAMPA HIGHWAY,,,LAKELAND,FL,33811,840,,SOUTHERN GLAZER'S OF FL,4440 OLD TAMPA HIGHWAY,,,LAKELAND,FL,33811,,840,1401-BULK,0,,,,,,20,Fully Assigned To An Outbound Shipment,20241023,20241025,20241028,192004,241025P0000,N,0,0,0,2,90,Invoiced,,2,Pickticket Completely Invoiced.,,N,N,,0,67164.,67164.,0.,0,29,3250195.2,0.,0.,0,30.,,TL,53,F,5,03,ACTIVITY 3,,N N,,,,7,20241025002,9,All from Reserve,161017,13060051,961,MISCLAK,MISCLAK,DAY,,,,,,,F,***,,***,,22.,1.,1.,0.,0.,1.,1.,1.,1.,1.,CT1,XDK,4016501,7920.,90,Invoiced Complete,83716862,,20241023,162322,20241028,192004,ESOLORZANO,2024-10-24 02:20:01,0,2025-04-25 01:21:23,INFAJOB,WMIPHPICK_15_AGC_4023955_20241023190036.txt,WMI,3e127964a231e9893c7e56151cb6aef8
100107664,20241030,202410,,7002,-7002,80429782,AGC,-961,80429782,80429782,DB,3501BOLI,SOUTHERN GLAZERS OF IL,,300 EAST CROSSROADS PARKWAY,,,BOLINGBROOK,IL,60440,840,,SOUTHERN GLAZERS OF IL,300 EAST CROSSROADS PARKWAY,,,BOLINGBROOK,IL,60440,,840,3501-BOLI,0,,,LTL,,,,Not Assigned To An Outbound Shipment,20240612,0,20241030,0,,,,,,,99,Cancelled,,3,Pickticket Cancelled.,,Y,N,,0,0.,0.,0.,0,0,0.,0.,0.,0,0.,,TL,53,F,0,,,,N N,,,,2,,,,2401952,12888203,961,MISCBOL,MISCBOL,,,,,,,,F,,,,,22.,0.,0.,0.,0.,0.,0.,1.,0.,0.,CT1,XDK,3902986,0.,,,,,20240612,93730,20241030,184208,LKOESTERS,2024-07-20 14:34:08,0,2025-04-25 01:21:23,INFAJOB,WMIPHPICK_15_Adhoc_3730955_20240719125822.txt,WMI,142a574318ceec6c63a878c4d722dc2f
100646806,20241030,202410,,7002,-7002,80773058,AGC,-961,80773058,80773058,DB,4501METR,SOUTHERN GLAZERS OF NY - SYOSSET,,345 UNDERHILL BLVD,,,SYOSSET,NY,11791,840,,SOUTHERN GLAZERS OF NY - SYOSSET,345 UNDERHILL BLVD,,,SYOSSET,NY,11791,,840,4501-METR,0,,,LTL,,,,Not Assigned To An Outbound Shipment,20240627,0,20241030,0,,,,,,,99,Cancelled,,3,Pickticket Cancelled.,,Y,N,,0,0.,0.,0.,0,0,0.,0.,0.,0,0.,,TL,53,F,0,,,,N N,,,,12,,,,2179553,12855646,961,MISCNYM,MISCNYM,,,,,,,,F,,,,,22.,0.,0.,0.,0.,0.,0.,1.,0.,0.,CT1,XDK,3916157,0.,,,,,20240627,122000,20241030,183752,LKOESTERS,2024-07-20 14:34:08,0,2025-04-25 01:21:23,INFAJOB,WMIPHPICK_15_Adhoc_3730955_20240719125822.txt,WMI,aec0640b86ff9ca860e657485275da38
98955553,20241030,202410,,7002,-7002,80211372,AGC,-961,80211372,80211372,DB,87011000,SOUTHERN GLAZERS OF TX-FORT WORTH-1,,15245 HERITAGE PARKWAY,,,FORT WORTH,TX,76177,840,,SOUTHERN GLAZERS OF TX-FORT WORTH-1,15245 HERITAGE PARKWAY,,,FORT WORTH,TX,76177,,840,8701-1000,0,,,LTL,,,,Not Assigned To An Outbound Shipment,20240612,0,20241030,0,,,,,,,99,Cancelled,,3,Pickticket Cancelled.,,Y,N,,0,0.,0.,0.,0,0,0.,0.,0.,0,0.,,TL,53,F,0,,,,N N,,,,3,,,,2179873,13026456,961,MISCTXD,MISCTXD,,,,,,,,F,,,,,22.,0.,0.,0.,0.,0.,0.,1.,0.,0.,CT1,XDK,3808785,0.,,,,,20240612,83726,20241030,185507,LKOESTERS,2024-07-20 14:34:08,0,2025-04-25 01:21:23,INFAJOB,WMIPHPICK_15_Adhoc_3730955_20240719125822.txt,WMI,3ef16a6f59ad2dfb7a0232a2446fa2e7
100470429,20241030,202410,,7002,-7002,80738458,AGC,-961,80738458,80738458,DB,3501BOLI,SOUTHERN GLAZERS OF IL,,300 EAST CROSSROADS PARKWAY,,,BOLINGBROOK,IL,60440,840,,SOUTHERN GLAZERS OF IL,300 EAST CROSSROADS PARKWAY,,,BOLINGBROOK,IL,60440,,840,3501-BOLI,0,,,LTL,,,,Not Assigned To An Outbound Shipment,20240621,0,20241030,0,,,,,,,99,Cancelled,,3,Pickticket Cancelled.,,Y,N,,0,0.,0.,0.,0,0,0.,0.,0.,0,0.,,TL,53,F,0,,,,N N,,,,6,,,,2401952,12888203,961,MISCBOL,MISCBOL,,,,,,,,F,,,,,22.,0.,0.,0.,0.,0.,0.,1.,0.,0.,CT1,XDK,3909536,0.,,,,,20240621,111343,20241030,183807,LKOESTERS,2024-07-20 14:34:08,0,2025-04-25 01:21:23,INFAJOB,WMIPHPICK_15_Adhoc_3730955_20240719125822.txt,WMI,5c26d64e6b9de2e8ce0cce681e0dcf2c
99150291,20241030,202410,,7002,-7002,80773118,AGC,-961,80773118,80773118,DB,5601BULK,SOUTHERN GLAZERS OF ND,,3350 4TH AVENUE EAST,,,SHAKOPEE,MN,55379,840,,SOUTHERN GLAZERS OF ND,3350 4TH AVENUE EAST,,,SHAKOPEE,MN,55379,,840,5601-BULK,0,,,LTL,,,,Not Assigned To An Outbound Shipment,20240713,0,20241030,0,,,,,,,99,Cancelled,,3,Pickticket Cancelled.,,Y,N,,0,0.,0.,0.,0,0,0.,0.,0.,0,0.,,TL,53,F,0,,,,N N,,,,10,,,,12772823,12985326,961,MISCMIN,MISCMIN,,,,,,,,F,,,,,22.,0.,0.,0.,0.,0.,0.,1.,0.,0.,CT1,XDK,3917451,0.,,,,,20240713,54117,20241030,183731,LKOESTERS,2024-07-20 14:34:08,0,2025-04-25 01:21:23,INFAJOB,WMIPHPICK_15_Adhoc_3730955_20240719125822.txt,WMI,61881855ab42b57c12db647b8a1c965f
100128226,20241030,202410,,7002,-7002,81499986,AGC,-961,81499986,81499986,DB,7201LASV,SOUTHERN GLAZER'S OF NV - LAS VEGAS,,8400 SOUTH JONES BLVD,,,LAS VEGAS,NV,89139,840,,SOUTHERN GLAZER'S OF NV - LAS VEGAS,8400 SOUTH JONES BLVD,,,LAS VEGAS,NV,89139,,840,7201-LASV,0,,,LTL,,,,Not Assigned To An Outbound Shipment,20240719,0,20241030,0,,,,,,,99,Cancelled,,3,Pickticket Cancelled.,,Y,N,,0,0.,0.,0.,0,0,0.,0.,0.,0,33.,,TL,53,F,0,,,,N N,,,,19,,,,428533,12991968,961,MISCNVL,MISCNVL,,,,,,,,F,,,,,22.,1.,1.,0.,1.,0.,0.,1.,0.,0.,CT1,XDK,3938692,0.,,,,,20240719,130718,20241030,183649,LKOESTERS,2024-07-20 14:34:08,0,2025-04-25 01:21:23,INFAJOB,WMIPHPICK_15_Adhoc_3730955_20240719125822.txt,WMI,1d08b4d048eb2008e732a933771f0947
135629000,20241030,202410,,7002,-7002,83088992,AGC,-961,83088992,83088992,DB,6601KAPO,SOUTHERN GLAZER'S OF HI-KAPO,,91 210 HANUA STREET,,,KAPOLEI,HI,96707,840,,SOUTHERN GLAZER'S OF HI-KAPO,91 210 HANUA STREET,,,KAPOLEI,HI,96707,,840,6601-KAPO,0,,,LTL,,,,Not Assigned To An Outbound Shipment,20240926,0,20241030,0,,,,,,,99,Cancelled,,3,Pickticket Cancelled.,,Y,N,,0,0.,0.,0.,0,0,0.,0.,0.,0,32.,,TL,53,F,0,,,,N N,,,,8,,,,2402272,13113973,961,MISCHIC,MISCHIC,,,,,,,,F,,,,,22.,1.,1.,0.,1.,0.,0.,1.,0.,0.,CT1,XDK,3981085,0.,,,,,20240926,130637,20241030,183520,LKOESTERS,2024-09-27 02:51:34,0,2025-04-25 01:21:23,INFAJOB,WMIPHPICK_15_AGC_3923497_20240926190037.txt,WMI,cebd8c7a68b638eb9db00f26433cda9d
144262057,20241105,202411,,7002,-7002,83716745,AGC,-961,83716745,83716745,DB,7801DENV,SOUTHERN GLAZER'S OF CO,,22800 EAST 19TH AVENUE,,,AURORA,CO,80019,840,,SOUTHERN GLAZER'S OF CO,22800 EAST 19TH AVENUE,,,AURORA,CO,80019,,840,7801-DENV,0,,,LTL,,,20,Fully Assigned To An Outbound Shipment,20241023,20241028,20241105,92657,241028P0000,N,0,0,0,2,90,Invoiced,,2,Pickticket Completely Invoiced.,,N,N,,0,53268.,2316.,0.,0,23,2577657.2,0.,0.,0,23.,,TL,53,F,5,03,ACTIVITY 3,,N N,,,,3,20241028029,9,All from Reserve,603892,13173221,961,MISCCOA,MISCCOA,DAY,,,,,,,F,***,,***,,22.,1.,1.,0.,0.,1.,1.,1.,1.,1.,CT1,XDK,4017337,7920.,90,Invoiced Complete,83716745,,20241023,111204,20241105,92657,AGUERRERO,2024-10-24 02:20:01,0,2025-04-25 01:21:23,INFAJOB,WMIPHPICK_15_AGC_4023955_20241023190036.txt,WMI,621e6e9af6db22f93c09712463da0cf6
133673794,20241105,202411,,7002,-7002,83849400,AGC,-961,83849400,83849400,DB,77011000,SOUTHERN GLAZERS OF TN,,6290 SHELBY VIEW DR,,,MEMPHIS,TN,381347662,840,,SOUTHERN GLAZERS OF TN,6290 SHELBY VIEW DR,,,MEMPHIS,TN,381347662,,840,7701-1000,0,,,LTL,,,20,Fully Assigned To An Outbound Shipment,20241029,20241104,20241105,160327,241104P0000,N,0,0,0,2,90,Invoiced,,2,Pickticket Completely Invoiced.,,N,N,,0,85692.,18528.,0.,0,37,4147315.2,0.,0.,0,39.,,TL,53,F,5,02,ACTIVITY 2,,N N,,,,9,20241104003,9,All from Reserve,6491550,12968114,961,MISCTEN,MISCTEN,DAY,,,,,,,F,***,,***,,22.,1.,1.,0.,1.,0.,0.,1.,1.,1.,CT1,XDK,4015823,7920.,90,Invoiced Complete,83849400,,20241029,143714,20241105,160243,VRINCON,2024-10-30 01:19:18,0,2025-04-25 01:21:23,INFAJOB,WMIPHPICK_15_AGC_4040736_20241029190041.txt,WMI,b5fea2cba438ebb21f6e09b2bcd313ab
161575577,20241105,202411,,7002,-7002,83849373,AGC,-961,83849373,83849373,DB,7601BULK,SOUTHERN GLAZER'S OF NM,,123 MONTANO RD NW,,,ALBUQUERQUE,NM,87107,840,,SOUTHERN GLAZER'S OF NM,123 MONTANO RD NW,,,ALBUQUERQUE,NM,87107,,840,7601-BULK,0,,,LTL,,,20,Fully Assigned To An Outbound Shipment,20241029,20241101,20241105,172643,241101P0000,N,0,0,0,2,90,Invoiced,,2,Pickticket Completely Invoiced.,,N,N,,0,64848.,64848.,0.,0,28,3138508.8,0.,0.,0,29.,,TL,53,F,5,03,ACTIVITY 3,,N N,,,,12,20241101011,9,All from Reserve,603572,12819236,961,MISCALB,MISCALB,DAY,,,,,,,F,***,,***,,22.,1.,1.,0.,0.,1.,1.,1.,1.,1.,CT1,XDK,3994160,7920.,90,Invoiced Complete,83849373,,20241029,103801,20241105,172643,VRINCON,2024-10-30 01:19:18,0,2025-04-25 01:21:23,INFAJOB,WMIPHPICK_15_AGC_4040736_20241029190041.txt,WMI,ccffd275d1e6e4e4382b73b5c3b363c0
149093020,20241106,202411,,7002,-7002,83912568,AGC,-961,83912568,83912568,DB,7201LASV,SOUTHERN GLAZER'S OF NV - LAS VEGAS,,8400 SOUTH JONES BLVD,,,LAS VEGAS,NV,89139,840,,SOUTHERN GLAZER'S OF NV - LAS VEGAS,8400 SOUTH JONES BLVD,,,LAS VEGAS,NV,89139,,840,7201-LASV,0,,,LTL,,,20,Fully Assigned To An Outbound Shipment,20241031,20241104,20241106,124615,241104P0000,N,0,0,0,2,90,Invoiced,,2,Pickticket Completely Invoiced.,,N,N,,0,62532.,62532.,0.,0,27,3026419.2,0.,0.,0,29.,,TL,53,F,5,03,ACTIVITY 3,,N N,,,,11,20241104023,9,All from Reserve,428533,12991968,961,MISCNVL,MISCNVL,DAY,,,,,,,F,***,,***,,22.,1.,1.,0.,0.,1.,1.,1.,1.,1.,CT1,XDK,4015631,7920.,90,Invoiced Complete,83912568,,20241031,143320,20241106,124615,VRINCON,2024-11-05 02:16:52,0,2025-04-25 01:21:23,INFAJOB,WMIPHPICK_15_AGC_4057907_20241104190037.txt,WMI,153a8f7b9d35828189382aed64281c88
132586506,20241108,202411,,7002,-7002,83647627,AGC,-961,83647627,83647627,DB,6601LIHU,SOUTHERN GLAZERS OF HI -LIHU,,1556 HALEUKANA ST,,,"LIHUE, KAUAI",HI,96766,840,,SOUTHERN GLAZERS OF HI -LIHU,1556 HALEUKANA ST,,,"LIHUE, KAUAI",HI,96766,,840,6601-LIHU,0,,,LTL,,,20,Fully Assigned To An Outbound Shipment,20241021,20241024,20241108,172653,241024P0000,N,0,0,0,2,90,Invoiced,,2,Pickticket Completely Invoiced.,,N,N,,0,57900.,57900.,0.,0,25,2802240.,0.,0.,0,29.,,TL,53,F,5,03,ACTIVITY 3,,N N,,,,10,20241024007,9,All from Reserve,604212,12978507,961,MISCHIK,MISCHIK,DAY,,,,,,,F,***,,***,,22.,1.,1.,0.,0.,1.,1.,1.,1.,1.,CT1,XDK,3994807,7920.,90,Invoiced Complete,83647627,,20241021,112528,20241108,172653,LKOESTERS,2024-10-22 01:57:44,0,2025-04-25 01:21:23,INFAJOB,WMIPHPICK_15_AGC_4017574_20241021190036.txt,WMI,583d6d488247c0204db8487c66b0ba04
148488063,20241114,202411,,7002,-7002,84079576,AGC,-961,84079576,84079576,DB,3501BOLI,SOUTHERN GLAZER'S OF IL,,300 EAST CROSSROADS PARKWAY,,,BOLINGBROOK,IL,60440,840,,SOUTHERN GLAZER'S OF IL,300 EAST CROSSROADS PARKWAY,,,BOLINGBROOK,IL,60440,,840,3501-BOLI,0,,,LTL,,,20,Fully Assigned To An Outbound Shipment,20241108,20241108,20241114,145355,241108P0000,N,0,0,0,2,90,Invoiced,,2,Pickticket Completely Invoiced.,,N,N,,0,71806.8,71806.8,0.,0,22,3474777.6,0.,0.,0,31.,,TL,53,F,5,03,ACTIVITY 3,,N N,,,,6,20241108022,9,All from Reserve,2401952,12888203,961,MISCBOL,MISCBOL,DAY,,,,,,,F,***,,***,,22.,2.,2.,0.,0.,2.,2.,1.,1.,1.,CT1,XDK,4033230,7920.,90,Invoiced Complete,84079576,,20241108,142553,20241114,145355,VRINCON,2024-11-08 02:18:26,0,2025-04-25 01:21:23,INFAJOB,WMIPHPICK_15_AGC_4067573_20241107190037.txt,WMI,4415da98e85ed42053d2ca87a18dca66
129502847,20241118,202411,,7002,-7002,84111707,AGC,-961,84111707,84111707,DB,3501BOLI,SOUTHERN GLAZER'S OF IL,,300 EAST CROSSROADS PARKWAY,,,BOLINGBROOK,IL,60440,840,,SOUTHERN GLAZER'S OF IL,300 EAST CROSSROADS PARKWAY,,,BOLINGBROOK,IL,60440,,840,3501-BOLI,0,,,LTL,,,20,Fully Assigned To An Outbound Shipment,20241111,20241112,20241118,194451,241112P0000,N,0,0,0,2,90,Invoiced,,2,Pickticket Completely Invoiced.,,N,N,,0,74127.6,74127.6,0.,0,19,3586867.2,0.,0.,0,33.,,TL,53,F,5,03,ACTIVITY 3,,N N,,,,3,20241112005,9,All from Reserve,2401952,12888203,961,MISCBOL,MISCBOL,DAY,,,,,,,F,***,,***,,22.,2.,2.,0.,0.,2.,2.,1.,1.,1.,CT1,XDK,4039090,7920.,90,Invoiced Complete,84111707,,20241111,150118,20241118,194451,VRINCON,2024-11-09 02:18:14,0,2025-04-25 01:21:23,INFAJOB,WMIPHPICK_15_AGC_4070794_20241108190038.txt,WMI,93acd4743902f476d04a5123a3a41e26
162295027,20241118,202411,,7002,-7002,84178031,AGC,-961,84178031,84178031,DB,85011000,SOUTHERN GLAZER'S OF OK,,315 S 85TH E AVE,,,TULSA,OK,74112,840,,SOUTHERN GLAZER'S OF OK,315 S 85TH E AVE,,,TULSA,OK,74112,,840,8501-1000,0,,,LTL,,,20,Fully Assigned To An Outbound Shipment,20241112,20241115,20241118,202613,241115P0000,N,0,0,0,2,90,Invoiced,,2,Pickticket Completely Invoiced.,,N,N,,0,104238.,104238.,0.,0,30,5044032.,0.,0.,0,46.,,TL,53,F,5,03,ACTIVITY 3,,N N,,,,15,20241115029,9,All from Reserve,2402592,12898760,961,MISCOKT,MISCOKT,DAY,,,,,,,F,***,,***,,22.,1.,1.,0.,0.,1.,1.,1.,1.,1.,CT1,XDK,4028213,7920.,90,Invoiced Complete,84178031,,20241112,130100,20241118,202613,AGUERRERO,2024-11-13 02:21:49,0,2025-04-25 01:21:23,INFAJOB,WMIPHPICK_15_AGC_4081415_20241112190036.txt,WMI,b1313bb977507835a3b2a31bbbe84e8e
162444787,20241118,202411,,7002,-7002,84178031,AGC,-961,84178031,84178031,DB,85011000,SOUTHERN GLAZER'S OF OK,,315 S 85TH E AVE,,,TULSA,OK,74112,840,,SOUTHERN GLAZER'S OF OK,315 S 85TH E AVE,,,TULSA,OK,74112,,840,8501-1000,0,,,LTL,,,20,Fully Assigned To An Outbound Shipment,20241112,20241115,20241118,202613,241115P0000,N,0,0,0,2,90,Invoiced,,2,Pickticket Completely Invoiced.,,N,N,,0,104238.,104238.,0.,0,30,5044032.,0.,0.,0,46.,,TL,53,F,5,03,ACTIVITY 3,,N N,,,,11,20241115029,9,All from Reserve,2402592,12898760,961,MISCOKT,MISCOKT,DAY,,,,,,,F,***,,***,,22.,1.,1.,0.,0.,1.,1.,1.,1.,1.,CT1,XDK,4022570,7920.,90,Invoiced Complete,84178031,,20241112,130100,20241118,202613,AGUERRERO,2024-11-13 02:21:49,0,2025-04-25 01:21:23,INFAJOB,WMIPHPICK_15_AGC_4081415_20241112190036.txt,WMI,a44892c0ccbc33327e5b2729e3e9b5e0
146941990,20241118,202411,,7002,-7002,84049227,AGC,-961,84049227,84049227,DB,6601KAPO,SOUTHERN GLAZER'S OF HI-KAPO,,91 210 HANUA STREET,,,KAPOLEI,HI,96707,840,,SOUTHERN GLAZER'S OF HI-KAPO,91 210 HANUA STREET,,,KAPOLEI,HI,96707,,840,6601-KAPO,0,,,LTL,,,20,Fully Assigned To An Outbound Shipment,20241108,20241115,20241118,193824,241115P0000,N,0,0,0,2,90,Invoiced,,2,Pickticket Completely Invoiced.,,N,N,,0,76431.6,76431.6,0.,0,30,3698956.8,0.,0.,0,33.,,TL,53,F,5,03,ACTIVITY 3,,N N,,,,2,20241115011,9,All from Reserve,2402272,13113973,961,MISCHIC,MISCHIC,DAY,,,,,,,F,***,,***,,22.,6.,6.,0.,0.,6.,6.,1.,1.,1.,CT1,XDK,4029928,7920.,90,Invoiced Complete,84049227,,20241108,163801,20241118,193824,VRINCON,2024-11-07 02:36:12,0,2025-04-25 01:21:23,INFAJOB,WMIPHPICK_15_AGC_4064351_20241106190037.txt,WMI,d6edf4454e2d1fad94d04b37d7d8fa2b
171411254,20241118,202411,,7002,-7002,84146439,AGC,-961,84146439,84146439,DB,5901BULK,SOUTHERN GLAZERS OF NE,,13855 CORNHUSKER ROAD,,,OMAHA,NE,681383906,840,,SOUTHERN GLAZERS OF NE,13855 CORNHUSKER ROAD,,,OMAHA,NE,681383906,,840,5901-BULK,0,,,LTL,,,20,Fully Assigned To An Outbound Shipment,20241111,20241115,20241118,200105,241115P0000,N,0,0,0,2,90,Invoiced,,2,Pickticket Completely Invoiced.,,N,N,,0,85711.2,85711.2,0.,0,21,4146508.,0.,0.,0,39.,,TL,53,F,5,03,ACTIVITY 3,,N N,,,,8,20241115024,9,All from Reserve,278135,12930629,961,MISCNEO,MISCNEO,DAY,,,,,,,F,***,,***,,22.,1.,1.,0.,0.,1.,1.,1.,1.,1.,CT1,XDK,4038917,7920.,90,Invoiced Complete,84146439,,20241111,111305,20241118,200105,VRINCON,2024-11-12 02:17:36,0,2025-04-25 01:21:23,INFAJOB,WMIPHPICK_15_AGC_4078195_20241111190036.txt,WMI,9b20427dd0f2bdaf54eb891168821bb9
140786761,20241118,202411,,7002,-7002,84146458,AGC,-961,84146458,84146458,DB,51011000,SOUTHERN GLAZER'S OF OH 3214991-000,,4800 POTH ROAD,,,COLUMBUS,OH,432131332,840,,SOUTHERN GLAZER'S OF OH 3214991-000,4800 POTH ROAD,,,COLUMBUS,OH,432131332,,840,5101-1000,0,,,LTL,,,20,Fully Assigned To An Outbound Shipment,20241113,20241114,20241118,113352,241114P0000,N,0,0,0,2,90,Invoiced,,2,Pickticket Completely Invoiced.,,N,N,,0,83391.6,83391.6,0.,0,23,4035225.6,0.,0.,0,36.,,TL,53,F,5,03,ACTIVITY 3,,N N,,,,5,20241114031,9,All from Reserve,9595229,13006627,961,MISCOHC,MISCOHC,DAY,,,,,,,F,***,,***,,22.,1.,1.,0.,0.,1.,1.,1.,1.,1.,CT1,XDK,4026671,7920.,90,Invoiced Complete,84146458,,20241113,175105,20241118,113352,AGUERRERO,2024-11-12 02:17:36,0,2025-04-25 01:21:23,INFAJOB,WMIPHPICK_15_AGC_4078195_20241111190036.txt,WMI,177f5a8dacc0aa9a954e4d32490f580c
152733596,20241118,202411,,7002,-7002,84244590,AGC,-961,84244590,84244590,DB,7601BULK,SOUTHERN GLAZER'S OF NM,,123 MONTANO RD NW,,,ALBUQUERQUE,NM,87107,840,,SOUTHERN GLAZER'S OF NM,123 MONTANO RD NW,,,ALBUQUERQUE,NM,87107,,840,7601-BULK,0,,,LTL,,,20,Fully Assigned To An Outbound Shipment,20241114,20241115,20241118,195258,241115P0000,N,0,0,0,2,90,Invoiced,,2,Pickticket Completely Invoiced.,,N,N,,0,50952.,50952.,0.,0,22,2465971.2,0.,0.,0,22.,,TL,53,F,5,03,ACTIVITY 3,,N N,,,,3,20241115014,9,All from Reserve,603572,12819236,961,MISCALB,MISCALB,DAY,,,,,,,F,***,,***,,22.,1.,1.,0.,0.,1.,1.,1.,1.,1.,CT1,XDK,3993033,7920.,90,Invoiced Complete,84244590,,20241114,101159,20241118,195258,VRINCON,2024-11-15 02:32:22,0,2025-04-25 01:21:23,INFAJOB,WMIPHPICK_15_AGC_4087861_20241114190036.txt,WMI,b7aec4b7a31235e00ab85ba472b91baf
178101029,20241120,202411,,7002,-7002,84244604,AGC,-961,84244604,84244604,DB,5201BULK,SOUTHERN GLAZER'S OF AZ,,2375 S 45TH AVE,,,PHOENIX,AZ,85043,840,,SOUTHERN GLAZER'S OF AZ,2375 S 45TH AVE,,,PHOENIX,AZ,85043,,840,5201-BULK,0,,,LTL,,,20,Fully Assigned To An Outbound Shipment,20241118,20241119,20241120,195011,241119P0000,N,0,0,0,2,90,Invoiced,,2,Pickticket Completely Invoiced.,,N,N,,0,90343.2,90343.2,0.,0,23,4371494.4,0.,0.,0,39.,,TL,53,F,5,03,ACTIVITY 3,,N N,,,,5,20241119021,9,All from Reserve,2028527,12886643,961,MISCPHX,MISCPHX,DAY,,,,,,,F,***,,***,,22.,2.,2.,0.,0.,2.,2.,1.,1.,1.,CT1,XDK,4029063,7920.,90,Invoiced Complete,84244604,,20241118,180139,20241120,195011,AGUERRERO,2024-11-15 02:32:22,0,2025-04-25 01:21:23,INFAJOB,WMIPHPICK_15_AGC_4087861_20241114190036.txt,WMI,c341f10aed769cb2d96c35c4ecf2b92e
165837383,20241121,202411,,7002,-7002,84318186,AGC,-961,84318186,84318186,DB,7202SPAR,SOUTHERN GLAZER'S OF NV - SPARKS,,250 LILLARD,,,SPARKS,NV,89434,840,,SOUTHERN GLAZER'S OF NV - SPARKS,250 LILLARD,,,SPARKS,NV,89434,,840,7202-SPAR,0,,,LTL,,,20,Fully Assigned To An Outbound Shipment,20241118,20241120,20241121,174311,241120P0000,N,0,0,0,2,90,Invoiced,,2,Pickticket Completely Invoiced.,,N,N,,0,1197666.6,1197666.6,0.,0,47,57949112.4,0.,0.,0,517.,,TL,53,F,5,03,ACTIVITY 3,,N N,,,,31,20241120026,9,All from Reserve,2133484,13048097,961,MISCNVS,MISCNVS,DAY,,,,,,,F,***,,***,,22.,1.,1.,0.,0.,1.,1.,1.,1.,1.,CT1,XDK,4045604,7920.,90,Invoiced Complete,84318186,,20241118,163134,20241121,174311,AGUERRERO,2024-11-19 02:18:03,0,2025-04-25 01:21:23,INFAJOB,WMIPHPICK_15_AGC_4098539_20241118190037.txt,WMI,681b7f360b02d4ce1472a43b2fcc5dc6
138828927,20241122,202411,,7002,-7002,84244632,AGC,-961,84244632,84244632,DB,7201LASV,SOUTHERN GLAZER'S OF NV - LAS VEGAS,,8400 SOUTH JONES BLVD,,,LAS VEGAS,NV,89139,840,,SOUTHERN GLAZER'S OF NV - LAS VEGAS,8400 SOUTH JONES BLVD,,,LAS VEGAS,NV,89139,,840,7201-LASV,0,,,LTL,,,20,Fully Assigned To An Outbound Shipment,20241119,20241120,20241122,101531,241120P0000,N,0,0,0,2,90,Invoiced,,2,Pickticket Completely Invoiced.,,N,N,,0,76431.6,76431.6,0.,0,30,3698956.8,0.,0.,0,33.,,TL,53,F,5,03,ACTIVITY 3,,N N,,,,4,20241120020,9,All from Reserve,428533,12991968,961,MISCNVL,MISCNVL,DAY,,,,,,,F,***,,***,,22.,1.,1.,0.,0.,1.,1.,1.,1.,1.,CT1,XDK,4042649,7920.,90,Invoiced Complete,84244632,,20241119,120107,20241122,101531,AGUERRERO,2024-11-15 02:32:22,0,2025-04-25 01:21:23,INFAJOB,WMIPHPICK_15_AGC_4087861_20241114190036.txt,WMI,fbf636261a1b9cd857b15fd8cc1296ed
159484761,20241126,202411,,7002,-7002,84357667,AGC,-961,84357667,84357667,DB,95011000,SOUTHERN GLAZER'S OF MO - RAYMORE M,,1100 S DEAN AVE,,,RAYMORE,MO,64083,840,,SOUTHERN GLAZER'S OF MO - RAYMORE M,1100 S DEAN AVE,,,RAYMORE,MO,64083,,840,9501-1000,0,,,LTL,,,20,Fully Assigned To An Outbound Shipment,20241120,20241125,20241126,165120,241125P0000,N,0,0,0,2,90,Invoiced,,2,Pickticket Completely Invoiced.,,N,N,,0,2571423.6,2571423.6,0.,0,25,124419456.,0.,0.,0,1110.,,TL,53,F,5,03,ACTIVITY 3,,N N,,,,4,20241125022,9,All from Reserve,12686107,12910067,961,MISCMOR,MISCMOR,DAY,,,,,,,F,***,,***,,22.,42.,42.,0.,0.,42.,42.,1.,1.,1.,CT1,XDK,4040793,7920.,90,Invoiced Complete,84357667,,20241120,120526,20241126,165120,JLUNA,2024-11-20 02:26:46,0,2025-04-25 01:21:23,INFAJOB,WMIPHPICK_15_AGC_4101764_20241119190036.txt,WMI,c0535494b8be423759cf64539999ef30
167522973,20241126,202411,,7002,-7002,84244534,AGC,-961,84244534,84244534,DB,6601KAPO,SOUTHERN GLAZER'S OF HI-KAPO,,91 210 HANUA STREET,,,KAPOLEI,HI,96707,840,,SOUTHERN GLAZER'S OF HI-KAPO,91 210 HANUA STREET,,,KAPOLEI,HI,96707,,840,6601-KAPO,0,,,LTL,,,20,Fully Assigned To An Outbound Shipment,20241120,20241122,20241126,171006,241122P0000,N,0,0,0,2,90,Invoiced,,2,Pickticket Completely Invoiced.,,N,N,,0,78744.,78744.,0.,0,34,3811046.4,0.,0.,0,40.,,TL,53,F,5,03,ACTIVITY 3,,N N,,,,8,20241122003,9,All from Reserve,2402272,13113973,961,MISCHIC,MISCHIC,DAY,,,,,,,F,***,,***,,22.,1.,1.,0.,0.,1.,1.,1.,1.,1.,CT1,XDK,4041972,7920.,90,Invoiced Complete,84244534,,20241120,132330,20241126,171006,JLUNA,2024-11-15 02:32:22,0,2025-04-25 01:21:23,INFAJOB,WMIPHPICK_15_AGC_4087861_20241114190036.txt,WMI,d92ca8d7e5c65ef551251b6c5b52351b
137804431,20241127,202411,,7002,-7002,84428821,AGC,-961,84428821,84428821,DB,3201COLU,SOUTHERN GLAZER'S OF SC,,7600 RICHARD ST,,,COLUMBIA,SC,29209,840,,SOUTHERN GLAZER'S OF SC,7600 RICHARD ST,,,COLUMBIA,SC,29209,,840,3201-COLU,0,,,LTL,,,20,Fully Assigned To An Outbound Shipment,20241122,20241125,20241127,153207,241125P0000,N,0,0,0,2,90,Invoiced,,2,Pickticket Completely Invoiced.,,N,N,,0,2937448.2,2937448.2,0.,0,25,142079162.8,0.,0.,0,1270.,,TL,53,F,5,03,ACTIVITY 3,,N N,,,,10,20241125031,9,All from Reserve,12685467,12945008,961,MISCCOL,MISCCOL,DAY,,,,,,,F,***,,***,,22.,41.,41.,0.,0.,41.,41.,1.,1.,1.,CT1,XDK,4039015,7920.,90,Invoiced Complete,84428821,,20241122,95657,20241127,153207,JLUNA,2024-11-22 02:21:10,0,2025-04-25 01:21:23,INFAJOB,WMIPHPICK_15_AGC_4108183_20241121190037.txt,WMI,6245a897a7eb06fdb03f0085d5dee456
139534725,20241127,202411,,7002,-7002,84429560,AGC,-961,84429560,84429560,DB,83011000,SOUTHERN GLAZERS OF IA WA 0000085,,4377 112TH STREET,,,URBANDALE,IA,503222073,840,,SOUTHERN GLAZERS OF IA WA 0000085,4377 112TH STREET,,,URBANDALE,IA,503222073,,840,8301-1000,0,,,LTL,,,20,Fully Assigned To An Outbound Shipment,20241122,20241125,20241127,152757,241125P0000,N,0,0,0,2,90,Invoiced,,2,Pickticket Completely Invoiced.,,N,N,,0,2601541.2,2601541.2,0.,0,26,125876620.8,0.,0.,0,1141.,,TL,53,F,5,03,ACTIVITY 3,,N N,,,,4,20241125034,9,All from Reserve,9594909,12906807,961,MISCIAU,MISCIAU,DAY,,,,,,,F,***,,***,,22.,14.,14.,0.,0.,14.,14.,1.,1.,1.,CT1,XDK,4044852,7920.,90,Invoiced Complete,84429560,,20241122,95527,20241127,152757,JLUNA,2024-11-22 02:21:10,0,2025-04-25 01:21:23,INFAJOB,WMIPHPICK_15_AGC_4108183_20241121190037.txt,WMI,343eab6aab4c4a827dc4208aa770d013
147335436,20241130,202411,,7002,-7002,84458350,AGC,-961,84458350,84458350,DB,77011000,SOUTHERN GLAZERS OF TN,,6290 SHELBY VIEW DR,,,MEMPHIS,TN,381347662,840,,SOUTHERN GLAZERS OF TN,6290 SHELBY VIEW DR,,,MEMPHIS,TN,381347662,,840,7701-1000,0,,,LTL,,,20,Fully Assigned To An Outbound Shipment,20241122,20241126,20241130,84941,241126P0000,N,0,0,0,2,90,Invoiced,,2,Pickticket Completely Invoiced.,,N,N,,0,2353664.4,2353664.4,0.,0,30,113883033.6,0.,0.,0,1016.,,TL,53,F,5,03,ACTIVITY 3,,N N,,,,13,20241126019,9,All from Reserve,6491550,12968114,961,MISCTEN,MISCTEN,DAY,,,,,,,F,***,,***,,22.,16.,16.,0.,0.,16.,16.,1.,1.,1.,CT1,XDK,4036726,7920.,90,Invoiced Complete,84458350,,20241122,120135,20241130,84941,EUBER,2024-11-23 03:05:26,0,2025-04-25 01:21:23,INFAJOB,WMIPHPICK_15_AGC_4111349_20241122190037.txt,WMI,960be01071a52a236e5864b5ae41ae39
148331907,20241203,202412,,7002,-7002,84215067,AGC,-961,84215067,84215067,DB,95011000,SOUTHERN GLAZER'S OF MO - RAYMORE M,,1100 S DEAN AVE,,,RAYMORE,MO,64083,840,,SOUTHERN GLAZER'S OF MO - RAYMORE M,1100 S DEAN AVE,,,RAYMORE,MO,64083,,840,9501-1000,0,,,LTL,,,20,Fully Assigned To An Outbound Shipment,20241114,20241127,20241203,114527,241127P0000,N,0,0,0,2,90,Invoiced,,2,Pickticket Completely Invoiced.,,N,N,,0,60219.6,60219.6,0.,0,23,2914329.6,0.,0.,0,26.,,TL,53,F,5,03,ACTIVITY 3,,N N,,,,6,20241127016,9,All from Reserve,12686107,12910067,961,MISCMOR,MISCMOR,DAY,,,,,,,F,***,,***,,22.,1.,1.,0.,0.,1.,1.,1.,1.,1.,CT1,XDK,4037253,7920.,90,Invoiced Complete,84215067,,20241114,165421,20241203,114527,AGUERRERO,2024-11-14 02:31:13,0,2025-04-25 01:21:23,INFAJOB,WMIPHPICK_15_AGC_4084638_20241113190036.txt,WMI,c2d8aee0ca598b8d6d336104ebc8d55a
147271342,20241204,202412,,7002,-7002,84495104,AGC,-961,84495104,84495104,DB,8001BULK,SOUTHERN GLAZER'S OF WA,,1025 VALLEY AVE NW,,,PUYALLUP,WA,98371,840,,SOUTHERN GLAZER'S OF WA,1025 VALLEY AVE NW,,,PUYALLUP,WA,98371,,840,8001-BULK,0,,,LTL,,,20,Fully Assigned To An Outbound Shipment,20241125,20241202,20241204,91334,241202P0000,N,0,0,0,2,90,Invoiced,,2,Pickticket Completely Invoiced.,,N,N,,0,2833201.8,2833201.8,0.,0,20,137060557.6,0.,0.,0,1223.,,TL,53,F,5,03,ACTIVITY 3,,N N,,,,2,20241202033,9,All from Reserve,2184675,13035126,961,MISCWAP,MISCWAP,DAY,,,,,,,F,***,,***,,22.,488.,488.,0.,0.,488.,488.,1.,1.,1.,CT1,XDK,4050159,7920.,90,Invoiced Complete,84495104,,20241125,113550,20241204,91334,VRINCON,2024-11-26 02:19:39,0,2025-04-25 01:21:23,INFAJOB,WMIPHPICK_15_AGC_4118758_20241125190037.txt,WMI,58e2d90a9318327cad128a5e78556cd9
147545729,20241205,202412,,7002,-7002,84458267,AGC,-961,84458267,84458267,DB,7201LASV,SOUTHERN GLAZER'S OF NV - LAS VEGAS,,8400 SOUTH JONES BLVD,,,LAS VEGAS,NV,89139,840,,SOUTHERN GLAZER'S OF NV - LAS VEGAS,8400 SOUTH JONES BLVD,,,LAS VEGAS,NV,89139,,840,7201-LASV,0,,,LTL,,,20,Fully Assigned To An Outbound Shipment,20241126,20241204,20241205,155812,241204P0000,N,0,0,0,2,90,Invoiced,,2,Pickticket Completely Invoiced.,,N,N,,0,2337448.8,2179920.,0.,0,27,113098406.4,0.,0.,0,1009.,,TL,53,F,5,03,ACTIVITY 3,,N N,,,,17,20241204007,9,All from Reserve,428533,12991968,961,MISCNVL,MISCNVL,DAY,,,,,,,F,***,,***,,22.,1.,1.,0.,0.,1.,1.,1.,1.,1.,CT1,XDK,4007168,7920.,90,Invoiced Complete,84458267,,20241126,92531,20241205,155812,AGUERRERO,2024-11-23 03:05:26,0,2025-04-25 01:21:23,INFAJOB,WMIPHPICK_15_AGC_4111349_20241122190037.txt,WMI,c53ef59aea241d3d82b65b51532eee2a
155267469,20241205,202412,,7002,-7002,84537996,AGC,-961,84537996,84537996,DB,1401BULK,SOUTHERN GLAZER'S OF FL,,4440 OLD TAMPA HIGHWAY,,,LAKELAND,FL,33811,840,,SOUTHERN GLAZER'S OF FL,4440 OLD TAMPA HIGHWAY,,,LAKELAND,FL,33811,,840,1401-BULK,0,,,LTL,,,20,Fully Assigned To An Outbound Shipment,20241127,20241203,20241205,124527,241203P0000,N,0,0,0,2,90,Invoiced,,2,Pickticket Completely Invoiced.,,N,N,,0,2409261.6,2409261.6,0.,0,26,116571973.2,0.,0.,0,1040.,,TL,53,F,5,03,ACTIVITY 3,,N N,,,,8,20241203023,9,All from Reserve,161017,13060051,961,MISCLAK,MISCLAK,DAY,,,,,,,F,***,,***,,22.,616.,616.,0.,0.,616.,616.,1.,1.,1.,CT1,XDK,4047084,7920.,90,Invoiced Complete,84537996,,20241127,91921,20241205,124527,VRINCON,2024-11-27 02:18:23,0,2025-04-25 01:21:23,INFAJOB,WMIPHPICK_15_AGC_4121981_20241126190036.txt,WMI,e27a15ba2c6b1f1ac202accece6c22b8
151602439,20241206,202412,,7002,-7002,84671353,AGC,-961,84671353,84671353,DB,7201LASV,SOUTHERN GLAZER'S OF NV - LAS VEGAS,,8400 SOUTH JONES BLVD,,,LAS VEGAS,NV,89139,840,,SOUTHERN GLAZER'S OF NV - LAS VEGAS,8400 SOUTH JONES BLVD,,,LAS VEGAS,NV,89139,,840,7201-LASV,0,,,LTL,,,20,Fully Assigned To An Outbound Shipment,20241204,20241205,20241206,111143,241205P0000,N,0,0,0,2,90,Invoiced,,2,Pickticket Completely Invoiced.,,N,N,,0,3694975.8,3694975.8,0.,0,32,178757888.8,0.,0.,0,1654.,,TL,53,F,5,03,ACTIVITY 3,,N N,,,,13,20241205008,9,All from Reserve,428533,12991968,961,MISCNVL,MISCNVL,DAY,,,,,,,F,***,,***,,22.,9.,9.,0.,0.,9.,9.,1.,1.,1.,CT1,XDK,4045550,7920.,90,Invoiced Complete,84671353,,20241204,172839,20241206,111143,AGUERRERO,2024-12-04 02:19:04,0,2025-04-25 01:21:23,INFAJOB,WMIPHPICK_15_AGC_4146993_20241203190036.txt,WMI,221ac1bd1bbcb453ca98e4aabd407d8c
